time,ticker,start_time,price,ticker_id,charm_per_one_percent_move_dir,charm_per_one_percent_move_oi,charm_per_one_percent_move_vol,gamma_per_one_percent_move_dir,gamma_per_one_percent_move_oi,gamma_per_one_percent_move_vol,vanna_per_one_percent_move_dir,vanna_per_one_percent_move_oi,vanna_per_one_percent_move_vol
2026-05-19T10:30:31.000000Z,MRVL,2026-05-19T10:30:00.000000Z,166.3,7168,0,-862060294.9,0,0,203293.81,0,0.00,1428407.78,0.00
2026-05-19T10:44:50.229000Z,MRVL,2026-05-19T10:44:00.000000Z,165.99,7168,0,-3373777208.01,0,0,10023986.24,0,0.00,6240540.83,0.00
2026-05-19T10:46:50.824000Z,MRVL,2026-05-19T10:46:00.000000Z,165.99,7168,0,-3367662554.81,0,0,9072742.86,0,0.00,6171768.27,0.00
2026-05-19T10:47:50.855000Z,MRVL,2026-05-19T10:47:00.000000Z,166.34,7168,0,-3373951434.98,0,0,8980250.29,0,0.00,6174359.83,0.00
2026-05-19T10:48:47.847000Z,MRVL,2026-05-19T10:48:00.000000Z,166.71,7168,0,-3384246404.31,0,0,9570029.18,0,0.00,6227878.55,0.00
2026-05-19T10:55:50.596000Z,MRVL,2026-05-19T10:55:00.000000Z,166.1784,7168,0,-3375781633.38,0,0,9951037.88,0,0.00,6239220.26,0.00
2026-05-19T10:56:50.434000Z,MRVL,2026-05-19T10:56:00.000000Z,166.1784,7168,0,-3373374525.63,0,0,10118609.76,0,0.00,6251661.31,0.00
2026-05-19T11:00:52.712000Z,MRVL,2026-05-19T11:00:00.000000Z,166.1784,7168,0,-3372826453.56,0,0,10010847.18,0,0.00,6243244.77,0.00
2026-05-19T11:01:52.556000Z,MRVL,2026-05-19T11:01:00.000000Z,166.1784,7168,0,-3369377426.06,0,0,9188303.16,0,0.00,6180632.48,0.00
2026-05-19T11:02:52.280000Z,MRVL,2026-05-19T11:02:00.000000Z,166.54,7168,0,-3378671694.87,0,0,9898374.17,0,0.00,6243621.30,0.00
2026-05-19T11:03:52.747000Z,MRVL,2026-05-19T11:03:00.000000Z,166.55,7168,0,-3379466058.01,0,0,9790924.59,0,0.00,6234651.48,0.00
2026-05-19T11:04:52.253000Z,MRVL,2026-05-19T11:04:00.000000Z,166.78,7168,0,-3384004869.02,0,0,9829998.68,0,0.00,6243823.57,0.00
2026-05-19T11:05:52.515000Z,MRVL,2026-05-19T11:05:00.000000Z,166.5416,7168,0,-3380004149.91,0,0,9934557.61,0,0.00,6243319.64,0.00
2026-05-19T11:07:53.004000Z,MRVL,2026-05-19T11:07:00.000000Z,166.54,7168,0,-3378689506,0,0,9791665.4,0,0.00,6233524.04,0.00
2026-05-19T11:08:52.611000Z,MRVL,2026-05-19T11:08:00.000000Z,166.7414,7168,0,-3382373366.8,0,0,9813441.06,0,0.00,6240328.54,0.00
2026-05-19T11:09:51.350000Z,MRVL,2026-05-19T11:09:00.000000Z,166.5206,7168,0,-3379028274.13,0,0,10029772.99,0,0.00,6248810.57,0.00
2026-05-19T11:10:52.848000Z,MRVL,2026-05-19T11:10:00.000000Z,166.5206,7168,0,-3377613123.54,0,0,9835384.49,0,0.00,6235136.37,0.00
2026-05-19T11:11:50.800000Z,MRVL,2026-05-19T11:11:00.000000Z,166.935,7168,0,-3385502903.45,0,0,9788117.56,0,0.00,6243162.61,0.00
2026-05-19T11:12:50.429000Z,MRVL,2026-05-19T11:12:00.000000Z,166.935,7168,0,-3388091254.5,0,0,10313782.16,0,0.00,6280199.06,0.00
2026-05-19T11:13:52.273000Z,MRVL,2026-05-19T11:13:00.000000Z,166.935,7168,0,-3387753518.06,0,0,10271429.52,0,0.00,6276730.14,0.00
2026-05-19T11:15:52.607000Z,MRVL,2026-05-19T11:15:00.000000Z,167,7168,0,-3389237306.46,0,0,10388459.82,0,0.00,6287033.45,0.00
2026-05-19T11:16:52.437000Z,MRVL,2026-05-19T11:16:00.000000Z,166.5,7168,0,-3378874222.73,0,0,10338396.21,0,0.00,6268240.32,0.00
2026-05-19T11:17:50.696000Z,MRVL,2026-05-19T11:17:00.000000Z,166.85,7168,0,-3382549739.31,0,0,9778152.26,0,0.00,6238277.41,0.00
2026-05-19T11:18:47.720000Z,MRVL,2026-05-19T11:18:00.000000Z,166.98,7168,0,-3387290655.08,0,0,10216464.12,0,0.00,6272755.32,0.00
2026-05-19T11:19:52.353000Z,MRVL,2026-05-19T11:19:00.000000Z,167.272,7168,0,-3394335327.85,0,0,10556186.03,0,0.00,6305626.76,0.00
2026-05-19T11:20:50.891000Z,MRVL,2026-05-19T11:20:00.000000Z,167.272,7168,0,-3395344198.19,0,0,10766032.89,0,0.00,6319460.36,0.00
2026-05-19T11:21:50.322000Z,MRVL,2026-05-19T11:21:00.000000Z,167.24,7168,0,-3392382166.14,0,0,10127041.86,0,0.00,6270760.57,0.00
2026-05-19T11:22:50.768000Z,MRVL,2026-05-19T11:22:00.000000Z,166.5,7168,0,-3379099747.57,0,0,10628182.51,0,0.00,6286943.95,0.00
2026-05-19T11:23:50.406000Z,MRVL,2026-05-19T11:23:00.000000Z,166.5,7168,0,-3374289357.72,0,0,9737172.18,0,0.00,6223420.45,0.00
2026-05-19T11:24:50.768000Z,MRVL,2026-05-19T11:24:00.000000Z,166.5,7168,0,-3374250278.16,0,0,9785046.8,0,0.00,6226705.88,0.00
2026-05-19T11:25:50.897000Z,MRVL,2026-05-19T11:25:00.000000Z,166.5,7168,0,-3375079005.8,0,0,10097696.39,0,0.00,6249495.40,0.00
2026-05-19T11:27:47.928000Z,MRVL,2026-05-19T11:27:00.000000Z,167.03,7168,0,-3384442512.27,0,0,9799261.25,0,0.00,6242337.67,0.00
2026-05-19T11:28:50.427000Z,MRVL,2026-05-19T11:28:00.000000Z,166.4,7168,0,-3374686349.3,0,0,10362095.7,0,0.00,6263512.40,0.00
2026-05-19T11:29:52.299000Z,MRVL,2026-05-19T11:29:00.000000Z,166.4,7168,0,-3370413577.34,0,0,9606054.55,0,0.00,6209323.48,0.00
2026-05-19T11:30:52.258000Z,MRVL,2026-05-19T11:30:00.000000Z,166.66,7168,0,-3375827359.82,0,0,9743908.03,0,0.00,6226773.17,0.00
2026-05-19T11:32:50.683000Z,MRVL,2026-05-19T11:32:00.000000Z,166.4152,7168,0,-3372058491.5,0,0,9919483.28,0,0.00,6231330.12,0.00
2026-05-19T11:33:52.697000Z,MRVL,2026-05-19T11:33:00.000000Z,166.4152,7168,0,-3370294291.62,0,0,9703353.86,0,0.00,6215798.42,0.00
2026-05-19T11:34:52.560000Z,MRVL,2026-05-19T11:34:00.000000Z,166.4152,7168,0,-3370169899.98,0,0,9727256.24,0,0.00,6217280.44,0.00
2026-05-19T11:35:50.684000Z,MRVL,2026-05-19T11:35:00.000000Z,166.62,7168,0,-3374229439.18,0,0,9784170.96,0,0.00,6227099.14,0.00
2026-05-19T11:36:49.737000Z,MRVL,2026-05-19T11:36:00.000000Z,166.618,7168,0,-3374968731.47,0,0,9907648.27,0,0.00,6234904.43,0.00
2026-05-19T11:38:50.852000Z,MRVL,2026-05-19T11:38:00.000000Z,166.618,7168,0,-3374730411.47,0,0,9892459.82,0,0.00,6233802.84,0.00
2026-05-19T11:39:47.835000Z,MRVL,2026-05-19T11:39:00.000000Z,166.618,7168,0,-3373638405.55,0,0,9679116.81,0,0.00,6217285.25,0.00
2026-05-19T11:40:52.451000Z,MRVL,2026-05-19T11:40:00.000000Z,165.75,7168,0,-3354193556.51,0,0,9058332.69,0,0.00,6145591.98,0.00
2026-05-19T11:41:52.814000Z,MRVL,2026-05-19T11:41:00.000000Z,165.5,7168,0,-3345114694.83,0,0,8736740.91,0,0.00,6116407.41,0.00
2026-05-19T11:42:52.451000Z,MRVL,2026-05-19T11:42:00.000000Z,165.304,7168,0,-3338320957.48,0,0,8422251.43,0,0.00,6086748.59,0.00
2026-05-19T11:44:50.633000Z,MRVL,2026-05-19T11:44:00.000000Z,165.4645,7168,0,-3339627736.01,0,0,8207786.19,0,0.00,6075108.68,0.00
2026-05-19T11:46:47.820000Z,MRVL,2026-05-19T11:46:00.000000Z,165.5,7168,0,-3341635131.24,0,0,8465801.96,0,0.00,6094967.30,0.00
2026-05-19T11:47:52.750000Z,MRVL,2026-05-19T11:47:00.000000Z,165.4208,7168,0,-3339734637.03,0,0,8434157.58,0,0.00,6089612.16,0.00
2026-05-19T11:48:52.732000Z,MRVL,2026-05-19T11:48:00.000000Z,165.07,7168,0,-3331758415.11,0,0,8305585.33,0,0.00,6069449.80,0.00
2026-05-19T11:49:52.699000Z,MRVL,2026-05-19T11:49:00.000000Z,165.07,7168,0,-3327705067.08,0,0,7765965.19,0,0.00,6028014.07,0.00
2026-05-19T11:50:52.312000Z,MRVL,2026-05-19T11:50:00.000000Z,165.01,7168,0,-3327114603.14,0,0,7947378.03,0,0.00,6040127.78,0.00
2026-05-19T11:51:52.525000Z,MRVL,2026-05-19T11:51:00.000000Z,164.66,7168,0,-3317879765.97,0,0,7540230.85,0,0.00,5997785.16,0.00
2026-05-19T11:52:52.856000Z,MRVL,2026-05-19T11:52:00.000000Z,164.66,7168,0,-3316862855.51,0,0,7773974.55,0,0.00,6016334.14,0.00
2026-05-19T11:57:52.693000Z,MRVL,2026-05-19T11:57:00.000000Z,165.1886,7168,0,-3328254619.11,0,0,8046679.82,0,0.00,6052693.90,0.00
2026-05-19T11:58:52.470000Z,MRVL,2026-05-19T11:58:00.000000Z,164.9734,7168,0,-3325764526.33,0,0,8024089.96,0,0.00,6042495.79,0.00
2026-05-19T11:59:53.198000Z,MRVL,2026-05-19T11:59:00.000000Z,164.9734,7168,0,-3324211044.5,0,0,7955547.02,0,0.00,6037224.74,0.00
2026-05-19T12:00:52.524000Z,MRVL,2026-05-19T12:00:00.000000Z,164.6457,7168,0,-3316508084.34,0,0,7714463.24,0,0.00,6008552.86,0.00
2026-05-19T12:01:53.819000Z,MRVL,2026-05-19T12:01:00.000000Z,164.6457,7168,0,-3312833397.55,0,0,7361287.82,0,0.00,5980647.49,0.00
2026-05-19T12:02:53.106000Z,MRVL,2026-05-19T12:02:00.000000Z,164.6433,7168,0,-3311997236.88,0,0,7245886.22,0,0.00,5971038.16,0.00
2026-05-19T12:03:53.081000Z,MRVL,2026-05-19T12:03:00.000000Z,165.56,7168,0,-3330816799.49,0,0,7440460.25,0,0.00,6013054.04,0.00
2026-05-19T12:04:52.827000Z,MRVL,2026-05-19T12:04:00.000000Z,165.06,7168,0,-3329626288.19,0,0,8455993.93,0,0.00,6075663.73,0.00
2026-05-19T12:05:52.894000Z,MRVL,2026-05-19T12:05:00.000000Z,165.06,7168,0,-3326885365.41,0,0,8393538.34,0,0.00,6071590.87,0.00
2026-05-19T12:08:53.003000Z,MRVL,2026-05-19T12:08:00.000000Z,165,7168,0,-3325456675.91,0,0,8379590.17,0,0.00,6068491.97,0.00
2026-05-19T12:10:51.063000Z,MRVL,2026-05-19T12:10:00.000000Z,164.75,7168,0,-3317289625.56,0,0,7782475.08,0,0.00,6014281.13,0.00
2026-05-19T12:12:52.885000Z,MRVL,2026-05-19T12:12:00.000000Z,164.8001,7168,0,-3315233128.36,0,0,7496224.82,0,0.00,5992909.49,0.00
2026-05-19T12:13:52.718000Z,MRVL,2026-05-19T12:13:00.000000Z,165.3884,7168,0,-3327238705.31,0,0,7608494.59,0,0.00,6018290.59,0.00
2026-05-19T12:14:51.331000Z,MRVL,2026-05-19T12:14:00.000000Z,164.87,7168,0,-3322444310.01,0,0,8247585.74,0,0.00,6051682.29,0.00
2026-05-19T12:15:49.339000Z,MRVL,2026-05-19T12:15:00.000000Z,164.85,7168,0,-3316791257.76,0,0,7640404.93,0,0.00,6004469.25,0.00
2026-05-19T12:17:53.083000Z,MRVL,2026-05-19T12:17:00.000000Z,164.915,7168,0,-3318750253.8,0,0,7856453.17,0,0.00,6023053.89,0.00
2026-05-19T12:18:53.289000Z,MRVL,2026-05-19T12:18:00.000000Z,164.8501,7168,0,-3316696082.1,0,0,7692835.84,0,0.00,6007665.03,0.00
2026-05-19T12:19:51.186000Z,MRVL,2026-05-19T12:19:00.000000Z,164.75,7168,0,-3313794968.32,0,0,7607878.03,0,0.00,5997847.80,0.00
2026-05-19T12:20:53.200000Z,MRVL,2026-05-19T12:20:00.000000Z,164.83,7168,0,-3314117413.59,0,0,7498945.18,0,0.00,5991390.68,0.00
2026-05-19T12:21:52.392000Z,MRVL,2026-05-19T12:21:00.000000Z,164.9137,7168,0,-3316486995.55,0,0,7599703.99,0,0.00,6001413.16,0.00
2026-05-19T12:22:53.113000Z,MRVL,2026-05-19T12:22:00.000000Z,164.7795,7168,0,-3314498551.58,0,0,7684734.52,0,0.00,6003818.23,0.00
2026-05-19T12:23:53.029000Z,MRVL,2026-05-19T12:23:00.000000Z,165.0745,7168,0,-3318782242.47,0,0,7555610.32,0,0.00,6002089.37,0.00
2026-05-19T12:24:52.747000Z,MRVL,2026-05-19T12:24:00.000000Z,165.49,7168,0,-3330059540.26,0,0,7940150.56,0,0.00,6043626.10,0.00
2026-05-19T12:25:53.756000Z,MRVL,2026-05-19T12:25:00.000000Z,165,7168,0,-3323818109.36,0,0,8379590.17,0,0.00,6062135.23,0.00
2026-05-19T12:27:51.026000Z,MRVL,2026-05-19T12:27:00.000000Z,165,7168,0,-3319060822.92,0,0,7806112.04,0,0.00,6018464.07,0.00
2026-05-19T12:28:53.263000Z,MRVL,2026-05-19T12:28:00.000000Z,165,7168,0,-3318372253.53,0,0,7736022.04,0,0.00,6012408.86,0.00
2026-05-19T12:29:52.689000Z,MRVL,2026-05-19T12:29:00.000000Z,164.7761,7168,0,-3313982637.02,0,0,7784941.1,0,0.00,6009428.59,0.00
2026-05-19T12:30:52.595000Z,MRVL,2026-05-19T12:30:00.000000Z,164.7761,7168,0,-3311404214.06,0,0,7524367.66,0,0.00,5988903.49,0.00
2026-05-19T12:31:51.214000Z,MRVL,2026-05-19T12:31:00.000000Z,166.344,7168,0,-3346721380.79,0,0,8671395.07,0,0.00,6122743.61,0.00
2026-05-19T12:32:52.962000Z,MRVL,2026-05-19T12:32:00.000000Z,166.344,7168,0,-3355889728.08,0,0,9516136.74,0,0.00,6182138.16,0.00
2026-05-19T12:34:53.201000Z,MRVL,2026-05-19T12:34:00.000000Z,165.79,7168,0,-3344433923.2,0,0,9429182.64,0,0.00,6159468.87,0.00
2026-05-19T12:36:53.464000Z,MRVL,2026-05-19T12:36:00.000000Z,166,7168,0,-3345230840.16,0,0,9085678.59,0,0.00,6140794.58,0.00
2026-05-19T12:37:52.497000Z,MRVL,2026-05-19T12:37:00.000000Z,166.6951,7168,0,-3360369152.26,0,0,9400866.01,0,0.00,6183183.28,0.00
2026-05-19T12:39:52.532000Z,MRVL,2026-05-19T12:39:00.000000Z,166.8,7168,0,-3366238504.71,0,0,10007673.94,0,0.00,6228419.18,0.00
2026-05-19T12:40:52.669000Z,MRVL,2026-05-19T12:40:00.000000Z,166.8,7168,0,-3366497902.13,0,0,10134117.27,0,0.00,6236844.00,0.00
2026-05-19T12:41:51.114000Z,MRVL,2026-05-19T12:41:00.000000Z,152.5,7168,0,-3077338490.86,0,0,8370218.36,0,0.00,5693650.37,0.00
2026-05-19T12:43:52.963000Z,MRVL,2026-05-19T12:43:00.000000Z,166.0345,7168,0,-3350455191.65,0,0,9921875.61,0,0.00,6198966.16,0.00
2026-05-19T12:44:52.774000Z,MRVL,2026-05-19T12:44:00.000000Z,166.0345,7168,0,-3345049009.71,0,0,9089455.56,0,0.00,6138729.56,0.00
2026-05-19T12:45:50.861000Z,MRVL,2026-05-19T12:45:00.000000Z,166.2,7168,0,-3347808402.36,0,0,8988880.73,0,0.00,6135648.94,0.00
2026-05-19T12:46:53.166000Z,MRVL,2026-05-19T12:46:00.000000Z,166.1,7168,0,-3347273793.44,0,0,9333863.81,0,0.00,6157842.28,0.00
2026-05-19T12:47:53.119000Z,MRVL,2026-05-19T12:47:00.000000Z,166.1,7168,0,-3346373527.96,0,0,9215216.73,0,0.00,6148959.96,0.00
2026-05-19T12:48:52.830000Z,MRVL,2026-05-19T12:48:00.000000Z,166.14,7168,0,-3345650311.59,0,0,8804442.73,0,0.00,6118987.53,0.00
2026-05-19T12:49:50.907000Z,MRVL,2026-05-19T12:49:00.000000Z,165.5984,7168,0,-3336152635.01,0,0,9206807.29,0,0.00,6133223.29,0.00
2026-05-19T12:51:52.499000Z,MRVL,2026-05-19T12:51:00.000000Z,165.61,7168,0,-3334158934.78,0,0,9196303.56,0,0.00,6134000.27,0.00
2026-05-19T12:52:52.822000Z,MRVL,2026-05-19T12:52:00.000000Z,165.61,7168,0,-3331836950.51,0,0,8583241.3,0,0.00,6087099.40,0.00
2026-05-19T12:53:51.282000Z,MRVL,2026-05-19T12:53:00.000000Z,166.1124,7168,0,-3341946391.11,0,0,8694736.04,0,0.00,6109747.62,0.00
2026-05-19T12:56:47.830000Z,MRVL,2026-05-19T12:56:00.000000Z,166.1124,7168,0,-3345470081.92,0,0,9275915.91,0,0.00,6151761.15,0.00
2026-05-19T12:57:53.106000Z,MRVL,2026-05-19T12:57:00.000000Z,165.88,7168,0,-3340730071.39,0,0,9415728.15,0,0.00,6154712.91,0.00
2026-05-19T12:58:52.879000Z,MRVL,2026-05-19T12:58:00.000000Z,165.88,7168,0,-3338180117.04,0,0,8930650.63,0,0.00,6118653.61,0.00
2026-05-19T12:59:52.748000Z,MRVL,2026-05-19T12:59:00.000000Z,165.83,7168,0,-3337130579.82,0,0,8972537.29,0,0.00,6120073.08,0.00
2026-05-19T13:00:52.697000Z,MRVL,2026-05-19T13:00:00.000000Z,165.83,7168,0,-3335628610.36,0,0,8629716.78,0,0.00,6094075.83,0.00
2026-05-19T13:02:52.980000Z,MRVL,2026-05-19T13:02:00.000000Z,165.83,7168,0,-3335350641.67,0,0,8606060.78,0,0.00,6091994.07,0.00
2026-05-19T13:04:53.521000Z,MRVL,2026-05-19T13:04:00.000000Z,165.83,7168,0,-3336826027.57,0,0,9185281.91,0,0.00,6135022.09,0.00
2026-05-19T13:05:53.250000Z,MRVL,2026-05-19T13:05:00.000000Z,166,7168,0,-3339329934.7,0,0,9038309.7,0,0.00,6128267.09,0.00
2026-05-19T13:06:53.170000Z,MRVL,2026-05-19T13:06:00.000000Z,165.4,7168,0,-3327819421.62,0,0,9020117.68,0,0.00,6108890.49,0.00
2026-05-19T13:07:53.771000Z,MRVL,2026-05-19T13:07:00.000000Z,165.59,7168,0,-3327164144.5,0,0,8451420.09,0,0.00,6072578.48,0.00
2026-05-19T13:08:53.442000Z,MRVL,2026-05-19T13:08:00.000000Z,165.59,7168,0,-3325921660.73,0,0,7968005.28,0,0.00,6034873.39,0.00
2026-05-19T13:09:53.595000Z,MRVL,2026-05-19T13:09:00.000000Z,165.3,7168,0,-3320886836.63,0,0,8186769.55,0,0.00,6042999.22,0.00
2026-05-19T13:10:53.608000Z,MRVL,2026-05-19T13:10:00.000000Z,165.16,7168,0,-3315304131.44,0,0,7844677.27,0,0.00,6012820.40,0.00
2026-05-19T13:11:53.523000Z,MRVL,2026-05-19T13:11:00.000000Z,165.08,7168,0,-3313543320.4,0,0,8000963.97,0,0.00,6022578.39,0.00
2026-05-19T13:12:53.355000Z,MRVL,2026-05-19T13:12:00.000000Z,165.08,7168,0,-3311908212.56,0,0,7753227.77,0,0.00,6003147.00,0.00
2026-05-19T13:13:52.903000Z,MRVL,2026-05-19T13:13:00.000000Z,165.14,7168,0,-3311830362.72,0,0,7527178.62,0,0.00,5986826.98,0.00
2026-05-19T13:14:53.015000Z,MRVL,2026-05-19T13:14:00.000000Z,165.14,7168,0,-3313973352.72,0,0,7983341.66,0,0.00,6022115.63,0.00
2026-05-19T13:16:54.095000Z,MRVL,2026-05-19T13:16:00.000000Z,165.01,7168,0,-3311905770.47,0,0,8158069.24,0,0.00,6031533.44,0.00
2026-05-19T13:18:53.599000Z,MRVL,2026-05-19T13:18:00.000000Z,165.01,7168,0,-3309506574.32,0,0,7818745.79,0,0.00,6004882.35,0.00
2026-05-19T13:24:53.659000Z,MRVL,2026-05-19T13:24:00.000000Z,165.3103,7168,0,-3315426911.37,0,0,7998524,0,0.00,6025302.19,0.00
2026-05-19T13:25:53.586000Z,MRVL,2026-05-19T13:25:00.000000Z,164.0374,7168,0,-3290299212.64,0,0,7830846.33,0,0.00,5974807.58,0.00
2026-05-19T13:26:53.266000Z,MRVL,2026-05-19T13:26:00.000000Z,164.5,7168,0,-3287915912.3,0,0,6953117.4,0,0.00,5919270.37,0.00
2026-05-19T13:27:53.641000Z,MRVL,2026-05-19T13:27:00.000000Z,163.41,7168,0,-3269950812.7,0,0,7085098.18,0,0.00,5897796.80,0.00
2026-05-19T13:28:51.901000Z,MRVL,2026-05-19T13:28:00.000000Z,162.81,7168,0,-3245109070.19,0,0,6075730.26,0,0.00,5795824.76,0.00
2026-05-19T13:30:02.000000Z,MRVL,2026-05-19T13:30:00.000000Z,163.29,7168,-5972.07,-3242308796.04,5972.07,217.12,4990056.97,-217.12,6.49,5713648.30,-6.49
2026-05-19T13:31:30.000000Z,MRVL,2026-05-19T13:31:00.000000Z,166.505,7168,-1567492.22,-2961563149.3,-12244884.62,23784.5,8541867.39,70133.8,-10.86,5505395.75,10578.40
2026-05-19T13:32:34.000000Z,MRVL,2026-05-19T13:32:00.000000Z,169.78,7168,2428459.69,-3019814368.87,-19947796.49,-47399,8881193.34,153784.98,-3210.11,5613681.82,15752.71
2026-05-19T13:33:06.000000Z,MRVL,2026-05-19T13:33:00.000000Z,170.35,7168,974108.83,-2924968057.98,-18340410.11,-49821.44,13106795.22,191075.08,-2958.18,4920624.92,16921.76
2026-05-19T13:37:48.000000Z,MRVL,2026-05-19T13:37:00.000000Z,172.4899,7168,-3099896.81,-3375733868.11,-66018604.85,-72381.47,11836994.06,506936.06,-4245.88,5996381.18,52371.80
2026-05-19T13:38:50.000000Z,MRVL,2026-05-19T13:38:00.000000Z,172.1201,7168,-1643640.87,-2922328369.7,-70042694.74,-107056.46,16327507.66,693599.6,-809.00,4399455.31,61436.27
2026-05-19T13:39:50.000000Z,MRVL,2026-05-19T13:39:00.000000Z,171.36,7168,-3674948.86,-3278840464.67,-77958021.84,-68089.73,16951835.32,792628.36,1523.69,6154850.07,71794.28
2026-05-19T13:40:50.000000Z,MRVL,2026-05-19T13:40:00.000000Z,170.9052,7168,-5372387.85,-3270138220.02,-85519625.43,-56362.7,16861972.3,866488.42,1963.55,6138514.72,80062.88
2026-05-19T13:41:54.000000Z,MRVL,2026-05-19T13:41:00.000000Z,169.69,7168,-5587055.84,-3412485277.43,-90316352.56,-15882.09,14680726.31,827908.09,1709.53,6240040.05,83755.15
2026-05-19T13:42:58.000000Z,MRVL,2026-05-19T13:42:00.000000Z,169.92,7168,-1639639.54,-3279464269.2,-97167629.92,-53182.8,13882924.84,877351.08,-191.45,5829311.49,88916.85
2026-05-19T13:43:58.000000Z,MRVL,2026-05-19T13:43:00.000000Z,170.11,7168,-2169261.18,-3283131278.44,-104152738.8,-43332.74,13913989.23,922969.81,-283.38,5835829.67,92985.51
2026-05-19T13:44:58.000000Z,MRVL,2026-05-19T13:44:00.000000Z,169.995,7168,570378.68,-3449652440.86,-108634922.24,-73402.01,13508685.1,956222.9,-3248.68,6274708.14,98707.29
2026-05-19T13:45:58.000000Z,MRVL,2026-05-19T13:45:00.000000Z,169.88,7168,2849540.25,-3254765746.54,-114800270.15,-76531.05,13857629.77,1135973.47,11227.61,6024405.47,119088.22
2026-05-19T13:46:58.000000Z,MRVL,2026-05-19T13:46:00.000000Z,168.2542,7168,3952675.1,-3223616711.04,-118121259.21,-121053.79,13593656.06,1147714.07,9537.69,5966750.19,121393.80
2026-05-19T13:47:58.000000Z,MRVL,2026-05-19T13:47:00.000000Z,169.43,7168,6694565.2,-3533185639.75,-129541505.82,-118539.35,12128702.83,1173161.04,9701.43,6329156.36,127956.95
2026-05-19T13:48:28.000000Z,MRVL,2026-05-19T13:48:00.000000Z,169.36,7168,6170750.99,-3531725904.19,-129557234.17,-104027.6,12118682.95,1088137.69,12386.95,6326541.46,112187.47
2026-05-19T13:49:30.000000Z,MRVL,2026-05-19T13:49:00.000000Z,169.4741,7168,1465686.25,-3334032401.49,-134447627.97,-50932.88,12221791.54,1151345.69,14594.00,6142172.53,114999.70
2026-05-19T13:50:40.000000Z,MRVL,2026-05-19T13:50:00.000000Z,169.245,7168,1054556.94,-3632320862.21,-138430553.58,-30491.24,10362070.22,1138702.22,17443.81,6461588.07,117069.63
2026-05-19T13:51:40.000000Z,MRVL,2026-05-19T13:51:00.000000Z,169.06,7168,1316636.87,-3628350408.96,-138527753.03,-33097.03,10339429.25,1139975.86,18001.53,6454524.97,117715.67
2026-05-19T13:52:46.000000Z,MRVL,2026-05-19T13:52:00.000000Z,169.56,7168,2077091.5,-3487609482.67,-140364724.33,-52685.08,12237710.35,1201531.78,16841.74,6387484.06,121841.21
2026-05-19T13:53:48.000000Z,MRVL,2026-05-19T13:53:00.000000Z,170.075,7168,2519542.43,-3344614872.66,-138951660.29,-57390.73,12959750.51,1267117.88,16890.16,6069793.65,121709.60
2026-05-19T13:54:50.000000Z,MRVL,2026-05-19T13:54:00.000000Z,170.8,7168,4069766.25,-3303979601.98,-141976174.51,-85883.82,13682440.95,1354236.68,15452.51,5992086.97,124609.63
2026-05-19T13:55:58.000000Z,MRVL,2026-05-19T13:55:00.000000Z,170.545,7168,4079521.87,-3279240731.5,-146333557.71,-106047.25,15108189.13,1415762.53,15703.48,5966040.35,129931.35
2026-05-19T13:56:30.000000Z,MRVL,2026-05-19T13:56:00.000000Z,169.91,7168,6086767.24,-3230490523.03,-147936610.85,-192353.52,16147577.58,1542426.5,10461.92,5856701.87,136784.09
2026-05-19T13:57:36.000000Z,MRVL,2026-05-19T13:57:00.000000Z,170.025,7168,-5868609.17,-3474720640.71,-172252407.59,-205003.06,13312499.97,1600125.5,11716.66,6438760.25,152427.16
2026-05-19T13:58:38.000000Z,MRVL,2026-05-19T13:58:00.000000Z,169.17,7168,-7148148.37,-3457247409.43,-174469316.98,-209824.54,13178948.21,1611026.66,12588.51,6406381.83,155142.83
2026-05-19T13:59:42.000000Z,MRVL,2026-05-19T13:59:00.000000Z,169.125,7168,-7770619.03,-3490054714.62,-180441365.96,-202694.26,13065086.36,1602593.7,12484.36,6436599.85,159384.71
2026-05-19T14:00:46.000000Z,MRVL,2026-05-19T14:00:00.000000Z,169.07,7168,-9212203.8,-3472517142.68,-184471465.69,-162542.64,12095567.59,1626403.03,13598.72,6402266.71,161489.22
2026-05-19T14:01:48.000000Z,MRVL,2026-05-19T14:01:00.000000Z,168.455,7168,-9828799.27,-3459885699.82,-184321942.63,-174898.19,12007731.25,1646814.47,13723.51,6378978.17,161414.75
2026-05-19T14:02:48.000000Z,MRVL,2026-05-19T14:02:00.000000Z,168.3,7168,-12493093.84,-3447096038.35,-190215654.12,-171184.12,12508205.56,1702776.92,15265.05,6371453.08,166041.98
2026-05-19T14:03:54.000000Z,MRVL,2026-05-19T14:03:00.000000Z,168.25,7168,-14067623.9,-3560395844.62,-198136266.96,-169238.54,11437792.42,1712050.13,18258.78,6457324.36,171502.98
2026-05-19T14:04:54.000000Z,MRVL,2026-05-19T14:04:00.000000Z,168.585,7168,-14686975.57,-3572249025.67,-201483271.11,-163396.01,11417856.3,1751074.35,19243.16,6487157.49,175045.94
2026-05-19T14:05:54.000000Z,MRVL,2026-05-19T14:05:00.000000Z,167.54,7168,-15555290.1,-3563730740.62,-203407136.75,-175490.68,11225018.31,1758276.67,20788.06,6464816.84,177657.05
2026-05-19T14:06:56.000000Z,MRVL,2026-05-19T14:06:00.000000Z,167.21,7168,-15902437.34,-3574748236.81,-212216180.7,-172453.73,9137011.14,1698332.25,21973.02,6460145.41,180466.41
2026-05-19T14:07:58.000000Z,MRVL,2026-05-19T14:07:00.000000Z,167,7168,-23862086.16,-3570258689.96,-223710314.13,-125786.76,9114075.1,1776259.17,25752.09,6452032.07,197790.88
2026-05-19T14:08:58.000000Z,MRVL,2026-05-19T14:08:00.000000Z,166.925,7168,-26633484.73,-3575229522.64,-229778103.06,-120736.08,9745353.76,1807669.64,27284.26,6473201.12,203190.87
2026-05-19T14:09:30.000000Z,MRVL,2026-05-19T14:09:00.000000Z,166.9,7168,-31099899.34,-3574694068.16,-234388330.65,-86358.16,9742434.9,1844726.7,29376.83,6472231.64,205617.40
2026-05-19T14:10:30.000000Z,MRVL,2026-05-19T14:10:00.000000Z,166.855,7168,-28691595,-3589358228.51,-237038430.16,-166525.86,9269390.35,1775816.2,28117.67,6517539.08,206938.01
2026-05-19T14:11:32.000000Z,MRVL,2026-05-19T14:11:00.000000Z,166.86,7168,-29029794.04,-3589465787.71,-240014594.32,-170953.27,9269945.89,1819455.18,27613.06,6517734.39,213335.63
2026-05-19T14:12:34.000000Z,MRVL,2026-05-19T14:12:00.000000Z,167.31,7168,-29700710.09,-3498517358.66,-236775099.58,-121668.39,10256078.96,1840831.3,42075.41,6356360.72,201239.89
2026-05-19T14:13:34.000000Z,MRVL,2026-05-19T14:13:00.000000Z,167.495,7168,-31788782.03,-3372361552.57,-239730798.77,-67114.33,10412982.48,1920729.74,52875.88,6175345.88,213606.16
2026-05-19T14:14:34.000000Z,MRVL,2026-05-19T14:14:00.000000Z,166.515,7168,-31572123.96,-3352630131.8,-239383659.65,-73482.49,10291487.87,1915654.13,50285.48,6139214.41,217259.96
2026-05-19T14:15:38.000000Z,MRVL,2026-05-19T14:15:00.000000Z,166,7168,-37788000.79,-3597637186.36,-255367564.72,6021.3,8967867.95,1924326.87,53680.60,6478142.11,225289.93
2026-05-19T14:16:38.000000Z,MRVL,2026-05-19T14:16:00.000000Z,165.65,7168,-37590884.11,-3590051806.75,-256071829.73,-24237.76,8930091.5,1933213.91,50760.93,6464483.37,229100.79
2026-05-19T14:17:42.000000Z,MRVL,2026-05-19T14:17:00.000000Z,165.45,7168,-34972462.8,-3612786767.92,-264668200.69,-31165.45,7562357.63,1889044.89,49982.38,6538057.12,234008.31
2026-05-19T14:18:42.000000Z,MRVL,2026-05-19T14:18:00.000000Z,165.665,7168,-37182340.54,-3614238254.76,-269700099.65,-41504.18,7031639.31,1883141.05,53201.42,6571562.80,240041.78
2026-05-19T14:19:44.000000Z,MRVL,2026-05-19T14:19:00.000000Z,165.635,7168,-69764536.5,-3613583758.36,-304263108.88,-248612.7,7029092.85,1678073.95,71502.76,6570372.77,260712.88
2026-05-19T14:20:46.000000Z,MRVL,2026-05-19T14:20:00.000000Z,165.08,7168,-67273320.84,-3345573984.84,-303826646.41,-313802.74,7787454.63,1727992.27,66256.79,5838137.99,268192.07
2026-05-19T14:21:52.000000Z,MRVL,2026-05-19T14:21:00.000000Z,164.905,7168,-69201926.01,-3540711092.05,-307154121.62,-337854.69,7272951.82,1667603.69,70100.36,6487989.26,274655.41
2026-05-19T14:22:54.000000Z,MRVL,2026-05-19T14:22:00.000000Z,164.89,7168,-68955015.1,-3585699395.7,-311100106.85,-347580.97,7170265.34,1656712.9,69495.27,6556770.87,280274.03
2026-05-19T14:23:58.000000Z,MRVL,2026-05-19T14:23:00.000000Z,165.84,7168,-69186939.45,-3548446460.5,-314255123.82,-360787.65,7818842.61,1725465.95,69391.51,6538474.91,286136.49
2026-05-19T14:24:58.000000Z,MRVL,2026-05-19T14:24:00.000000Z,166.41,7168,-74372294.09,-3479862847.74,-319587436.29,-172217.11,8511531.56,1999365.86,85959.10,6466604.23,300177.88
2026-05-19T14:25:58.000000Z,MRVL,2026-05-19T14:25:00.000000Z,166.2,7168,-67852712.77,-3276772185.82,-322721691.58,-171983.32,9412558.43,2114445.85,86371.13,5933909.62,304812.09
2026-05-19T14:26:58.000000Z,MRVL,2026-05-19T14:26:00.000000Z,166.31,7168,-95160493.11,-3278940927.94,-354914369.71,-56133.37,9425022.02,2254703.19,130986.80,5937837.00,354918.90
2026-05-19T14:27:30.000000Z,MRVL,2026-05-19T14:27:00.000000Z,166.3,7168,-95723152.17,-3348264764.62,-356655345.44,-58965.79,9111229.33,2242197.12,130604.97,6103929.90,356841.20
2026-05-19T14:28:32.000000Z,MRVL,2026-05-19T14:28:00.000000Z,167.265,7168,-98224366.32,-3358264938.12,-354775456.36,-39526.28,9401004.2,2267704.31,131730.69,6085247.68,357881.07
2026-05-19T14:29:34.000000Z,MRVL,2026-05-19T14:29:00.000000Z,166.8,7168,-97122224.34,-3348928895.33,-354168131.41,-141953.8,9348806.9,2168268.26,126069.32,6068330.57,353139.01
2026-05-19T14:30:42.000000Z,MRVL,2026-05-19T14:30:00.000000Z,165.895,7168,-96836307.33,-3472235243.49,-359688716.42,-138555.21,9295183.77,2141902.51,126797.98,6426067.99,356713.01
2026-05-19T14:31:42.000000Z,MRVL,2026-05-19T14:31:00.000000Z,167.325,7168,-96279868.06,-3502165599.43,-367415334.32,-147012.25,9456121.72,2183438.91,127858.01,6481460.12,362435.41
2026-05-19T14:32:46.000000Z,MRVL,2026-05-19T14:32:00.000000Z,167.08,7168,-94346313.87,-3229076625.43,-360751754.35,-168799.29,10374218.57,2346235.7,119310.75,5593183.96,367497.96
2026-05-19T14:33:46.000000Z,MRVL,2026-05-19T14:33:00.000000Z,166.735,7168,-94332866.48,-3381949353.64,-367652693.6,-201848.56,9586139.69,2244315.36,117784.65,6241991.42,370734.97
2026-05-19T14:34:58.000000Z,MRVL,2026-05-19T14:34:00.000000Z,166.25,7168,-96670001.39,-3372111914.37,-369714883.38,-167925.2,9530452.34,2269796.33,119760.72,6223834.67,373227.37
2026-05-19T14:35:30.000000Z,MRVL,2026-05-19T14:35:00.000000Z,166.575,7168,-96987029.7,-3434715893.96,-373720667.24,-167065.11,9401914.82,2248250.66,120937.87,6361049.45,374991.61
2026-05-19T14:36:38.000000Z,MRVL,2026-05-19T14:36:00.000000Z,166.79,7168,-99702430.94,-3433544534.23,-373468212.85,-123609.86,10015379.08,2317965.12,123600.43,6390965.26,377729.84
2026-05-19T14:37:42.000000Z,MRVL,2026-05-19T14:37:00.000000Z,167.2,7168,-99025706.06,-3441984807.98,-376201979.31,-122897.35,10064678.83,2328074.55,123778.06,6406675.41,379181.20
2026-05-19T14:38:42.000000Z,MRVL,2026-05-19T14:38:00.000000Z,167.84,7168,-94022119.12,-3290798438.94,-377402406.07,-115729.45,10706142.66,2425621.55,121468.49,5863978.14,382590.45
2026-05-19T14:39:46.000000Z,MRVL,2026-05-19T14:39:00.000000Z,168.005,7168,-78982083.97,-3225099473.55,-389822394.79,-110021.07,11417293.63,2533415.14,112421.88,5556130.81,392701.66
2026-05-19T14:40:54.000000Z,MRVL,2026-05-19T14:40:00.000000Z,167.7,7168,-79238169.55,-3510318085.07,-399351582.07,-128714.83,10720695.58,2446050.77,112604.35,6267697.17,398204.01
2026-05-19T14:41:24.000000Z,MRVL,2026-05-19T14:41:00.000000Z,168.1,7168,-79108741.54,-3601861725.28,-402282428.36,-133250.74,10424560.85,2408474.83,112338.89,6546784.42,400044.25
2026-05-19T14:42:36.000000Z,MRVL,2026-05-19T14:42:00.000000Z,168,7168,-79091211.24,-3210131247.02,-393217195.06,-100880.74,11373748.91,2579835.78,115584.98,5536480.12,398468.94
2026-05-19T14:43:38.000000Z,MRVL,2026-05-19T14:43:00.000000Z,167.79,7168,-78451781.73,-3223161703.1,-394176045.08,-101329.52,11285627.69,2557122.89,114707.08,5609282.04,398271.53
2026-05-19T14:44:44.000000Z,MRVL,2026-05-19T14:44:00.000000Z,167.14,7168,-79258877.16,-3260588476.64,-397609904.94,-94230.09,10841923.35,2529621.51,116397.85,5780752.32,402655.43
2026-05-19T14:45:48.000000Z,MRVL,2026-05-19T14:45:00.000000Z,167.4963,7168,-77139521.25,-3505558698.27,-409899107.14,-173330.34,10181089.36,2392999.18,101314.46,6489835.74,396587.72
2026-05-19T14:46:48.000000Z,MRVL,2026-05-19T14:46:00.000000Z,167.43,7168,-77055796.31,-3582484989.47,-410686430.07,-173012.69,10413628.31,2433701.42,100666.07,6548900.92,397133.64
2026-05-19T14:47:48.000000Z,MRVL,2026-05-19T14:47:00.000000Z,166.735,7168,-80812644.34,-3567614135.58,-413570972.86,-154968.52,10327354.04,2433427.42,102925.65,6521716.50,398764.08
2026-05-19T14:48:50.000000Z,MRVL,2026-05-19T14:48:00.000000Z,166.76,7168,-81034032,-3635311934.49,-423289031.37,-156921.63,9525914.76,2394867.6,103403.35,6589119.65,407961.14
2026-05-19T14:49:50.000000Z,MRVL,2026-05-19T14:49:00.000000Z,167.21,7168,-83141448.92,-3589014748.82,-422146949.46,-143660.27,9594324.79,2444863.75,104802.86,6575723.93,408411.56
2026-05-19T14:50:52.000000Z,MRVL,2026-05-19T14:50:00.000000Z,167.635,7168,-84453465.32,-3598136997.9,-424211149.84,-130462.73,9643158.83,2454787.3,105292.02,6592437.55,410363.30
2026-05-19T14:51:56.000000Z,MRVL,2026-05-19T14:51:00.000000Z,167.91,7168,-83101304.23,-3455696886.85,-420002876.11,-166783.66,10734017.93,2653406.93,105381.00,6408088.19,410569.37
2026-05-19T14:52:56.000000Z,MRVL,2026-05-19T14:52:00.000000Z,168.7219,7168,-82855594.5,-3311019306.49,-422333462.94,-131252.7,10660199.18,2681658.95,104136.38,6049572.30,415462.85
2026-05-19T14:53:34.000000Z,MRVL,2026-05-19T14:53:00.000000Z,169.06,7168,-81863999.86,-3242471363.72,-417820712.38,-112861.41,11496303.38,2757647.41,103980.35,5678582.24,412665.35
2026-05-19T14:54:34.000000Z,MRVL,2026-05-19T14:54:00.000000Z,169.11,7168,-85136256.91,-3203709188.83,-415626424.05,-11623.78,11930560.02,2816535.28,111376.13,5577207.03,412845.74
2026-05-19T14:55:34.000000Z,MRVL,2026-05-19T14:55:00.000000Z,168.8464,7168,-86066258.42,-3178256976.4,-416463974.77,13948.89,12035814.02,2833497.61,113560.97,5384795.67,414090.43
2026-05-19T14:56:34.000000Z,MRVL,2026-05-19T14:56:00.000000Z,168.65,7168,-85851009.32,-3334818757.04,-423566254.53,20951.99,11981494.56,2768004.23,114730.76,6179154.84,417523.71
2026-05-19T14:57:34.000000Z,MRVL,2026-05-19T14:57:00.000000Z,169.44,7168,-87937851.67,-3460260284.52,-425995323.48,17009.92,11690092.07,2776573.86,114178.32,6409672.89,419116.55
2026-05-19T14:58:34.000000Z,MRVL,2026-05-19T14:58:00.000000Z,169.39,7168,-88681021.15,-3225441643.79,-421104639.74,98194.81,13398083.79,3091622.69,128010.78,5495190.96,434900.32
2026-05-19T14:59:34.000000Z,MRVL,2026-05-19T14:59:00.000000Z,169.625,7168,-88838504.49,-3244832780.31,-424139144.95,117424.57,13574947.84,3140356.61,130338.22,5668350.29,439886.07
2026-05-19T15:00:36.000000Z,MRVL,2026-05-19T15:00:00.000000Z,169.55,7168,-88961934.3,-3285485353.24,-427609884.74,102864.05,12472052.16,3016469.41,128854.27,6017131.04,447176.55
2026-05-19T15:01:44.000000Z,MRVL,2026-05-19T15:01:00.000000Z,169.765,7168,-89334372,-3338570677.21,-428235009.58,101383.09,12846804.61,3074983.19,127512.65,6114706.07,448570.89
2026-05-19T15:02:46.000000Z,MRVL,2026-05-19T15:02:00.000000Z,170.06,7168,-88871235.02,-3270693058,-425148080.86,110678.11,13448635.14,3172728.44,128491.03,6022916.64,446841.07
2026-05-19T15:03:50.000000Z,MRVL,2026-05-19T15:03:00.000000Z,169.96,7168,-85460165.54,-3300603821.38,-430800034.48,44444.35,13438593.25,3243169.17,121314.93,6112595.32,458454.55
2026-05-19T15:04:56.000000Z,MRVL,2026-05-19T15:04:00.000000Z,169.8183,7168,-85984790.91,-3381309258.56,-431997479.32,44747.51,14052119.23,3274414.62,120732.44,6147679.42,461094.88
2026-05-19T15:05:56.000000Z,MRVL,2026-05-19T15:05:00.000000Z,169.32,7168,-85091081.44,-3247053194.58,-430485275.63,29097.86,13619658.62,3268814.38,120743.73,5952356.87,457955.36
2026-05-19T15:06:26.000000Z,MRVL,2026-05-19T15:06:00.000000Z,169.34,7168,-86566961.84,-3247436735,-432096246.92,39895.4,13622876.31,3284958.37,121093.71,5953059.96,459596.62
2026-05-19T15:07:34.000000Z,MRVL,2026-05-19T15:07:00.000000Z,169.06,7168,-86768659.01,-3501332064.64,-446271296.38,9232.86,12446121.05,3149722.14,121883.01,6478934.34,470033.69
2026-05-19T15:08:36.000000Z,MRVL,2026-05-19T15:08:00.000000Z,169.3756,7168,-87132974.94,-3541258066.83,-448217516.97,11733.6,12427575.84,3177839.22,123260.46,6520158.89,473071.26
2026-05-19T15:09:36.000000Z,MRVL,2026-05-19T15:09:00.000000Z,169.265,7168,-86649399.38,-3538945672.71,-449518599.25,10379.76,12411351.06,3174734.63,122303.08,6515901.31,473361.28
2026-05-19T15:10:38.000000Z,MRVL,2026-05-19T15:10:00.000000Z,170.17,7168,-89568864.04,-3603164583.9,-452769470.09,95087.74,12127160.1,3106419.72,124812.51,6592548.10,475523.40
2026-05-19T15:11:38.000000Z,MRVL,2026-05-19T15:11:00.000000Z,170.36,7168,-90242187.47,-3269554731.95,-439987152.23,144821.79,13796982.24,3393260.91,122993.92,5957812.73,472772.07
2026-05-19T15:12:38.000000Z,MRVL,2026-05-19T15:12:00.000000Z,170.575,7168,-91752907.53,-3236397302.01,-444206018.33,164601.39,13767898.48,3373107.72,123489.18,5724515.74,474284.91
2026-05-19T15:13:42.000000Z,MRVL,2026-05-19T15:13:00.000000Z,170.91,7168,-91240993.25,-3326296214.22,-448197710.38,164814.68,13833302.16,3423001.02,122444.34,6088883.36,475967.04
2026-05-19T15:14:42.000000Z,MRVL,2026-05-19T15:14:00.000000Z,171.22,7168,-88678885.02,-3184149250.36,-446515694.21,155179.33,14677682.94,3597495.64,120668.44,5426610.31,476712.83
2026-05-19T15:15:42.000000Z,MRVL,2026-05-19T15:15:00.000000Z,171.81,7168,-85685218.45,-3124282886.83,-447685171.16,158474.24,14758129.84,3802866.3,109462.31,4904400.70,523349.00
2026-05-19T15:16:46.000000Z,MRVL,2026-05-19T15:16:00.000000Z,171.775,7168,-83847817.13,-3134356351.06,-449795685.41,164342.97,15036808.46,3883433.79,107328.90,4913906.18,526615.17
2026-05-19T15:17:46.000000Z,MRVL,2026-05-19T15:17:00.000000Z,172.05,7168,-82635238.46,-3139374240.72,-455333990.13,137868.78,15084992.8,3973888.19,106181.68,4921773.01,530934.95
2026-05-19T15:18:48.000000Z,MRVL,2026-05-19T15:18:00.000000Z,172.1,7168,-81870055.14,-3110300869.26,-457874901.39,130761.76,15528094.28,4131868.35,105431.36,4431108.15,534460.45
2026-05-19T15:19:48.000000Z,MRVL,2026-05-19T15:19:00.000000Z,171.335,7168,-82824293.3,-3106556421.58,-463029059.2,183457.99,15133429.64,4135185.47,104882.04,4396945.22,536426.65
2026-05-19T15:20:50.000000Z,MRVL,2026-05-19T15:20:00.000000Z,172.02,7168,-84811216.15,-3378650413.55,-481435807.51,159522.3,15476542.97,4107852.02,106325.47,6173894.39,551302.09
2026-05-19T15:21:52.000000Z,MRVL,2026-05-19T15:21:00.000000Z,172.37,7168,-85732749.04,-3300825333.36,-473376986.07,172800.95,16084639.95,4218618.39,106913.48,6016684.67,541986.24
2026-05-19T15:22:56.000000Z,MRVL,2026-05-19T15:22:00.000000Z,172.27,7168,-83582197.1,-3231864466.95,-476712975.62,162780.39,16594109.32,4340072.08,105362.55,5814754.43,544852.56
2026-05-19T15:23:56.000000Z,MRVL,2026-05-19T15:23:00.000000Z,171.71,7168,-83283777.03,-3227826241.9,-483598983.44,178672.91,16330016.36,4362168.75,106542.45,5761975.06,552947.73
2026-05-19T15:24:30.000000Z,MRVL,2026-05-19T15:24:00.000000Z,171.8,7168,-83768836.98,-3359323169.51,-492858191.57,183952.45,15631924.32,4284118.46,106262.57,6199733.12,559029.12
2026-05-19T15:25:30.000000Z,MRVL,2026-05-19T15:25:00.000000Z,171.64,7168,-83702302.4,-3356194579.83,-494519167.7,189050.55,15602821.37,4309350.65,107334.59,6193959.22,560932.55
2026-05-19T15:26:32.000000Z,MRVL,2026-05-19T15:26:00.000000Z,172.36,7168,-83719379.7,-3420537600.81,-497738082.12,164129.23,15931647.52,4388733.79,107463.64,6343369.38,565215.30
2026-05-19T15:27:32.000000Z,MRVL,2026-05-19T15:27:00.000000Z,172.4784,7168,-78343104.55,-3290468668.83,-494445781.11,147415.39,16573864.93,4546675.97,105513.63,6034003.33,564378.66
2026-05-19T15:28:34.000000Z,MRVL,2026-05-19T15:28:00.000000Z,172.19,7168,-73707725,-3409093353.85,-510658438.79,86551.83,15982089.22,4583422.94,102086.38,6241511.21,570008.49
2026-05-19T15:29:38.000000Z,MRVL,2026-05-19T15:29:00.000000Z,172.4,7168,-72543244.71,-3413251026.22,-512948850.61,72707.23,16021095.96,4619151.58,100956.30,6249123.26,572588.11
2026-05-19T15:30:38.000000Z,MRVL,2026-05-19T15:30:00.000000Z,172.07,7168,-53678326.6,-3265710281.81,-494506709.36,-485932.72,17115149.63,4530717.53,93932.75,5914922.69,575355.51
2026-05-19T15:31:38.000000Z,MRVL,2026-05-19T15:31:00.000000Z,173.16,7168,-63100339.62,-3382150712.06,-514921895.07,-214022.27,16580243.03,4837019.15,106303.91,6204359.51,592431.59
2026-05-19T15:32:38.000000Z,MRVL,2026-05-19T15:32:00.000000Z,173.3301,7168,-61731683.74,-3126271769.51,-537365618.19,-135855.22,16623848.25,5645979.75,108783.08,4799781.38,737052.90
2026-05-19T15:33:40.000000Z,MRVL,2026-05-19T15:33:00.000000Z,172.9,7168,-60224819.25,-3220843455.6,-548897034.7,-175814.67,17783465.48,5841732.04,109677.20,5778074.87,748510.11
2026-05-19T15:34:40.000000Z,MRVL,2026-05-19T15:34:00.000000Z,172.98,7168,-55215042.11,-3434418520.05,-571174136.09,-210298.19,16830296.34,5669711.09,106385.35,6319155.87,758567.40
2026-05-19T15:35:40.000000Z,MRVL,2026-05-19T15:35:00.000000Z,172.6399,7168,-54211742.8,-3445134804.53,-573760546.43,-201819.06,16758642.27,5675527.77,108621.93,6361592.99,762134.25
2026-05-19T15:36:42.000000Z,MRVL,2026-05-19T15:36:00.000000Z,173.32,7168,-53961430.72,-3515131546.57,-573240452.71,-220264.59,16557753.35,5711986.67,106868.30,6420036.55,760992.95
2026-05-19T15:37:46.000000Z,MRVL,2026-05-19T15:37:00.000000Z,173.13,7168,-54036276.39,-3148499321.36,-564552945.41,-173753.57,17321891.38,5994828.3,108105.94,5301301.93,761491.43
2026-05-19T15:38:46.000000Z,MRVL,2026-05-19T15:38:00.000000Z,173.44,7168,-54858096.32,-3350785659.08,-573606722.35,-209353.22,17646154.26,5967501.66,106801.09,6200911.76,764989.59
2026-05-19T15:39:48.000000Z,MRVL,2026-05-19T15:39:00.000000Z,173.635,7168,-75617604.21,-3270825277.76,-590691509.86,-19214.07,18019980.49,6289890.53,116075.98,6056944.90,772978.84
2026-05-19T15:40:48.000000Z,MRVL,2026-05-19T15:40:00.000000Z,173.6701,7168,-73617205.22,-3335272644.27,-597846496.15,-42459.75,17984160.96,6239636.3,115268.28,6028708.45,775739.28
2026-05-19T15:41:50.000000Z,MRVL,2026-05-19T15:41:00.000000Z,174.25,7168,-75139783.82,-3209975212.87,-597912223.47,-42719.7,18580938.6,6490512.64,116492.01,5585553.72,778933.60
2026-05-19T15:42:52.000000Z,MRVL,2026-05-19T15:42:00.000000Z,174.53,7168,-67661727.66,-3190782742.87,-602106157.92,-156676.39,19105717.37,6757852.54,95311.20,5786763.77,801890.46
2026-05-19T15:43:52.000000Z,MRVL,2026-05-19T15:43:00.000000Z,174.16,7168,-67791751.14,-3215058400.55,-609573919.68,-164156.11,19055544.51,6758250.6,95674.10,5726670.52,805492.83
2026-05-19T15:44:54.000000Z,MRVL,2026-05-19T15:44:00.000000Z,174.805,7168,-62925231.11,-3328655739.46,-623602021.74,-247195.76,18907149.52,6829785.77,92645.81,6051573.22,816359.45
2026-05-19T15:45:54.000000Z,MRVL,2026-05-19T15:45:00.000000Z,174.76,7168,-57125952.3,-3213802452.82,-617956075.09,-141598.02,19988833.77,7029487.41,88893.57,5761382.34,810330.50
2026-05-19T15:46:54.000000Z,MRVL,2026-05-19T15:46:00.000000Z,174.26,7168,-56631139.98,-3223735391.36,-629082265.64,-68878.29,20000402.73,6955685.14,89396.87,5766424.47,817639.12
2026-05-19T15:47:56.000000Z,MRVL,2026-05-19T15:47:00.000000Z,174.22,7168,-58669039.2,-3362925834,-641837893.86,-87730.57,19112669.13,6823912.84,90983.84,6196107.18,825383.75
2026-05-19T15:48:56.000000Z,MRVL,2026-05-19T15:48:00.000000Z,174.3,7168,-43409611.81,-3499705640.77,-668354201.21,-148211.88,18511883.26,6721184.2,84859.78,6403690.19,839447.45
2026-05-19T15:49:58.000000Z,MRVL,2026-05-19T15:49:00.000000Z,174.35,7168,-40604884.93,-3411555891.65,-664703115.98,-146458.74,19426681.41,6914394.98,83419.61,6266174.44,839295.40
2026-05-19T15:50:30.000000Z,MRVL,2026-05-19T15:50:00.000000Z,174.39,7168,-37235754.45,-3417223757.31,-669521028.25,-191781.43,19367009.25,6932202.47,80680.08,6268304.17,841422.69
2026-05-19T15:51:32.000000Z,MRVL,2026-05-19T15:51:00.000000Z,174.42,7168,-36609504.9,-3445192697.52,-672090465.3,-188304.21,19165824.54,6935067.95,81370.66,6304677.95,842756.06
2026-05-19T15:52:34.000000Z,MRVL,2026-05-19T15:52:00.000000Z,174.62,7168,-36426171.38,-3437576227.48,-678399230.51,-190192.77,19154753.5,6949891.41,81460.84,6254413.13,848796.16
2026-05-19T15:53:36.000000Z,MRVL,2026-05-19T15:53:00.000000Z,175.05,7168,-39338386.92,-3292448549.68,-673848226.17,-173060.13,19783334.35,7140454.02,81195.95,6013290.99,849967.87
2026-05-19T15:54:36.000000Z,MRVL,2026-05-19T15:54:00.000000Z,174.42,7168,-40101853.72,-3257503641.83,-672683864.17,-134966.3,19745103.97,7090955.97,82456.68,5926580.04,846389.51
2026-05-19T15:55:36.000000Z,MRVL,2026-05-19T15:55:00.000000Z,174.32,7168,-40384181.77,-3464554766.51,-692253327.33,-170258.63,18976636.99,7019470.2,83089.41,6371234.18,862781.15
2026-05-19T15:56:36.000000Z,MRVL,2026-05-19T15:56:00.000000Z,174.645,7168,-39797460.82,-3423778999.54,-691830588.38,-176784.75,19380880.7,7128948.71,83324.92,6310193.91,865605.33
2026-05-19T15:57:36.000000Z,MRVL,2026-05-19T15:57:00.000000Z,174.93,7168,-39845582.82,-3395380824.84,-685772027.18,-226179.82,19691797.72,7246403.31,77559.38,6254083.45,862128.07
2026-05-19T15:58:40.000000Z,MRVL,2026-05-19T15:58:00.000000Z,174.5899,7168,-40776773.22,-3279617403.3,-680547522.66,-196521.29,19927050.1,7273925.52,78413.35,6009383.63,857519.45
2026-05-19T15:59:44.000000Z,MRVL,2026-05-19T15:59:00.000000Z,174.8625,7168,-38530154.25,-3311925009.4,-687935516.58,-240424.12,19914001.85,7350455.85,76426.79,6110553.47,864427.24
2026-05-19T16:00:46.000000Z,MRVL,2026-05-19T16:00:00.000000Z,175.36,7168,-33541123.13,-3223511804.25,-688710706.18,-268826.82,20311678.37,7471075.77,72896.98,5698325.69,863569.91
2026-05-19T16:01:48.000000Z,MRVL,2026-05-19T16:01:00.000000Z,175.47,7168,-29228010.8,-3225533852.02,-696120302.51,-315191.79,20337168.62,7565576.64,69800.64,5701900.15,870644.95
2026-05-19T16:02:50.000000Z,MRVL,2026-05-19T16:02:00.000000Z,176.21,7168,-27550818.33,-3143350827.26,-693283023.58,-349667.23,21056697.11,7910912.35,69062.64,5501227.40,867671.43
2026-05-19T16:03:50.000000Z,MRVL,2026-05-19T16:03:00.000000Z,176.285,7168,-22781170.5,-3242367738.86,-705330758.46,-363139,20947900.56,7833521.24,65688.39,5846819.87,886665.60
2026-05-19T16:04:52.000000Z,MRVL,2026-05-19T16:04:00.000000Z,176.525,7168,-23878259.38,-3150809162.18,-699995633.03,-329862.69,21114200.73,7974178.82,67377.25,5394396.61,883204.57
2026-05-19T16:05:56.000000Z,MRVL,2026-05-19T16:05:00.000000Z,176.51,7168,-20471624.48,-3154326181.27,-699395450.71,-421001.08,21689454.98,8147090.26,56743.23,5560490.41,891925.56
2026-05-19T16:06:56.000000Z,MRVL,2026-05-19T16:06:00.000000Z,175.94,7168,-27196005.84,-3106347326.66,-694526566.3,-353050.5,21875571.56,8294039.24,62438.16,5434656.50,889648.19
2026-05-19T16:07:56.000000Z,MRVL,2026-05-19T16:07:00.000000Z,176.08,7168,-21746268.36,-3450245767.86,-738977947.13,-391029.58,20704939.35,8078717.63,57628.75,6307248.29,924864.41
2026-05-19T16:08:26.000000Z,MRVL,2026-05-19T16:08:00.000000Z,176.1,7168,-22232915.73,-3450637663.11,-741218676.03,-371238.17,20709643.15,8103621.03,60312.84,6307964.70,928671.43
2026-05-19T16:09:34.000000Z,MRVL,2026-05-19T16:09:00.000000Z,175.89,7168,-24120269.28,-3375241183.66,-732012989.33,-348637.35,21206842.78,8200401.7,61624.62,6214923.18,924955.72
2026-05-19T16:10:34.000000Z,MRVL,2026-05-19T16:10:00.000000Z,175.72,7168,-23063898.04,-3453136329.8,-744237389.79,-348673.36,20809617.78,8105083.17,59253.85,6302499.77,932215.86
2026-05-19T16:11:34.000000Z,MRVL,2026-05-19T16:11:00.000000Z,176.3799,7168,-21237629.49,-3474902528.84,-747474323.17,-363063.82,21007823.12,8220320.42,57011.30,6354082.75,937274.51
2026-05-19T16:12:38.000000Z,MRVL,2026-05-19T16:12:00.000000Z,176.01,7168,-26942869.37,-3210572913.37,-724461646.94,-230761.19,21813352.3,8552172.03,60994.42,5907108.49,925619.83
2026-05-19T16:13:40.000000Z,MRVL,2026-05-19T16:13:00.000000Z,175.95,7168,-24228169.05,-3384128684.36,-746862930.3,-277377.53,21177826.47,8364703.85,59250.55,6229058.03,942716.78
2026-05-19T16:14:42.000000Z,MRVL,2026-05-19T16:14:00.000000Z,175.735,7168,-23682847.64,-3468715219.69,-757075091.2,-291537.4,20821256.75,8278762.66,58919.38,6376367.95,950923.99
2026-05-19T16:15:46.000000Z,MRVL,2026-05-19T16:15:00.000000Z,176.355,7168,-26026035.18,-3308079164.58,-738824418.24,-342046.02,21816513.76,8511155.57,61130.70,6151962.32,944922.80
2026-05-19T16:16:46.000000Z,MRVL,2026-05-19T16:16:00.000000Z,176.54,7168,-27303115.21,-3224072857.24,-734156804.94,-336146.45,22009101.62,8580427.07,59605.35,5888607.20,941949.93
2026-05-19T16:17:48.000000Z,MRVL,2026-05-19T16:17:00.000000Z,176.43,7168,-24378744.75,-3273441677.23,-744932809.17,-360278.43,21524464.98,8489834.39,58413.21,6000700.02,950644.94
2026-05-19T16:18:50.000000Z,MRVL,2026-05-19T16:18:00.000000Z,176.45,7168,-22419222.91,-3272777504.56,-749385122.36,-368677.48,21590164.08,8527425.81,57804.24,6006118.57,954742.30
2026-05-19T16:19:52.000000Z,MRVL,2026-05-19T16:19:00.000000Z,176.585,7168,-19023278.52,-3279423211.22,-755574889.33,-390401.53,21584992.07,8573568.28,58257.43,6005111.09,958334.80
2026-05-19T16:20:54.000000Z,MRVL,2026-05-19T16:20:00.000000Z,176.935,7168,-18783276.33,-3187886024.06,-745675915.23,-372926.62,21810610.33,8700083.04,63845.04,5621192.76,947829.55
2026-05-19T16:21:30.000000Z,MRVL,2026-05-19T16:21:00.000000Z,177.05,7168,-18166363.5,-3189958010.34,-747433786.18,-387166.55,21838971.43,8729177.18,64054.42,5624846.29,949410.90
2026-05-19T16:22:34.000000Z,MRVL,2026-05-19T16:22:00.000000Z,176.815,7168,-19654759.24,-3160428544.27,-744450119.06,-369321.83,22134007.3,8750669.82,64995.03,5598257.39,947001.07
2026-05-19T16:23:34.000000Z,MRVL,2026-05-19T16:23:00.000000Z,177.065,7168,-13814587.38,-3268419296.57,-762531353.99,-417171.15,22060653.81,8794704.97,60886.82,5964052.94,966092.47
2026-05-19T16:24:36.000000Z,MRVL,2026-05-19T16:24:00.000000Z,176.79,7168,-23709268.78,-3163768104.39,-755191566.69,-317211.83,22867909.34,9219139.47,69654.51,5758232.93,959938.65
2026-05-19T16:25:40.000000Z,MRVL,2026-05-19T16:25:00.000000Z,177.445,7168,-14560372.87,-3355521755.43,-788608757.29,-381365.08,22381975.95,9138819.14,61940.62,6187727.04,985344.21
2026-05-19T16:26:42.000000Z,MRVL,2026-05-19T16:26:00.000000Z,177.7,7168,-5286290.35,-3190365958.92,-775501598.97,-558854.24,23139467.72,9563342.96,56652.00,5800962.96,981238.42
2026-05-19T16:27:42.000000Z,MRVL,2026-05-19T16:27:00.000000Z,177.93,7168,-2908154.86,-3231680760.61,-792713918.6,-576927.17,23028982.25,9575491.03,55527.95,5816772.24,990545.72
2026-05-19T16:28:42.000000Z,MRVL,2026-05-19T16:28:00.000000Z,178.26,7168,-2646395.04,-3125874776.52,-780115033.06,-514101.16,23552727.66,9727599.63,66676.11,5495462.89,966530.77
2026-05-19T16:29:42.000000Z,MRVL,2026-05-19T16:29:00.000000Z,178.3126,7168,6634223.79,-3021865868.76,-786746748.05,-643929.57,23304942.97,9905535.6,56801.32,4723394.29,975385.02
2026-05-19T16:30:42.000000Z,MRVL,2026-05-19T16:30:00.000000Z,178.79,7168,13831054.74,-3111313807.35,-800193876.79,-742819.79,23733074.32,10046696.81,46831.42,5393410.72,993629.06
2026-05-19T16:31:42.000000Z,MRVL,2026-05-19T16:31:00.000000Z,179.1799,7168,13843071.46,-3021885760.31,-797229293.42,-725863.16,24084407.07,10327387.59,45224.17,4767135.65,991058.23
2026-05-19T16:32:42.000000Z,MRVL,2026-05-19T16:32:00.000000Z,179.185,7168,14128650.91,-3114599527.5,-803834021.43,-610564.35,24821436.88,10484274.18,41311.30,5603099.70,998169.85
2026-05-19T16:33:42.000000Z,MRVL,2026-05-19T16:33:00.000000Z,179.4,7168,13917241.27,-3127558661.3,-818988194.32,-596187.77,24629966.4,10519940.13,43073.41,5598249.43,1006280.19
2026-05-19T16:34:42.000000Z,MRVL,2026-05-19T16:34:00.000000Z,179.24,7168,7733834.16,-2976576992.17,-818012200.88,-563508.46,24745047.09,10776128.52,45391.04,4651288.18,1007966.78
2026-05-19T16:35:42.000000Z,MRVL,2026-05-19T16:35:00.000000Z,179.335,7168,8631778.26,-3140493632.08,-829727940.97,-567556.64,24688013.9,10643807.83,44168.05,5592529.50,1019347.29
2026-05-19T16:36:42.000000Z,MRVL,2026-05-19T16:36:00.000000Z,178.915,7168,7279005.75,-3100966757.51,-826092770.81,-542520.89,24831786.32,10719213.08,45736.77,5507157.61,1018233.90
2026-05-19T16:37:42.000000Z,MRVL,2026-05-19T16:37:00.000000Z,178.9,7168,12298340.14,-3257378673.09,-854252632.74,-570471.15,24218847.15,10640874.79,38582.72,5958483.31,1045322.70
2026-05-19T16:38:42.000000Z,MRVL,2026-05-19T16:38:00.000000Z,179.48,7168,12566834.42,-3286806421.25,-873404261.15,-546888.04,24359062.13,10863252.35,41089.63,6009535.29,1064670.51
2026-05-19T16:39:42.000000Z,MRVL,2026-05-19T16:39:00.000000Z,179.635,7168,9764191.52,-3111899353.83,-843360853.16,-555948.14,25036183.84,11171044.35,45384.90,5420853.29,1038511.00
2026-05-19T16:40:42.000000Z,MRVL,2026-05-19T16:40:00.000000Z,179.425,7168,10051917.06,-3085559844.85,-842663650.38,-542514.12,25226634.24,11239242.74,43968.79,5396430.81,1042714.00
2026-05-19T16:41:42.000000Z,MRVL,2026-05-19T16:41:00.000000Z,179.5,7168,6927415.65,-3150309535.98,-870733959.66,-558427.52,24860709.77,11053556.05,42337.08,5778042.97,1058425.01
2026-05-19T16:42:42.000000Z,MRVL,2026-05-19T16:42:00.000000Z,179.09,7168,1749414.7,-3149354884.7,-871674715.54,-499535.75,25027161.13,11191447.84,46069.63,5768867.57,1062357.14
2026-05-19T16:43:44.000000Z,MRVL,2026-05-19T16:43:00.000000Z,179.2,7168,5849211.54,-3219612957.07,-889641168.66,-547289.15,24741284.51,11146810.04,34842.70,5961960.42,1083110.01
2026-05-19T16:44:48.000000Z,MRVL,2026-05-19T16:44:00.000000Z,179.5,7168,16339807.83,-3140882005.78,-885799918.53,-650992.66,25455422.18,11561807.55,32879.69,5771913.82,1083684.62
2026-05-19T16:45:48.000000Z,MRVL,2026-05-19T16:45:00.000000Z,179.89,7168,17586720.46,-3109179989.54,-887837763.39,-545249.18,25708455.41,11595416.29,31666.93,5478120.01,1083198.69
2026-05-19T16:46:50.000000Z,MRVL,2026-05-19T16:46:00.000000Z,179.22,7168,22025894.65,-3294427580.74,-922632198.77,-572739.1,24891908.93,11413476.48,27339.65,6042809.41,1109294.20
2026-05-19T16:47:50.000000Z,MRVL,2026-05-19T16:47:00.000000Z,178.87,7168,22451868.93,-3436937363.82,-947098200.97,-572026.7,24231553.68,11323721.8,27684.72,6251213.74,1128487.28
2026-05-19T16:48:50.000000Z,MRVL,2026-05-19T16:48:00.000000Z,178.675,7168,22596108.43,-3447534061.15,-952453318.03,-575555.72,24274068.43,11441632.99,28263.85,6257925.42,1135973.16
2026-05-19T16:49:50.000000Z,MRVL,2026-05-19T16:49:00.000000Z,178.57,7168,22410109.72,-3449756365.44,-954530284.44,-602809.66,24719698.88,11825761.97,25731.84,6285211.08,1171644.38
2026-05-19T16:50:50.000000Z,MRVL,2026-05-19T16:50:00.000000Z,178.565,7168,26354522.33,-3530822028.72,-976731111.08,-698657.07,24361889.65,11854313.96,24125.46,6360651.52,1183961.39
2026-05-19T16:51:50.000000Z,MRVL,2026-05-19T16:51:00.000000Z,179,7168,20526452.27,-3407563377.84,-961402558.84,-612531.49,25084220.58,12012441.72,29168.04,6264612.02,1172683.86
2026-05-19T16:52:54.000000Z,MRVL,2026-05-19T16:52:00.000000Z,178.67,7168,17753267.13,-3328461946.46,-962730750.09,-637660.37,24891690.14,11854669.58,24430.57,6168430.61,1163621.95
2026-05-19T16:53:54.000000Z,MRVL,2026-05-19T16:53:00.000000Z,178.67,7168,18709158.06,-3455791352.3,-973658220.38,-659508.17,24755634.07,11846328.97,24332.45,6295979.86,1171446.33
2026-05-19T16:54:56.000000Z,MRVL,2026-05-19T16:54:00.000000Z,178.78,7168,30786010.46,-3395293054.03,-981571839.53,-682022,25035423.52,11987345.63,23528.41,6239436.97,1181573.51
2026-05-19T16:55:58.000000Z,MRVL,2026-05-19T16:55:00.000000Z,178.54,7168,31067663.34,-3477217251.72,-994996430.9,-682620.66,24813923.33,11948681.88,23425.05,6316114.39,1188610.06
2026-05-19T16:56:58.000000Z,MRVL,2026-05-19T16:56:00.000000Z,178.3056,7168,31649904.55,-3566827404.1,-1008586128.61,-670646.83,24185098.13,11821097.77,25312.16,6389374.47,1197236.11
2026-05-19T16:57:28.000000Z,MRVL,2026-05-19T16:57:00.000000Z,178.445,7168,31879236.4,-3569615963.41,-1011643463.49,-681612.04,24222928.92,11896629.7,22809.25,6394369.70,1211137.79
2026-05-19T16:58:32.000000Z,MRVL,2026-05-19T16:58:00.000000Z,177.925,7168,31342692.76,-3590623194.05,-1018885493.29,-673022.67,23813880.05,11836513.54,23428.23,6369619.44,1213535.17
2026-05-19T16:59:32.000000Z,MRVL,2026-05-19T16:59:00.000000Z,177.72,7168,33213839.75,-3619229353.72,-1037757841.56,-693582.99,23559021.91,11861870.49,23264.14,6427240.73,1227736.38
2026-05-19T17:00:32.000000Z,MRVL,2026-05-19T17:00:00.000000Z,177.895,7168,32305634.78,-3599489835.43,-1032460294.8,-679741.66,23776413.4,11982876.44,24862.11,6392353.52,1230161.24
2026-05-19T17:01:36.000000Z,MRVL,2026-05-19T17:01:00.000000Z,178.485,7168,40098500.97,-3543445113.34,-1038939767.72,-734836.16,24292611.96,12212398.75,15525.72,6327572.90,1241497.37
2026-05-19T17:02:38.000000Z,MRVL,2026-05-19T17:02:00.000000Z,178.85,7168,40464797.09,-3265908917.89,-1018704208.62,-717070.37,24776537.17,12452600.46,17971.68,5868844.36,1225095.08
2026-05-19T17:03:38.000000Z,MRVL,2026-05-19T17:03:00.000000Z,178.7,7168,37089829.18,-3243020490.64,-1013439115.46,-675071.62,24552013.96,12494955.3,23257.39,5748873.17,1228364.75
2026-05-19T17:04:40.000000Z,MRVL,2026-05-19T17:04:00.000000Z,178.59,7168,37884794.07,-3256330412.38,-1018266053.34,-680659.91,24337048.21,12479295.02,22104.36,5793998.02,1230932.85
2026-05-19T17:05:42.000000Z,MRVL,2026-05-19T17:05:00.000000Z,178.66,7168,41088308.07,-3332400815.23,-1032048148.04,-709678.61,24244667.23,12470732.11,18790.25,5981345.21,1243373.91
2026-05-19T17:06:42.000000Z,MRVL,2026-05-19T17:06:00.000000Z,179.24,7168,40664806.31,-3283286738.08,-1028854638.45,-711941.63,24511259.38,12608048.86,18828.79,5918313.99,1243873.90
2026-05-19T17:07:44.000000Z,MRVL,2026-05-19T17:07:00.000000Z,178.56,7168,40922069.39,-3184050379.26,-1015553376.25,-699483.35,24730540.21,12666262.05,19299.24,5547291.39,1235685.07
2026-05-19T17:08:50.000000Z,MRVL,2026-05-19T17:08:00.000000Z,179.025,7168,39690731.75,-3378007856.36,-1044089508.51,-736275.29,24437462.2,12572131.73,18425.90,6099735.81,1255022.80
2026-05-19T17:09:50.000000Z,MRVL,2026-05-19T17:09:00.000000Z,179.095,7168,36398424.35,-3214580983.21,-1023089766.3,-728113.89,24981358.58,12789678.1,20314.72,5707118.30,1243975.43
2026-05-19T17:10:50.000000Z,MRVL,2026-05-19T17:10:00.000000Z,179.17,7168,36695582.17,-3204759755.79,-1020295957.5,-733765.35,25106749.03,12887463.23,20300.29,5539923.47,1242373.79
2026-05-19T17:11:50.000000Z,MRVL,2026-05-19T17:11:00.000000Z,178.94,7168,38551518.56,-3150304813.83,-1020461570.46,-724651.72,24908937.85,12890121.41,19590.46,5470442.80,1245029.25
2026-05-19T17:12:52.000000Z,MRVL,2026-05-19T17:12:00.000000Z,179.29,7168,36651051.16,-3107502106.33,-1013823182.34,-722495.14,25249423.32,13126198.91,20291.01,5312205.76,1242979.00
2026-05-19T17:13:52.000000Z,MRVL,2026-05-19T17:13:00.000000Z,179.44,7168,40850774.15,-3110101946.34,-1021706120.66,-756679.4,25291690.01,13241493,18510.48,5316650.13,1252011.29
2026-05-19T17:14:22.000000Z,MRVL,2026-05-19T17:14:00.000000Z,179.35,7168,38290754.09,-3157724421.71,-1019609776.47,-706353.09,25558321.23,13089903.1,20071.90,5648919.59,1247741.34
2026-05-19T17:15:32.000000Z,MRVL,2026-05-19T17:15:00.000000Z,179.75,7168,38386287.7,-3126269201.72,-1015507587.12,-711104.48,25945092.46,13289103.82,26204.71,5551980.15,1248463.64
2026-05-19T17:16:32.000000Z,MRVL,2026-05-19T17:16:00.000000Z,180.6999,7168,46072878.3,-3064930484.21,-1013803277.1,-1011074.89,26472464.91,13831642.93,735.49,5257017.10,1266694.13
2026-05-19T17:17:34.000000Z,MRVL,2026-05-19T17:17:00.000000Z,180.7,7168,50334070.82,-3152107660.94,-1031550118.12,-1031148.19,26214868.68,13652033.12,-3230.50,5578187.75,1278525.06
2026-05-19T17:18:34.000000Z,MRVL,2026-05-19T17:18:00.000000Z,180.9499,7168,45482085.5,-2942684546.89,-997095735.6,-1078597.15,26752488.67,14035860.96,678.00,4646561.82,1254653.31
2026-05-19T17:19:36.000000Z,MRVL,2026-05-19T17:19:00.000000Z,181.175,7168,47183595.3,-3055012318.15,-1014825211.54,-1072696.25,26652390.41,13933131.71,-2901.01,5314938.04,1272251.32
2026-05-19T17:20:38.000000Z,MRVL,2026-05-19T17:20:00.000000Z,180.915,7168,40401464.08,-2948994818.85,-1010495352.62,-685393.4,26870125,13904071.05,-414.13,4636172.10,1277841.39
2026-05-19T17:21:38.000000Z,MRVL,2026-05-19T17:21:00.000000Z,181.13,7168,48100056.73,-3283075478.96,-1031334707.08,-717699.92,27276758.56,13689052.85,-8510.53,5869779.39,1302050.21
2026-05-19T17:22:42.000000Z,MRVL,2026-05-19T17:22:00.000000Z,181.21,7168,42929349.48,-3007125025.37,-1008663425.06,-705463.7,27143587.32,13893340.09,-3594.68,5137927.81,1287893.67
2026-05-19T17:23:42.000000Z,MRVL,2026-05-19T17:23:00.000000Z,181.12,7168,45946817.41,-2892887336.02,-997845366.78,-760299.21,27176512.82,14108423.43,-5364.26,4469546.57,1279260.27
2026-05-19T17:24:42.000000Z,MRVL,2026-05-19T17:24:00.000000Z,180.825,7168,48449362.11,-3130761270.22,-1029863949.61,-734164.61,27013974.29,13750424.01,-9125.11,5711874.63,1302140.62
2026-05-19T17:25:44.000000Z,MRVL,2026-05-19T17:25:00.000000Z,180.77,7168,46970369.33,-3169918609.81,-1032343737.57,-742317.2,27748673.15,14019404.27,-9750.66,5784437.65,1311783.37
2026-05-19T17:26:46.000000Z,MRVL,2026-05-19T17:26:00.000000Z,180.55,7168,47788302.83,-3241105807.59,-1050660422.78,-678994.76,27101453.45,13728049.49,-10409.89,5975789.09,1320676.33
2026-05-19T17:27:46.000000Z,MRVL,2026-05-19T17:27:00.000000Z,180.33,7168,47523152.1,-3361143733.24,-1077661150.6,-630087.42,26534937.24,13587400.4,-9368.51,6192549.59,1337797.93
2026-05-19T17:28:46.000000Z,MRVL,2026-05-19T17:28:00.000000Z,180.0151,7168,47081205.73,-3379429897.85,-1081128669.17,-629843.74,26507258.3,13579596.82,-9181.55,6215652.91,1339507.39
2026-05-19T17:29:50.000000Z,MRVL,2026-05-19T17:29:00.000000Z,180.38,7168,47426766.2,-3471836887.83,-1092891016.53,-574439.25,26386398.44,13519336.31,11724.66,6309684.23,1322014.67
2026-05-19T17:30:50.000000Z,MRVL,2026-05-19T17:30:00.000000Z,180.93,7168,45319570.99,-3345189361.99,-1066562562.65,-577338.23,26988668.24,13710468.98,10442.56,6167247.92,1297671.87
2026-05-19T17:31:54.000000Z,MRVL,2026-05-19T17:31:00.000000Z,180.91,7168,45532152.67,-3226378104.93,-1053139449.43,-589642.32,27263851.17,13857294.14,12782.65,5938769.73,1289916.12
2026-05-19T17:32:56.000000Z,MRVL,2026-05-19T17:32:00.000000Z,180.88,7168,45822941.44,-3193271425.4,-1053147350.14,-591445.48,27535910.01,13958112.48,15048.97,5875136.76,1294742.38
2026-05-19T17:33:56.000000Z,MRVL,2026-05-19T17:33:00.000000Z,180.705,7168,46960223.26,-3216194921.72,-1058562416.99,-600489.17,27295203.89,13863495.57,10442.37,5920242.57,1298345.35
2026-05-19T17:34:56.000000Z,MRVL,2026-05-19T17:34:00.000000Z,180.795,7168,49347582.83,-3340667508.57,-1085112785.21,-596884.21,26660950.55,13598028.32,13127.99,6137778.95,1312800.37
2026-05-19T17:35:58.000000Z,MRVL,2026-05-19T17:35:00.000000Z,180.81,7168,48428814,-3250787739.29,-1067651296.01,-635275.96,27125488.44,13876039.56,12946.04,5983801.93,1308273.12
2026-05-19T17:36:58.000000Z,MRVL,2026-05-19T17:36:00.000000Z,181.03,7168,47036164.69,-3236173800.5,-1067648969.42,-641084.34,27239921.08,13967272.61,13585.41,5945756.16,1310104.97
2026-05-19T17:37:58.000000Z,MRVL,2026-05-19T17:37:00.000000Z,181.445,7168,46201105.63,-3137460440.46,-1053625177.01,-679040.64,27686290.93,14270855.38,13926.99,5638887.28,1303595.61
2026-05-19T17:38:30.000000Z,MRVL,2026-05-19T17:38:00.000000Z,181.34,7168,43170152.67,-2909658606.67,-1030112772.44,-665745.72,27313881.02,14308853.19,17770.71,4460034.96,1279061.84
2026-05-19T17:39:32.000000Z,MRVL,2026-05-19T17:39:00.000000Z,181.06,7168,47395323.06,-3148843490.99,-1064768951.54,-641990.3,27191175.79,13975369.52,14616.06,5727798.19,1302161.03
2026-05-19T17:40:32.000000Z,MRVL,2026-05-19T17:40:00.000000Z,181.27,7168,46551016.73,-3189923346.3,-1059680188.73,-639733.39,27463377.28,14170015.2,15648.18,5696960.82,1298069.34
2026-05-19T17:41:32.000000Z,MRVL,2026-05-19T17:41:00.000000Z,181.26,7168,50055745.87,-3163146669.58,-1073626189.1,-691636.13,27389521.36,14099485.56,13476.22,5752514.43,1307639.75
2026-05-19T17:42:34.000000Z,MRVL,2026-05-19T17:42:00.000000Z,181.09,7168,51052535.01,-3241863037.82,-1081392428.31,-682589.39,27350532.22,14111014.32,11542.46,5839865.88,1311684.18
2026-05-19T17:43:34.000000Z,MRVL,2026-05-19T17:43:00.000000Z,181.11,7168,50422249.18,-3189050305.48,-1075589176.05,-693596.86,27615742.78,14322363.71,11711.89,5696907.95,1311944.74
2026-05-19T17:44:36.000000Z,MRVL,2026-05-19T17:44:00.000000Z,180.955,7168,48081295.68,-3270993241.1,-1092930286.93,-672687.94,27366874.71,14294349.02,11513.86,5960704.27,1323472.34
2026-05-19T17:45:36.000000Z,MRVL,2026-05-19T17:45:00.000000Z,180.475,7168,50600506.84,-3462970417.45,-1122129755.41,-677386.87,26979705.7,14120329.58,9108.48,6279152.62,1342900.24
2026-05-19T17:46:36.000000Z,MRVL,2026-05-19T17:46:00.000000Z,180.1026,7168,49020213.09,-3536859683.86,-1137613254.32,-646278.18,26778768.87,14095892.57,10486.90,6383818.42,1355691.77
2026-05-19T17:47:36.000000Z,MRVL,2026-05-19T17:47:00.000000Z,179.7445,7168,48449830.37,-3529827306.47,-1137991469.9,-619205.8,26672385.69,14084500.99,12327.23,6371125.42,1356284.91
2026-05-19T17:48:38.000000Z,MRVL,2026-05-19T17:48:00.000000Z,180.165,7168,52599270.96,-3635233603.77,-1165212082.71,-644145.64,26453067.57,14138393.69,9533.50,6455994.32,1373958.21
2026-05-19T17:49:42.000000Z,MRVL,2026-05-19T17:49:00.000000Z,180.12,7168,49977248.93,-3494770532.74,-1137426065.39,-672114.24,26653212.96,14285292.9,9599.94,6320275.60,1359969.84
2026-05-19T17:50:46.000000Z,MRVL,2026-05-19T17:50:00.000000Z,179.87,7168,51431369.7,-3518603380.58,-1149050869.3,-677985.34,26548923.61,14248173.44,8200.26,6304634.22,1368812.51
2026-05-19T17:51:46.000000Z,MRVL,2026-05-19T17:51:00.000000Z,179.9,7168,53013153.97,-3586267580.55,-1173143031.13,-713202.32,26274639.86,14250607.13,9461.40,6401769.84,1383593.65
2026-05-19T17:52:48.000000Z,MRVL,2026-05-19T17:52:00.000000Z,179.78,7168,49234963.65,-3521145081.75,-1163559269.14,-661569.86,26711241.44,14520266.85,9923.78,6323207.26,1384596.67
2026-05-19T17:53:50.000000Z,MRVL,2026-05-19T17:53:00.000000Z,179.815,7168,50290484.04,-3602667227.34,-1181679876.43,-644783.54,26394068.19,14364241.02,8888.56,6443304.94,1395168.26
2026-05-19T17:54:50.000000Z,MRVL,2026-05-19T17:54:00.000000Z,179.39,7168,48407993.37,-3605234864.53,-1194592036.18,-606847.8,25831147.96,14274953.18,9499.66,6406785.99,1409326.67
2026-05-19T17:55:50.000000Z,MRVL,2026-05-19T17:55:00.000000Z,180.1126,7168,40557421.4,-3312240787.2,-1161935452.28,-582315.97,26737554.21,14776444.27,16076.33,6011884.45,1393835.46
2026-05-19T17:56:52.000000Z,MRVL,2026-05-19T17:56:00.000000Z,180.01,7168,42672585.26,-3363779364.87,-1169903953.52,-593173.26,26452537.68,14647948.21,11198.44,6052636.46,1398665.50
2026-05-19T17:57:52.000000Z,MRVL,2026-05-19T17:57:00.000000Z,180.05,7168,43471613.45,-3290854919.31,-1165556338.03,-619034.8,26442297.96,14733549.39,8909.75,5916013.99,1398121.53
2026-05-19T17:58:52.000000Z,MRVL,2026-05-19T17:58:00.000000Z,180.41,7168,44819167.52,-3308913295.62,-1174203969.62,-626396.26,26330792.73,14750784.11,8012.09,5945485.71,1403547.35
2026-05-19T17:59:56.000000Z,MRVL,2026-05-19T17:59:00.000000Z,180.33,7168,39902205.51,-3218654985.25,-1142520169.46,-622387.62,26557165.18,14959915.07,11871.42,5697675.54,1379416.17
2026-05-19T18:00:26.000000Z,MRVL,2026-05-19T18:00:00.000000Z,180.655,7168,37164421.99,-3187384160.01,-1139640978.02,-618947.23,26658125.99,15060923.46,17737.26,5569466.31,1374109.99
2026-05-19T18:01:36.000000Z,MRVL,2026-05-19T18:01:00.000000Z,180.74,7168,38831458.65,-3118581465.25,-1136532825.93,-636782.73,27120048.22,15137320.43,12144.07,5206384.35,1374892.69
2026-05-19T18:02:40.000000Z,MRVL,2026-05-19T18:02:00.000000Z,180.88,7168,69550377.21,-3143091654.96,-1170777524.75,-880308.25,26854876.64,15280555.98,914.33,5411881.99,1384499.39
2026-05-19T18:03:44.000000Z,MRVL,2026-05-19T18:03:00.000000Z,181.075,7168,134700760.7,-3144039627.38,-1233316868.4,-1380958.64,27594046.06,16075316.25,-33649.02,5389910.67,1427051.66
2026-05-19T18:04:54.000000Z,MRVL,2026-05-19T18:04:00.000000Z,181.0299,7168,138592284.02,-3268259527.59,-1257425371.33,-1389387.88,27334565.98,15768141.38,-37356.23,5871645.86,1441531.69
2026-05-19T18:05:56.000000Z,MRVL,2026-05-19T18:05:00.000000Z,181.335,7168,136347903.03,-3183340090.27,-1244084917.85,-1409450.16,27679023.88,16097706.08,-36873.46,5567359.64,1436383.67
2026-05-19T18:06:28.000000Z,MRVL,2026-05-19T18:06:00.000000Z,181.22,7168,134333790.94,-3156183886.34,-1232261322.35,-1411195.31,28005913.53,16268974,-33210.08,5462134.12,1432701.00
2026-05-19T18:07:32.000000Z,MRVL,2026-05-19T18:07:00.000000Z,180.94,7168,137370433.42,-3316467979.46,-1259267603.71,-1374231.89,27572533.92,15907328.77,-35630.11,6039035.01,1448678.76
2026-05-19T18:08:34.000000Z,MRVL,2026-05-19T18:08:00.000000Z,180.85,7168,140507992.78,-3324542998.79,-1270689541.93,-1369225.67,27620850.82,15882061.84,-35098.93,6066401.21,1454364.22
2026-05-19T18:09:34.000000Z,MRVL,2026-05-19T18:09:00.000000Z,180.53,7168,140055811.55,-3358610390.33,-1281937875.65,-1332231.71,27278564.48,15793960.31,-34621.08,6111986.09,1460806.19
2026-05-19T18:10:38.000000Z,MRVL,2026-05-19T18:10:00.000000Z,179.95,7168,140435215.21,-3441011718.55,-1293463381.93,-1308487.73,26788709.54,15591021.28,-35197.87,6294092.97,1466703.85
2026-05-19T18:11:38.000000Z,MRVL,2026-05-19T18:11:00.000000Z,180.135,7168,137376794.48,-3517463346.01,-1312835565.12,-1174739.93,27019343.76,16003002.58,-32287.15,6404258.72,1491956.65
2026-05-19T18:12:42.000000Z,MRVL,2026-05-19T18:12:00.000000Z,180.29,7168,135754483.21,-3559964568.83,-1309146872.07,-1146698.59,27236413.96,16053368.69,-30660.52,6382809.33,1491779.31
2026-05-19T18:13:48.000000Z,MRVL,2026-05-19T18:13:00.000000Z,180.04,7168,135624255.78,-3573355548.47,-1310105604,-1134773.18,27102578.43,16012210.79,-30541.92,6401907.81,1490724.45
2026-05-19T18:14:50.000000Z,MRVL,2026-05-19T18:14:00.000000Z,180.0499,7168,140015797.71,-3639439213.9,-1336032923.54,-1138723.66,26533218.08,15865409.03,-32451.74,6560424.91,1507938.42
2026-05-19T18:15:56.000000Z,MRVL,2026-05-19T18:15:00.000000Z,179.88,7168,138688696.34,-3594676565.27,-1318759271.56,-1155120.87,27031656.34,16062173.36,-31913.02,6428472.26,1499522.17
2026-05-19T18:16:26.000000Z,MRVL,2026-05-19T18:16:00.000000Z,179.7999,7168,138599802.73,-3593075867.07,-1318244366,-1158383.81,27007587.47,16046803.54,-31896.64,6425609.68,1498934.38
2026-05-19T18:17:30.000000Z,MRVL,2026-05-19T18:17:00.000000Z,179.76,7168,140694642.84,-3670735745.23,-1346906068.77,-1121677.68,26334412.06,15708603.44,-32023.11,6562594.53,1514591.32
2026-05-19T18:18:40.000000Z,MRVL,2026-05-19T18:18:00.000000Z,179.3896,7168,142993582.86,-3658927469.7,-1362021061.51,-1108770.74,26031672.12,15578584.47,-32523.27,6563333.06,1521822.43
2026-05-19T18:19:42.000000Z,MRVL,2026-05-19T18:19:00.000000Z,179.27,7168,144042419.22,-3670695877.95,-1363205531.97,-1136297.72,25870842.04,15564400.27,-33095.33,6535642.81,1522193.92
2026-05-19T18:20:42.000000Z,MRVL,2026-05-19T18:20:00.000000Z,179.145,7168,142952188.56,-3669547752.8,-1371478040.56,-1099986.75,25342619.62,15408640.52,-33145.53,6586217.50,1523672.70
2026-05-19T18:21:42.000000Z,MRVL,2026-05-19T18:21:00.000000Z,179.025,7168,143522651.09,-3601547649.41,-1367891351.89,-1113343.19,25760147.15,15662018.21,-34039.17,6516419.06,1527777.89
2026-05-19T18:22:44.000000Z,MRVL,2026-05-19T18:22:00.000000Z,178.55,7168,144821673.77,-3743843768.47,-1387759857.2,-1069540.06,24979299.98,15318747.93,-31180.85,6631887.74,1537829.22
2026-05-19T18:23:46.000000Z,MRVL,2026-05-19T18:23:00.000000Z,178.67,7168,144755758.8,-3559689340.64,-1368615646.51,-1107622.49,25504252.33,15592879.4,-31397.71,6462997.86,1530116.11
2026-05-19T18:24:48.000000Z,MRVL,2026-05-19T18:24:00.000000Z,178.59,7168,146797764.74,-3672439794.94,-1387890855.81,-1128410.99,24851709.69,14895021.33,-32337.34,6606313.98,1455444.85
2026-05-19T18:25:50.000000Z,MRVL,2026-05-19T18:25:00.000000Z,178.945,7168,143963043.5,-3666321803.56,-1377032022.39,-1163204.76,24914565.38,14841243.3,-33437.43,6604843.16,1431511.98
2026-05-19T18:26:50.000000Z,MRVL,2026-05-19T18:26:00.000000Z,179.54,7168,139581812.4,-3408534227.42,-1340210612.83,-1195560.87,26040717.44,15445517.11,-31062.11,6254690.33,1417351.14
2026-05-19T18:27:50.000000Z,MRVL,2026-05-19T18:27:00.000000Z,179.08,7168,135327353.37,-3264843373.33,-1310484918.47,-1237884.33,26039294.28,15572546.86,-41531.84,5828835.78,1404871.62
2026-05-19T18:28:54.000000Z,MRVL,2026-05-19T18:28:00.000000Z,178.77,7168,145443669.62,-3518827446.97,-1373840663.58,-1228163.01,25162654.17,15009445.39,-46229.02,6435903.00,1472920.87
2026-05-19T18:29:54.000000Z,MRVL,2026-05-19T18:29:00.000000Z,179.01,7168,147148502.28,-3585825076.18,-1376545678.9,-1251015.57,25306379.7,15087749.82,-48181.43,6513326.14,1476897.94
2026-05-19T18:30:28.000000Z,MRVL,2026-05-19T18:30:00.000000Z,179.2725,7168,147353706.55,-3591083324.78,-1378714723.73,-1254668.87,25380652.6,15129604.09,-47762.76,6522877.27,1479175.06
2026-05-19T18:31:34.000000Z,MRVL,2026-05-19T18:31:00.000000Z,178.95,7168,146613628.04,-3518975870.43,-1371260992.73,-1254662.19,25345173.94,15129754.26,-47226.10,6410692.78,1472050.63
2026-05-19T18:32:38.000000Z,MRVL,2026-05-19T18:32:00.000000Z,178.9799,7168,146749858.39,-3525568228.56,-1373372568.18,-1254105.5,25297952.83,15139708.81,-47475.08,6420864.13,1474401.20
2026-05-19T18:33:38.000000Z,MRVL,2026-05-19T18:33:00.000000Z,179.05,7168,146873616.38,-3563762389.15,-1376556013.97,-1247471.75,25210201.4,15089874.44,-47379.35,6477216.35,1477097.27
2026-05-19T18:34:52.000000Z,MRVL,2026-05-19T18:34:00.000000Z,179.07,7168,145982580.73,-3488962806.73,-1365759003.97,-1266230.29,25474825.08,15248418.14,-47227.80,6349793.01,1472491.31
2026-05-19T18:35:52.000000Z,MRVL,2026-05-19T18:35:00.000000Z,178.805,7168,149364652.15,-3570201037.84,-1385433003.2,-1264151.78,25080015.98,15008101.1,-49740.11,6462371.13,1482305.13
2026-05-19T18:36:30.000000Z,MRVL,2026-05-19T18:36:00.000000Z,178.87,7168,148949721.9,-3571498893.43,-1386609787.85,-1259776.45,25098253.7,15024427.48,-49467.49,6464720.36,1483216.29
2026-05-19T18:37:54.000000Z,MRVL,2026-05-19T18:37:00.000000Z,178.835,7168,151296982.45,-3638957630.72,-1393719210.68,-1261487.13,24831217.65,14939393.25,-51767.62,6537969.55,1488013.88
2026-05-19T18:38:24.000000Z,MRVL,2026-05-19T18:38:00.000000Z,178.65,7168,150195802.2,-3517433136.86,-1378834638.29,-1288885.4,25459257.17,15238363.23,-51804.82,6401909.94,1484623.72
2026-05-19T18:39:34.000000Z,MRVL,2026-05-19T18:39:00.000000Z,178.385,7168,149840242.23,-3683785240.11,-1415153864.51,-1186385.11,24251457.89,14822065.63,-33898.05,6555511.46,1518316.68
2026-05-19T18:40:36.000000Z,MRVL,2026-05-19T18:40:00.000000Z,178.35,7168,148556101.59,-3748496339.44,-1418997854.21,-1173624.49,24337119.4,14855209.72,-32355.04,6625875.12,1527154.07
2026-05-19T18:41:52.000000Z,MRVL,2026-05-19T18:41:00.000000Z,178.385,7168,148265753.25,-3700471390.29,-1409403076.14,-1194784.24,24890843.97,15105875,-32045.43,6586205.82,1526071.92
2026-05-19T18:42:32.000000Z,MRVL,2026-05-19T18:42:00.000000Z,178.27,7168,147652503.3,-3698032142.83,-1414050976.7,-1182604.8,24633654.21,14984198.51,-31371.47,6678287.48,1527494.31
2026-05-19T18:43:38.000000Z,MRVL,2026-05-19T18:43:00.000000Z,178.2601,7168,146618853.17,-3642811397.91,-1412350132.11,-1166997.02,24527354.5,14967395.9,-29306.54,6674671.02,1528884.98
2026-05-19T18:44:42.000000Z,MRVL,2026-05-19T18:44:00.000000Z,178.31,7168,146621783.27,-3560369987.02,-1405403220.92,-1184987.37,24767935.81,15141158.8,-29701.77,6558824.57,1526963.47
2026-05-19T18:45:44.000000Z,MRVL,2026-05-19T18:45:00.000000Z,178.05,7168,148129443.1,-3634118848.79,-1420293799.37,-1159700.77,24300138.09,14916718.34,-28977.06,6619617.68,1535035.62
2026-05-19T18:46:48.000000Z,MRVL,2026-05-19T18:46:00.000000Z,177.95,7168,145388002.46,-3613055944.49,-1415393613.66,-1178325.44,24539815.4,15054391.64,-25908.64,6610480.95,1536593.47
2026-05-19T18:47:52.000000Z,MRVL,2026-05-19T18:47:00.000000Z,178.1556,7168,150193411.76,-3571214334.96,-1424755250.63,-1185833.87,24926941.45,15302724.2,-30437.98,6568090.06,1549975.51
2026-05-19T18:48:58.000000Z,MRVL,2026-05-19T18:48:00.000000Z,178.08,7168,158187618.35,-3670503480.08,-1443478382.7,-1165366.21,24496797.36,15083108.74,-32844.77,6656084.00,1553334.24
2026-05-19T18:49:32.000000Z,MRVL,2026-05-19T18:49:00.000000Z,178.085,7168,157468596.86,-3670606537.79,-1442944130.57,-1133374.76,24498172.99,15052272.09,-32661.44,6656270.89,1553407.41
2026-05-19T18:50:40.000000Z,MRVL,2026-05-19T18:50:00.000000Z,178.58,7168,154466186.64,-3525067682.91,-1417261275.15,-1173261.86,25148594.67,15417910.77,-32041.67,6504027.02,1541721.29
2026-05-19T18:51:22.000000Z,MRVL,2026-05-19T18:51:00.000000Z,178.48,7168,151444649.03,-3523093739.76,-1419743098.53,-1133231.41,25120437.48,15442346.35,-30600.12,6500384.95,1542441.29
2026-05-19T18:52:32.000000Z,MRVL,2026-05-19T18:52:00.000000Z,178.4,7168,152952873.21,-3529636279.96,-1424731425.62,-1139097.9,25210184.91,15450946.88,-30821.14,6444457.87,1544239.76
2026-05-19T18:53:48.000000Z,MRVL,2026-05-19T18:53:00.000000Z,178.12,7168,159116883.83,-3636863256.45,-1447719256.11,-1205973.09,24457552.2,15166089.69,-33654.79,6592372.17,1551960.46
2026-05-19T18:54:52.000000Z,MRVL,2026-05-19T18:54:00.000000Z,177.8,7168,159552024.66,-3679099388.89,-1459988682.49,-1188497.97,24055611.64,14966146.44,-33121.25,6638245.89,1555831.95
2026-05-19T18:55:52.000000Z,MRVL,2026-05-19T18:55:00.000000Z,177.42,7168,161839171.66,-3680993202.37,-1483035792.41,-1154985.94,23365668.03,14813613.9,-29610.32,6659189.54,1573372.71
2026-05-19T18:56:52.000000Z,MRVL,2026-05-19T18:56:00.000000Z,177.35,7168,159746618.01,-3679540888.51,-1484915713.77,-1139770.06,23347234.1,14817461.07,-27321.55,6656562.21,1575626.98
2026-05-19T18:57:52.000000Z,MRVL,2026-05-19T18:57:00.000000Z,177.16,7168,159481041.85,-3703075648.62,-1488817201.25,-1143260.03,23245391.93,14776557.15,-27095.75,6710810.75,1578836.70
2026-05-19T18:58:54.000000Z,MRVL,2026-05-19T18:58:00.000000Z,177.11,7168,160402415.49,-3715569406.41,-1495887896.96,-1135202.54,23002356.51,14680849.02,-27981.85,6729160.36,1584115.40
2026-05-19T18:59:28.000000Z,MRVL,2026-05-19T18:59:00.000000Z,177.13,7168,161378883.27,-3734141156.89,-1499460254.86,-1130331.41,22842479.63,14614290.6,-28178.75,6728124.13,1584617.83
2026-05-19T19:00:30.000000Z,MRVL,2026-05-19T19:00:00.000000Z,177.855,7168,163874657.38,-3703698894.57,-1498774714.8,-1192455.82,23389099.84,14996231.88,-31023.86,6717864.34,1592585.59
2026-05-19T19:01:36.000000Z,MRVL,2026-05-19T19:01:00.000000Z,177.985,7168,159448049.27,-3591095551.85,-1463420248.17,-1261951.12,23868129.18,15272043.27,-35083.17,6574571.25,1576832.95
2026-05-19T19:02:40.000000Z,MRVL,2026-05-19T19:02:00.000000Z,178.2399,7168,157947963.21,-3367228440.63,-1453497844.61,-1251331.5,23829291.35,15393904.78,-34004.55,6197935.81,1568141.27
2026-05-19T19:03:40.000000Z,MRVL,2026-05-19T19:03:00.000000Z,178.35,7168,157032321.3,-3468092450.42,-1455318805.98,-1246239.57,23817574.91,15310858.91,-33408.76,6366402.10,1567049.63
2026-05-19T19:04:40.000000Z,MRVL,2026-05-19T19:04:00.000000Z,178.327,7168,148252623.45,-3187904252.63,-1426189984.21,-1235540.99,24309243.68,15771057.51,-22961.77,5571436.63,1540021.23
2026-05-19T19:05:54.000000Z,MRVL,2026-05-19T19:05:00.000000Z,177.98,7168,156928255.48,-3462754583,-1473108183.79,-1246974.94,23584627.29,15238885.17,-32762.73,6437769.23,1578698.71
2026-05-19T19:06:32.000000Z,MRVL,2026-05-19T19:06:00.000000Z,177.8216,7168,157165573.58,-3459672774.23,-1472287635.29,-1241282.74,23542665.92,15208869.27,-32833.11,6432039.70,1577570.16
2026-05-19T19:07:42.000000Z,MRVL,2026-05-19T19:07:00.000000Z,177.775,7168,157504453.07,-3484715296.9,-1483433452.51,-1214472.1,23591327.71,15236474.95,-32843.12,6449056.04,1587864.83
2026-05-19T19:08:44.000000Z,MRVL,2026-05-19T19:08:00.000000Z,178.11,7168,158425061.12,-3628008423.72,-1491918698.9,-1231987.01,23716858.83,15277448.74,-33162.85,6599466.31,1593701.12
2026-05-19T19:09:48.000000Z,MRVL,2026-05-19T19:09:00.000000Z,178.35,7168,154569768.48,-3353345965.25,-1445348779.25,-1270145.83,24674381.61,15995628.02,-31225.16,6030758.05,1570815.16
2026-05-19T19:10:52.000000Z,MRVL,2026-05-19T19:10:00.000000Z,179.07,7168,150426853.58,-3193962015.28,-1422573385.32,-1267663.43,24931930.67,16299631.81,-22241.70,5134411.93,1545851.36
2026-05-19T19:11:52.000000Z,MRVL,2026-05-19T19:11:00.000000Z,179,7168,147685370.94,-3297478357.98,-1427360760.47,-1224432.66,25515607.66,16198806.9,-21325.34,5919298.33,1554855.94
2026-05-19T19:12:26.000000Z,MRVL,2026-05-19T19:12:00.000000Z,178.74,7168,147471183.25,-3292688724.61,-1425626750.73,-1219382.98,25441537.94,16154429.85,-22042.04,5910700.46,1553829.99
2026-05-19T19:13:32.000000Z,MRVL,2026-05-19T19:13:00.000000Z,179,7168,151577380.97,-3288834645.94,-1433892068.61,-1224242.96,25386979.46,16140138.84,-30474.07,6138968.54,1570858.74
2026-05-19T19:14:32.000000Z,MRVL,2026-05-19T19:14:00.000000Z,179.3392,7168,152610092.36,-3295066895.73,-1437669356.96,-1232803.35,25483285.85,16215689.84,-32160.88,6150601.71,1577630.86
2026-05-19T19:15:34.000000Z,MRVL,2026-05-19T19:15:00.000000Z,179.17,7168,155259283.95,-3360706165.68,-1449559441.82,-1303393.74,25606883.09,16164968.63,-35793.21,6119120.59,1582964.17
2026-05-19T19:16:34.000000Z,MRVL,2026-05-19T19:16:00.000000Z,179.05,7168,156741948.72,-3371362022.72,-1453746988.75,-1246779.11,25487809.75,16022534.71,-41021.74,6141621.15,1591902.70
2026-05-19T19:17:34.000000Z,MRVL,2026-05-19T19:17:00.000000Z,178.915,7168,159301021.79,-3437680197.37,-1472066609.81,-1254343.71,25107708.5,15859788.47,-42584.64,6304988.14,1602965.05
2026-05-19T19:18:34.000000Z,MRVL,2026-05-19T19:18:00.000000Z,178.655,7168,161662916.28,-3556881318.49,-1484776175.29,-1258514.47,25063437.15,15734971.42,-43746.98,6518948.60,1611805.08
2026-05-19T19:19:38.000000Z,MRVL,2026-05-19T19:19:00.000000Z,178.36,7168,163923052.13,-3651622787.92,-1503743181.08,-1246745.38,24642168.24,15473012.11,-45222.16,6626159.49,1620934.01
2026-05-19T19:20:42.000000Z,MRVL,2026-05-19T19:20:00.000000Z,178.4,7168,163684084.48,-3618692908.78,-1493929833.11,-1289719.85,25144472.06,15755680.93,-49117.29,6594277.11,1625169.22
2026-05-19T19:21:44.000000Z,MRVL,2026-05-19T19:21:00.000000Z,178.47,7168,157457605.9,-3613425816.77,-1501420870.67,-1264154.19,25046742.08,15796965.31,-47672.77,6581774.64,1630995.99
2026-05-19T19:22:48.000000Z,MRVL,2026-05-19T19:22:00.000000Z,177.8325,7168,161378370.18,-3723875583.19,-1533901981.8,-1243492.86,24184991.78,15432381.39,-49918.35,6751834.42,1648023.07
2026-05-19T19:23:54.000000Z,MRVL,2026-05-19T19:23:00.000000Z,177.31,7168,158977522.27,-3707585449.47,-1540492160.58,-1232941.74,23920624.42,15495032.29,-49728.00,6728544.31,1650926.07
2026-05-19T19:24:28.000000Z,MRVL,2026-05-19T19:24:00.000000Z,177.12,7168,158575942.42,-3703612513.74,-1539072640.43,-1227195.48,23869386.66,15464947.38,-49524.69,6721334.22,1649307.01
2026-05-19T19:25:30.000000Z,MRVL,2026-05-19T19:25:00.000000Z,176.81,7168,161909973.41,-3765599223.52,-1584747171.33,-1186500.95,22482881.34,14914448.98,-49844.28,6779814.64,1668747.54
2026-05-19T19:26:30.000000Z,MRVL,2026-05-19T19:26:00.000000Z,176.8,7168,160300523.32,-3745480913.36,-1578486156.17,-1203534.29,22800123.09,15105814.13,-49332.36,6785052.82,1670442.14
2026-05-19T19:27:36.000000Z,MRVL,2026-05-19T19:27:00.000000Z,177.1,7168,155487238.83,-3613743012.4,-1556842746.77,-1180038.02,23473186.95,15475960.16,-47504.63,6668224.44,1663542.81
2026-05-19T19:28:40.000000Z,MRVL,2026-05-19T19:28:00.000000Z,177.04,7168,154279423.04,-3567914602.45,-1552156754.73,-1197771.08,23669835.03,15535615.99,-46600.26,6558854.94,1664422.85
2026-05-19T19:29:40.000000Z,MRVL,2026-05-19T19:29:00.000000Z,177.115,7168,155229302.64,-3593451215.12,-1555842212.6,-1203978.92,23433024.35,15315616.74,-46383.27,6597454.59,1659684.77
2026-05-19T19:30:42.000000Z,MRVL,2026-05-19T19:30:00.000000Z,177.02,7168,154776189.68,-3550225626.97,-1552589176.26,-1204506.8,23525390.35,15409052.24,-46438.41,6497258.74,1658559.26
2026-05-19T19:31:42.000000Z,MRVL,2026-05-19T19:31:00.000000Z,177.17,7168,155414792.58,-3572652931.96,-1556545706.95,-1232796.15,23375500.69,15387836.92,-47258.88,6528352.75,1658911.88
2026-05-19T19:32:42.000000Z,MRVL,2026-05-19T19:32:00.000000Z,177.3796,7168,153460037.69,-3478647863.84,-1549221497.26,-1250688.63,23360452.1,15423229.72,-45706.55,6437188.09,1655312.54
2026-05-19T19:33:54.000000Z,MRVL,2026-05-19T19:33:00.000000Z,177.18,7168,150030481.54,-3383506707.02,-1530100039.48,-1249011.42,23531523.02,15537624.7,-43785.44,6276099.77,1645203.95
2026-05-19T19:34:28.000000Z,MRVL,2026-05-19T19:34:00.000000Z,177.115,7168,150074126.97,-3382265438.61,-1529932286,-1216353.37,23514260.7,15500751.19,-43851.13,6273797.33,1645043.74
2026-05-19T19:35:36.000000Z,MRVL,2026-05-19T19:35:00.000000Z,177.3,7168,153048795.93,-3452995243.62,-1550191298.64,-1210571.21,23232855.04,15347040.46,-44724.96,6420688.43,1654552.87
2026-05-19T19:36:42.000000Z,MRVL,2026-05-19T19:36:00.000000Z,176.97,7168,150606896.25,-3480587785.39,-1559870929.42,-1184836.8,22979511.12,15247378.41,-43648.34,6454518.14,1658347.29
2026-05-19T19:37:48.000000Z,MRVL,2026-05-19T19:37:00.000000Z,176.89,7168,52452456.85,-3621789945.51,-1679472213.18,-1259724.47,22706941.46,15033402.98,-15794.92,6608511.22,1702865.20
2026-05-19T19:38:50.000000Z,MRVL,2026-05-19T19:38:00.000000Z,176.82,7168,56416440.43,-3663515502.39,-1695667394.04,-1237963.83,22416743.69,14898440.62,-10292.74,6637197.01,1701774.80
2026-05-19T19:39:54.000000Z,MRVL,2026-05-19T19:39:00.000000Z,176.66,7168,55054522.86,-3603402767.26,-1678944568.77,-1247006.02,22888389,15107226,-10129.86,6568869.92,1697050.90
2026-05-19T19:40:56.000000Z,MRVL,2026-05-19T19:40:00.000000Z,176.45,7168,56388080.36,-3604553703.75,-1680815222.66,-1254138.79,22737243.41,15185839.74,-9648.24,6590206.40,1702958.77
2026-05-19T19:41:58.000000Z,MRVL,2026-05-19T19:41:00.000000Z,176.51,7168,59962949.72,-3704142402.11,-1718343993.64,-1223513.91,21390848.08,14587619.24,-8826.56,6671860.14,1713356.46
2026-05-19T19:42:28.000000Z,MRVL,2026-05-19T19:42:00.000000Z,176.55,7168,61606986.55,-3704981820.25,-1720562405.39,-1212175.05,21400544.2,14586284.22,-9408.73,6673372.09,1714728.08
2026-05-19T19:43:34.000000Z,MRVL,2026-05-19T19:43:00.000000Z,176.535,7168,57792058.92,-3565385448.35,-1686090549.85,-1229681.6,22836503.07,15190336.51,-7883.39,6552550.79,1707256.95
2026-05-19T19:44:38.000000Z,MRVL,2026-05-19T19:44:00.000000Z,176.45,7168,56075959.09,-3654805025.44,-1707472752.69,-1211297.78,22178946.46,14852449.69,-6675.60,6629832.57,1712525.69
2026-05-19T19:45:38.000000Z,MRVL,2026-05-19T19:45:00.000000Z,176.14,7168,55745252.2,-3648384002.16,-1706217112.58,-1215545.95,22101083.8,14794897.88,-6319.35,6618184.81,1711710.97
2026-05-19T19:46:52.000000Z,MRVL,2026-05-19T19:46:00.000000Z,175.555,7168,53431738.21,-3720518487.87,-1738724910.53,-1174995.88,21155621.27,14384094.67,-633.73,6693743.24,1726779.60
2026-05-19T19:47:52.000000Z,MRVL,2026-05-19T19:47:00.000000Z,175.6,7168,56028223.55,-3734324788.73,-1743912163.31,-1177156.24,21081930.77,14498558.71,-2704.92,6721866.20,1739958.24
2026-05-19T19:48:52.000000Z,MRVL,2026-05-19T19:48:00.000000Z,175.41,7168,55358284.96,-3740080684.12,-1751071192.41,-1139673.37,20784003.11,14405021.1,-1231.46,6721205.01,1743798.11
2026-05-19T19:49:56.000000Z,MRVL,2026-05-19T19:49:00.000000Z,175.96,7168,52490023.84,-3575537903.43,-1724007311.33,-1177844.9,21962489.23,15017505.15,-982.85,6586032.36,1738053.34
2026-05-19T19:50:58.000000Z,MRVL,2026-05-19T19:50:00.000000Z,176.42,7168,52316774.7,-3584885183.7,-1729562229.55,-1191840.49,22077469.34,15095654.6,-1138.49,6603249.76,1743108.20
2026-05-19T19:51:30.000000Z,MRVL,2026-05-19T19:51:00.000000Z,176.215,7168,49727362.74,-3562311874,-1698201675.44,-1184621.85,21834556.33,15013990.39,-802.99,6491136.61,1717414.74
2026-05-19T19:52:32.000000Z,MRVL,2026-05-19T19:52:00.000000Z,175.885,7168,50107859.82,-3555640688.7,-1699129111.33,-1190985.6,21752853.22,15001414.01,-1716.47,6478980.58,1718368.39
2026-05-19T19:53:32.000000Z,MRVL,2026-05-19T19:53:00.000000Z,175.89,7168,58785145.59,-3425190639.54,-1711003839.39,-1209461.53,21684261.99,15055812.32,-5681.24,6401898.56,1732563.60
2026-05-19T19:54:34.000000Z,MRVL,2026-05-19T19:54:00.000000Z,175.7,7168,58804890.53,-3405846634.78,-1713041018.43,-1194787.45,21685114.43,14997687.73,-5443.30,6366831.44,1733472.54
2026-05-19T19:55:42.000000Z,MRVL,2026-05-19T19:55:00.000000Z,175.49,7168,61102711.84,-3459697311.62,-1733867631.61,-1168640.87,21240265.68,14846178.21,-6041.13,6465879.05,1749063.68
2026-05-19T19:56:46.000000Z,MRVL,2026-05-19T19:56:00.000000Z,175.7,7168,61012937.12,-3463837356.27,-1737182063.65,-1162352.42,21291130.4,14868710.15,-6146.91,6473616.44,1751674.88
2026-05-19T19:57:46.000000Z,MRVL,2026-05-19T19:57:00.000000Z,175.76,7168,53257872.43,-3371397410.05,-1715748554.18,-1160805.3,21432087.34,15025850.58,-3610.99,6228072.04,1735110.98
2026-05-19T19:58:48.000000Z,MRVL,2026-05-19T19:58:00.000000Z,176.04,7168,49712466.9,-3271471864.24,-1706225457.77,-1156724.62,21303922.91,15157488.16,-549.10,5947631.29,1729133.05
2026-05-19T19:59:50.000000Z,MRVL,2026-05-19T19:59:00.000000Z,176.27,7168,51965554.98,-3275746111.73,-1712346128.91,-1161333.01,21359627.34,15212777.9,-2026.68,5955402.00,1734687.41
