time,ticker,start_time,price,ticker_id,charm_per_one_percent_move_dir,charm_per_one_percent_move_oi,charm_per_one_percent_move_vol,gamma_per_one_percent_move_dir,gamma_per_one_percent_move_oi,gamma_per_one_percent_move_vol,vanna_per_one_percent_move_dir,vanna_per_one_percent_move_oi,vanna_per_one_percent_move_vol
2025-05-28T10:30:52.000000Z,TTD,2025-05-28T10:30:00.000000Z,76,8543,0,0,0,0,7175137.66,0,0.00,0.00,0.00
2025-05-28T11:38:33.229000Z,TTD,2025-05-28T11:38:00.000000Z,76.18,8543,0,-1054283402.81,0,0,9413030.13,0,0.00,2624274.50,0.00
2025-05-28T11:53:32.987000Z,TTD,2025-05-28T11:53:00.000000Z,76.18,8543,0,-1053204289.73,0,0,9492366.64,0,0.00,2623797.46,0.00
2025-05-28T11:55:33.308000Z,TTD,2025-05-28T11:55:00.000000Z,76.18,8543,0,-1052374378.52,0,0,9452631.62,0,0.00,2622193.88,0.00
2025-05-28T12:00:33.868000Z,TTD,2025-05-28T12:00:00.000000Z,76,8543,0,-1049914565.45,0,0,9447562.04,0,0.00,2616661.09,0.00
2025-05-28T12:01:33.389000Z,TTD,2025-05-28T12:01:00.000000Z,76,8543,0,-1050159630.63,0,0,9309665.71,0,0.00,2623291.45,0.00
2025-05-28T12:06:33.181000Z,TTD,2025-05-28T12:06:00.000000Z,76.1787,8543,0,-1052966577.75,0,0,9472162.76,0,0.00,2631756.12,0.00
2025-05-28T12:14:33.445000Z,TTD,2025-05-28T12:14:00.000000Z,76.19,8543,0,-1052018182.61,0,0,9492272.34,0,0.00,2622614.67,0.00
2025-05-28T12:22:33.410000Z,TTD,2025-05-28T12:22:00.000000Z,76.17,8543,0,-1051299788.4,0,0,9489874.71,0,0.00,2620924.11,0.00
2025-05-28T12:30:33.317000Z,TTD,2025-05-28T12:30:00.000000Z,76.17,8543,0,-1050980033.75,0,0,9469999.35,0,0.00,2621172.66,0.00
2025-05-28T12:33:33.278000Z,TTD,2025-05-28T12:33:00.000000Z,76.2994,8543,0,-1052443713.1,0,0,9522145.5,0,0.00,2625571.16,0.00
2025-05-28T12:41:33.649000Z,TTD,2025-05-28T12:41:00.000000Z,76.25,8543,0,-1051435714.59,0,0,9748617.36,0,0.00,2621294.77,0.00
2025-05-28T12:44:33.633000Z,TTD,2025-05-28T12:44:00.000000Z,76.2201,8543,0,-1050716455.43,0,0,9642167.54,0,0.00,2620611.58,0.00
2025-05-28T12:45:33.663000Z,TTD,2025-05-28T12:45:00.000000Z,76.2201,8543,0,-1050600401.65,0,0,9582375.76,0,0.00,2620911.88,0.00
2025-05-28T12:48:33.540000Z,TTD,2025-05-28T12:48:00.000000Z,76.2776,8543,0,-1051518571.16,0,0,9656721.01,0,0.00,2623993.30,0.00
2025-05-28T12:50:33.126000Z,TTD,2025-05-28T12:50:00.000000Z,76.32,8543,0,-1051715571.74,0,0,9722817.29,0,0.00,2623218.96,0.00
2025-05-28T12:52:33.438000Z,TTD,2025-05-28T12:52:00.000000Z,76.3878,8543,0,-1052466614.13,0,0,9825245.98,0,0.00,2624749.84,0.00
2025-05-28T12:59:33.290000Z,TTD,2025-05-28T12:59:00.000000Z,76.3878,8543,0,-1052169015.62,0,0,9961334.78,0,0.00,2623494.11,0.00
2025-05-28T13:00:33.290000Z,TTD,2025-05-28T13:00:00.000000Z,76.3878,8543,0,-1051477096.23,0,0,9825245.98,0,0.00,2620516.58,0.00
2025-05-28T13:04:33.558000Z,TTD,2025-05-28T13:04:00.000000Z,76.3878,8543,0,-1051778228.56,0,0,9961334.78,0,0.00,2623048.58,0.00
2025-05-28T13:05:33.491000Z,TTD,2025-05-28T13:05:00.000000Z,76.3878,8543,0,-1050737024.87,0,0,9644465.63,0,0.00,2616789.29,0.00
2025-05-28T13:18:33.391000Z,TTD,2025-05-28T13:18:00.000000Z,76.21,8543,0,-1048126966.61,0,0,9559663.63,0,0.00,2609878.36,0.00
2025-05-28T13:19:33.574000Z,TTD,2025-05-28T13:19:00.000000Z,76.21,8543,0,-1048881367.27,0,0,9579636.6,0,0.00,2619220.81,0.00
2025-05-28T13:20:33.462000Z,TTD,2025-05-28T13:20:00.000000Z,76.21,8543,0,-1048891232.72,0,0,9599621.02,0,0.00,2619552.53,0.00
2025-05-28T13:25:33.681000Z,TTD,2025-05-28T13:25:00.000000Z,76.18,8543,0,-1048283532.35,0,0,9592064.75,0,0.00,2618298.73,0.00
2025-05-28T13:27:33.477000Z,TTD,2025-05-28T13:27:00.000000Z,76.23,8543,0,-1048769212.83,0,0,9504831.17,0,0.00,2619590.59,0.00
2025-05-28T13:30:56.000000Z,TTD,2025-05-28T13:30:00.000000Z,76.355,8543,129502.71,-1077991541.72,-221336.4,1437.79,9758844.56,22913.28,161.06,2649730.81,516.16
2025-05-28T13:31:52.000000Z,TTD,2025-05-28T13:31:00.000000Z,76.125,8543,174789.52,-1095364341.52,-710114.83,1563.82,9102339.49,29253.33,148.07,2686001.85,717.96
2025-05-28T13:32:46.000000Z,TTD,2025-05-28T13:32:00.000000Z,76.17,8543,201381.02,-1096011847.53,-741282.29,1084.77,9113104.06,30039.11,-9.01,2687589.64,897.58
2025-05-28T13:33:54.000000Z,TTD,2025-05-28T13:33:00.000000Z,76.18,8543,179624.01,-1074296714.01,-1137314.47,2927.92,9346759.49,29231.42,0.14,2661913.58,1110.30
2025-05-28T13:34:46.701000Z,TTD,2025-05-28T13:34:00.000000Z,76.3913,8543,316260.71,-1077386329.08,-1326354.98,-3189.22,9398681.5,38377.81,-171.24,2669308.85,1352.58
2025-05-28T13:35:44.000000Z,TTD,2025-05-28T13:35:00.000000Z,76.42,8543,190400.69,-1064634461.83,-1598840.56,-3848.44,10015872.73,48052.25,-222.63,2639261.17,1480.59
2025-05-28T13:36:56.000000Z,TTD,2025-05-28T13:36:00.000000Z,76.6055,8543,422235.25,-1064903177.55,-2191096.07,-19525.84,10183080.3,66093.81,-378.23,2660092.77,1765.97
2025-05-28T13:37:56.000000Z,TTD,2025-05-28T13:37:00.000000Z,76.50,8543,484351.51,-1089446464.5,-2762174.2,-14424.13,9859035.27,81572.04,-326.82,2684387.11,2089.90
2025-05-28T13:38:51.105000Z,TTD,2025-05-28T13:38:00.000000Z,76.45,8543,484238.3,-1088734407.99,-2831208.8,-14140.16,9846151.86,82554.39,-397.63,2682632.61,2181.12
2025-05-28T13:39:51.848000Z,TTD,2025-05-28T13:39:00.000000Z,76.6345,8543,508277.95,-1091847494.57,-3057471.47,-15507.41,9878286.97,98725.14,-189.29,2690755.48,2517.92
2025-05-28T13:40:50.000000Z,TTD,2025-05-28T13:40:00.000000Z,76.55,8543,450145.72,-1069164059.23,-3039389.44,-17427.7,10043166.53,105481.26,-127.92,2669018.13,2534.70
2025-05-28T13:41:50.000000Z,TTD,2025-05-28T13:41:00.000000Z,76.60,8543,449205.9,-1078305922.04,-3208174,-19539.6,10017855.9,107585.67,-161.97,2680392.84,2676.28
2025-05-28T13:42:46.000000Z,TTD,2025-05-28T13:42:00.000000Z,76.635,8543,329501.93,-1071809465.04,-3419535.99,-17401.27,10126631.09,115920.76,-46.23,2675934.61,2832.84
2025-05-28T13:43:58.000000Z,TTD,2025-05-28T13:43:00.000000Z,76.73,8543,660541.49,-1065704040.41,-3699555.61,-22749.14,10318515.29,122373.38,-154.65,2668151.75,2917.83
2025-05-28T13:44:54.000000Z,TTD,2025-05-28T13:44:00.000000Z,76.715,8543,838936.54,-1066144462.11,-4066761.49,-40697.96,10274752.01,148688.57,-250.97,2672304.99,3194.56
2025-05-28T13:45:46.000000Z,TTD,2025-05-28T13:45:00.000000Z,76.54,8543,733496.33,-1063712404.74,-4242921.24,-38089.78,10227928.56,151549.58,-114.02,2666209.00,3339.79
2025-05-28T13:46:51.885000Z,TTD,2025-05-28T13:46:00.000000Z,76.375,8543,191921.89,-1084815618.47,-5102754.84,-31903.05,9938687.19,157998.92,9.93,2685244.49,3755.85
2025-05-28T13:47:44.000000Z,TTD,2025-05-28T13:47:00.000000Z,76.34,8543,315071.35,-1093313575.54,-5472692.48,-32995.65,9614834.99,163258.04,-11.12,2681706.34,3956.80
2025-05-28T13:48:50.000000Z,TTD,2025-05-28T13:48:00.000000Z,76.19,8543,463095.99,-1101173162.5,-5523800.69,-42562.24,9322165.84,149694.05,-75.01,2689917.80,4086.40
2025-05-28T13:49:51.730000Z,TTD,2025-05-28T13:49:00.000000Z,76.145,8543,509680.15,-1099751554.12,-5845712.85,-37321.96,9522315.22,154747.76,32.96,2688997.07,4343.96
2025-05-28T13:50:48.000000Z,TTD,2025-05-28T13:50:00.000000Z,76.14,8543,556192.79,-1102317050.76,-6115760.18,-38087.27,9297070.79,163888.7,59.31,2690505.91,4461.55
2025-05-28T13:51:54.049000Z,TTD,2025-05-28T13:51:00.000000Z,76.18,8543,592564.94,-1105283919.71,-6221070.08,-39029.21,8966572.49,162241.72,52.46,2702088.35,4518.30
2025-05-28T13:52:53.445000Z,TTD,2025-05-28T13:52:00.000000Z,76.265,8543,648526.88,-1078548046.98,-6244659.43,-38700.06,9359669.92,170453.05,14.36,2683098.04,4521.77
2025-05-28T13:53:54.000000Z,TTD,2025-05-28T13:53:00.000000Z,76.26,8543,2983743.57,-1069706922.23,-8715424.39,-66637.83,9438025.74,207627.55,-673.24,2669520.18,5432.28
2025-05-28T13:54:52.829000Z,TTD,2025-05-28T13:54:00.000000Z,76.205,8543,3057311.77,-1071179260.02,-8831584.7,-59447.41,9420051.89,200197.25,-755.62,2671415.90,5544.10
2025-05-28T13:55:52.552000Z,TTD,2025-05-28T13:55:00.000000Z,76.15,8543,3074530.75,-1075812628.54,-8858281.82,-57987.91,9458851.56,199007.39,-741.27,2674022.19,5566.44
2025-05-28T13:56:52.419000Z,TTD,2025-05-28T13:56:00.000000Z,76.155,8543,2557309.95,-1081667471.66,-11545278.91,-68086.35,9342626.88,217938.59,-709.10,2681028.47,6227.75
2025-05-28T13:57:50.000000Z,TTD,2025-05-28T13:57:00.000000Z,75.945,8543,2109893.53,-1078431513.25,-12034486.83,-69761.43,9485604.49,222132.78,-528.06,2670413.48,6491.30
2025-05-28T13:58:54.000000Z,TTD,2025-05-28T13:58:00.000000Z,76.08,8543,2771609.77,-1096193811.22,-12763456,-74072.6,9457791.69,223130.18,-724.14,2684794.34,6749.80
2025-05-28T13:59:36.000000Z,TTD,2025-05-28T13:59:00.000000Z,76.08,8543,2721568.12,-1096694856.55,-12782122.86,-74104.07,9071068.47,219491.81,-695.20,2691822.60,6862.53
2025-05-28T14:00:52.000000Z,TTD,2025-05-28T14:00:00.000000Z,76.375,8543,3448222.58,-1095660146.84,-13641959.78,-95149.59,9314597.68,246310.64,-989.84,2698654.54,7195.21
2025-05-28T14:01:56.000000Z,TTD,2025-05-28T14:01:00.000000Z,76.47,8543,3064652.78,-1066445378.93,-12963940.84,-104277.82,9906750.14,263981.83,-891.54,2667868.43,6951.12
2025-05-28T14:02:56.000000Z,TTD,2025-05-28T14:02:00.000000Z,76.29,8543,3013789.44,-1075930463.07,-12949293.84,-103001.09,9655995.27,259565.26,-878.94,2680949.14,6964.40
2025-05-28T14:03:59.451000Z,TTD,2025-05-28T14:03:00.000000Z,76.26,8543,3218818.96,-1087742529.71,-13221171.53,-100329.01,9653928.84,254006.83,-938.84,2689563.08,7075.57
2025-05-28T14:04:58.933000Z,TTD,2025-05-28T14:04:00.000000Z,76.21,8543,3242490.9,-1090453761.91,-13290564.07,-99315.79,9579190.44,253327.38,-887.55,2690620.55,7177.49
2025-05-28T14:05:46.000000Z,TTD,2025-05-28T14:05:00.000000Z,76.225,8543,3206628.67,-1096224401.37,-13341370.25,-97529.53,9356811.77,252158.02,-917.13,2692325.79,7243.22
2025-05-28T14:06:50.000000Z,TTD,2025-05-28T14:06:00.000000Z,76.2519,8543,3177085.33,-1089524765.4,-13349718.84,-98508.49,9466906.43,254237.7,-900.06,2681563.70,7270.40
2025-05-28T14:07:54.000000Z,TTD,2025-05-28T14:07:00.000000Z,76.31,8543,4100110.96,-1079105242.74,-12951643.91,-131498.72,9534909.52,211283.68,-1888.33,2680622.42,7297.05
2025-05-28T14:08:52.000000Z,TTD,2025-05-28T14:08:00.000000Z,76.45,8543,3791285.75,-1062936637.91,-12558360.69,-140333.4,9981483.27,224886.22,-1772.80,2660260.47,7104.55
2025-05-28T14:09:56.000000Z,TTD,2025-05-28T14:09:00.000000Z,76.375,8543,4190327.01,-1066906415.69,-12286080.69,-308925.37,9856307.82,40744.6,-1110.85,2667733.06,7937.40
2025-05-28T14:10:54.000000Z,TTD,2025-05-28T14:10:00.000000Z,76.34,8543,4110648.89,-1074398838.77,-12543449.85,-315980.4,9771705.83,28205.46,-927.24,2677926.96,8152.01
2025-05-28T14:11:42.000000Z,TTD,2025-05-28T14:11:00.000000Z,76.3403,8543,4295539.41,-1077885200.33,-12610197.76,-312558,9704609.71,33303.38,-1118.67,2681333.97,8039.98
2025-05-28T14:12:40.000000Z,TTD,2025-05-28T14:12:00.000000Z,76.30,8543,4289611.73,-1076285561.16,-12663035.18,-314664.99,9769131.14,29535.34,-998.49,2677820.58,8185.73
2025-05-28T14:13:52.000000Z,TTD,2025-05-28T14:13:00.000000Z,76.435,8543,4335164.44,-1075601319.87,-12669483.17,-312986.7,9705789.72,41038.36,-1106.90,2680699.34,8124.60
2025-05-28T14:14:38.000000Z,TTD,2025-05-28T14:14:00.000000Z,76.37,8543,4283205.8,-1070794201.53,-12746539.43,-315716.62,9739537.31,42382.05,-1030.61,2672538.14,8257.46
2025-05-28T14:15:42.000000Z,TTD,2025-05-28T14:15:00.000000Z,76.34,8543,4259925.26,-1074452605.39,-12742061.02,-315204.91,9867961.72,39120.29,-948.17,2675852.45,8330.20
2025-05-28T14:16:50.000000Z,TTD,2025-05-28T14:16:00.000000Z,76.35,8543,4451857.6,-1081477015.76,-12747418.08,-313290.9,9631080.63,34735.12,-1024.31,2685498.67,8373.68
2025-05-28T14:17:52.000000Z,TTD,2025-05-28T14:17:00.000000Z,76.355,8543,4533656.42,-1078732256.77,-12906816.06,-316624.79,9661521.81,31886.36,-1226.24,2683054.55,8884.40
2025-05-28T14:18:52.000000Z,TTD,2025-05-28T14:18:00.000000Z,76.35,8543,4463304.39,-1078065131.51,-12890634.86,-320912.34,9609860.47,29506.17,-1164.28,2681604.13,8952.99
2025-05-28T14:19:09.920000Z,TTD,2025-05-28T14:19:00.000000Z,76.335,8543,4433431.92,-1077853330.89,-12860598.02,-320748.7,9606084.86,29634.37,-1153.82,2681077.29,8952.61
2025-05-28T14:20:40.000000Z,TTD,2025-05-28T14:20:00.000000Z,76.26,8543,4506109.61,-1084290985.72,-13083885.11,-311055.14,9744407.53,34315.35,-1243.88,2683164.67,8982.46
2025-05-28T14:21:08.839000Z,TTD,2025-05-28T14:21:00.000000Z,76.26,8543,4506109.61,-1084283817.48,-13083885.11,-311055.14,9744407.53,34315.35,-1243.88,2683164.12,8982.46
2025-05-28T14:22:52.000000Z,TTD,2025-05-28T14:22:00.000000Z,76.31,8543,4645170.36,-1106782409.32,-13304436.3,-316537.76,9759701.89,36082.98,-1288.29,2699326.77,9005.49
2025-05-28T14:23:54.000000Z,TTD,2025-05-28T14:23:00.000000Z,76.38,8543,4416505.63,-1091196008.76,-13229474.69,-322619.38,9633397.36,34624.07,-1145.67,2694099.82,9083.75
2025-05-28T14:24:40.000000Z,TTD,2025-05-28T14:24:00.000000Z,76.37,8543,4274638.48,-1089268952.04,-13415419.57,-321058.03,9810189.1,54453.97,-1207.76,2686233.36,9563.29
2025-05-28T14:25:36.000000Z,TTD,2025-05-28T14:25:00.000000Z,76.30,8543,4496864.59,-1096679374.4,-13522983.51,-319285.48,9891644.51,65100.73,-1444.40,2690059.58,9488.72
2025-05-28T14:26:48.000000Z,TTD,2025-05-28T14:26:00.000000Z,76.30,8543,4594561.81,-1098081062.14,-13862442.58,-327307.91,9785025.89,59851.37,-1361.10,2691787.52,9680.51
2025-05-28T14:27:40.000000Z,TTD,2025-05-28T14:27:00.000000Z,76.32,8543,4678495.74,-1100710251.09,-14052564.36,-330439.89,9679996.36,59698.57,-1323.55,2693197.61,9790.94
2025-05-28T14:28:28.000000Z,TTD,2025-05-28T14:28:00.000000Z,76.34,8543,4679193.1,-1100998697.17,-14055718.23,-330530.92,9685070.4,59647.68,-1319.90,2693903.38,9789.51
2025-05-28T14:29:36.000000Z,TTD,2025-05-28T14:29:00.000000Z,76.30,8543,4593790.69,-1095669838.93,-14150132.16,-327136.57,9808196.7,66096.4,-1250.63,2691685.92,9915.08
2025-05-28T14:30:46.000000Z,TTD,2025-05-28T14:30:00.000000Z,76.29,8543,4453706.34,-1097910033.13,-14183379.74,-325485.65,9698742.59,67697.22,-1300.32,2689692.87,9813.99
2025-05-28T14:31:42.000000Z,TTD,2025-05-28T14:31:00.000000Z,76.21,8543,4539354.28,-1105466592.04,-14546416.16,-328191.03,9631962.96,60706.85,-1249.32,2691320.33,10039.42
2025-05-28T14:32:56.000000Z,TTD,2025-05-28T14:32:00.000000Z,76.24,8543,4522860.96,-1099476369.25,-14657579.65,-337046.87,9586020.69,62002.71,-1268.35,2689086.86,10310.84
2025-05-28T14:33:34.000000Z,TTD,2025-05-28T14:33:00.000000Z,76.1738,8543,4661107.45,-1098004416.02,-14785479.23,-334483.78,9621440.11,66092.14,-1280.44,2688421.74,10454.15
2025-05-28T14:34:52.000000Z,TTD,2025-05-28T14:34:00.000000Z,76.30,8543,4454609.98,-1090888388.98,-14649570.72,-337870.63,9628500.38,75192.87,-1195.34,2682047.21,10442.20
2025-05-28T14:35:48.000000Z,TTD,2025-05-28T14:35:00.000000Z,76.295,8543,4481961.58,-1091797152.61,-14795494.29,-334849.01,9694225.18,76193.41,-1275.67,2692353.49,10605.78
2025-05-28T14:36:42.000000Z,TTD,2025-05-28T14:36:00.000000Z,76.31,8543,4442115.22,-1087077984.23,-14898446.7,-333992.43,9825808.76,83294.96,-1338.52,2689470.02,10699.30
2025-05-28T14:37:48.000000Z,TTD,2025-05-28T14:37:00.000000Z,76.34,8543,4330794.33,-1090336064.39,-14921221.51,-333910.57,9941636.63,85132.74,-1296.58,2688117.20,10745.88
2025-05-28T14:38:46.000000Z,TTD,2025-05-28T14:38:00.000000Z,76.27,8543,4448012.92,-1093334433.9,-14956445.98,-334405.93,9674806.35,78475.18,-1448.50,2692587.69,10637.08
2025-05-28T14:39:46.000000Z,TTD,2025-05-28T14:39:00.000000Z,76.25,8543,4505578.76,-1093788670.72,-14987771.19,-334268.45,9717127.68,74965.45,-1463.24,2694648.47,10635.91
2025-05-28T14:40:30.000000Z,TTD,2025-05-28T14:40:00.000000Z,76.24,8543,4507311.96,-1093645223.03,-15002031.04,-334585.51,9714579.1,71352.26,-1475.70,2694295.07,10629.98
2025-05-28T14:41:52.000000Z,TTD,2025-05-28T14:41:00.000000Z,76.37,8543,4487032.17,-1086269714.37,-15157213.22,-352169.33,9706025.47,84755.2,-1378.25,2686362.60,10897.10
2025-05-28T14:42:58.000000Z,TTD,2025-05-28T14:42:00.000000Z,76.345,8543,4151144.13,-1089645741.81,-15535484.67,-347963.62,9676918.1,84091.48,-1264.45,2689276.99,11042.44
2025-05-28T14:43:54.000000Z,TTD,2025-05-28T14:43:00.000000Z,76.35,8543,4276195.45,-1092039568.08,-15547439.61,-343548.28,9711002.13,80844.69,-1357.06,2690756.06,10986.05
2025-05-28T14:44:58.000000Z,TTD,2025-05-28T14:44:00.000000Z,76.33,8543,4277023.36,-1087164465.17,-15586440.36,-348062.63,9617020.15,81922.53,-1393.01,2688578.72,11100.43
2025-05-28T14:45:46.000000Z,TTD,2025-05-28T14:45:00.000000Z,76.19,8543,4404957.46,-1093019217,-15638190.69,-346754.87,9638216.03,77144.79,-1433.15,2691142.82,11082.24
2025-05-28T14:46:58.000000Z,TTD,2025-05-28T14:46:00.000000Z,76.30,8543,5262944.44,-1097826328.1,-14456958.23,-344341.71,9700330.49,76811.46,-1403.94,2697779.84,10750.61
2025-05-28T14:47:54.000000Z,TTD,2025-05-28T14:47:00.000000Z,76.32,8543,5060997.61,-1085929060.22,-14491827.72,-348662.21,9702936.9,82655.36,-1260.14,2689366.59,11035.18
2025-05-28T14:48:56.000000Z,TTD,2025-05-28T14:48:00.000000Z,76.33,8543,4934294.26,-1084506002.33,-14665224.04,-344198.59,9736703.35,88300.39,-1085.36,2686240.07,11301.91
2025-05-28T14:49:56.000000Z,TTD,2025-05-28T14:49:00.000000Z,76.42,8543,4766467.79,-1081763920.25,-14726015.98,-337065.85,9844821.5,100710.4,-1230.54,2684512.37,11295.24
2025-05-28T14:50:58.000000Z,TTD,2025-05-28T14:50:00.000000Z,76.34,8543,4565860.25,-1080836145.72,-14846231.87,-335881.36,9913382.34,112257.47,-999.10,2683319.45,11500.18
2025-05-28T14:51:40.000000Z,TTD,2025-05-28T14:51:00.000000Z,76.35,8543,4790420.82,-1091259974.66,-15034134.86,-335405.08,9748284.67,102867.05,-1138.04,2695964.50,11744.76
2025-05-28T14:53:44.000000Z,TTD,2025-05-28T14:53:00.000000Z,76.24,8543,4949062.19,-1090993313.6,-14560974.39,-347374.91,9712584.41,92839.7,-1229.31,2691733.24,11629.78
2025-05-28T14:54:34.000000Z,TTD,2025-05-28T14:54:00.000000Z,76.29,8543,4978942.94,-1096005111.47,-14622152.35,-343764.52,9714509.43,92956.35,-1278.82,2694232.25,11678.27
2025-05-28T14:55:56.000000Z,TTD,2025-05-28T14:55:00.000000Z,76.27,8543,4992126.01,-1104551648.53,-15424511.97,-347521.14,9522766.03,195613.07,-1195.05,2699280.29,28959.49
2025-05-28T14:56:40.000000Z,TTD,2025-05-28T14:56:00.000000Z,76.19,8543,-38838673.16,-1108945945.31,-59503397.63,-111879.8,9556881.47,427267.2,10173.40,2700773.92,40312.32
2025-05-28T14:57:52.000000Z,TTD,2025-05-28T14:57:00.000000Z,76.1597,8543,-39194405.5,-1112772085.26,-60496081.59,-108571.36,9444750.03,419169.77,10145.70,2703762.93,40858.63
2025-05-28T14:58:44.000000Z,TTD,2025-05-28T14:58:00.000000Z,76.185,8543,-39188988.35,-1107832659.86,-60354379.4,-101972.49,9459852.48,420739.32,10127.29,2699959.46,40839.54
2025-05-28T14:59:32.000000Z,TTD,2025-05-28T14:59:00.000000Z,76.14,8543,-39168802.18,-1107178299.16,-60315768.55,-101324.13,9448680.53,419714.49,10161.24,2698364.68,40775.49
2025-05-28T15:00:32.462000Z,TTD,2025-05-28T15:00:00.000000Z,76.145,8543,-39221710.98,-1111438154.27,-60484694.68,-104872.07,9357419.91,412090.83,10094.13,2701446.35,40781.89
2025-05-28T15:01:42.000000Z,TTD,2025-05-28T15:01:00.000000Z,76.21,8543,-39412372.2,-1095198490.13,-60215636.23,-113682.37,9367040.24,429459.74,10419.86,2695428.74,41062.32
2025-05-28T15:02:50.000000Z,TTD,2025-05-28T15:02:00.000000Z,76.12,8543,-39487951.6,-1107906601.19,-60953276.68,-124569.9,8932608.68,401894.17,10212.31,2708677.95,41271.04
2025-05-28T15:03:36.000000Z,TTD,2025-05-28T15:03:00.000000Z,76.17,8543,-39374864.98,-1098248493.68,-60360929.67,-118764.03,9270930.9,420473.15,10299.72,2696698.95,41203.38
2025-05-28T15:04:54.000000Z,TTD,2025-05-28T15:04:00.000000Z,76.25,8543,-39628606.6,-1086843703.63,-60170608.49,-122912.37,9496502.72,441700.65,10536.75,2694069.64,41066.62
2025-05-28T15:05:30.000000Z,TTD,2025-05-28T15:05:00.000000Z,76.20,8543,-39670340.13,-1086131019.24,-60167438.61,-118960.66,9484052.37,440336.55,10778.63,2692303.04,41107.68
2025-05-28T15:06:52.000000Z,TTD,2025-05-28T15:06:00.000000Z,76.21,8543,-39570094.06,-1084739274.99,-59884769.47,-116358.73,9637570.34,451233.05,10713.01,2684978.98,41053.57
2025-05-28T15:07:52.000000Z,TTD,2025-05-28T15:07:00.000000Z,76.23,8543,-39598971.11,-1089981643.75,-60008214.77,-118165.2,9356902.45,437351.56,10821.83,2697309.70,41258.64
2025-05-28T15:08:48.000000Z,TTD,2025-05-28T15:08:00.000000Z,76.15,8543,-39645065.4,-1101042810.8,-60662574.88,-122269.11,9396091.6,432295.76,10487.59,2698464.88,41203.10
2025-05-28T15:09:48.000000Z,TTD,2025-05-28T15:09:00.000000Z,76.12,8543,-39589526.07,-1094807219.87,-60398808.98,-122889.39,9432443.73,434709.9,10562.74,2692901.80,41191.96
2025-05-28T15:10:32.945000Z,TTD,2025-05-28T15:10:00.000000Z,76.025,8543,-39574168.28,-1093438903.46,-60357480.59,-124266.57,9408914.49,431941.79,10576.60,2689540.96,41167.59
2025-05-28T15:11:28.000000Z,TTD,2025-05-28T15:11:00.000000Z,75.95,8543,-39718471.88,-1102668387.16,-61401910.7,-122753.53,9136939.98,415168.4,10440.90,2696748.67,41444.84
2025-05-28T15:12:28.000000Z,TTD,2025-05-28T15:12:00.000000Z,75.995,8543,-39907636.47,-1095250274.71,-61711723.04,-128955.6,9234472.99,404468.32,10548.23,2697061.37,41721.70
2025-05-28T15:13:32.000000Z,TTD,2025-05-28T15:13:00.000000Z,75.985,8543,-39782810.9,-1094350516.3,-61688178.94,-132133.74,9094777.13,409960.72,9443.80,2692347.59,42820.03
2025-05-28T15:14:32.583000Z,TTD,2025-05-28T15:14:00.000000Z,76.025,8543,-39826114.9,-1100141353.23,-61884645.54,-134831.32,9030545.04,402412.31,9420.68,2697626.84,42874.61
2025-05-28T15:15:31.716000Z,TTD,2025-05-28T15:15:00.000000Z,75.99,8543,-39801421.78,-1095237245.37,-61675416.95,-137389.67,8926051.25,400424.42,9636.84,2698472.06,43009.41
2025-05-28T15:16:30.000000Z,TTD,2025-05-28T15:16:00.000000Z,76.015,8543,-40013397.73,-1089735629.98,-61916397.18,-128381.3,9063426.9,416763.56,9587.25,2692483.80,42961.54
2025-05-28T15:17:48.000000Z,TTD,2025-05-28T15:17:00.000000Z,75.97,8543,-39747074.73,-1091658440.19,-61627635.6,-123601.7,8922804.22,405562.28,9535.71,2691662.01,42850.32
2025-05-28T15:18:32.504000Z,TTD,2025-05-28T15:18:00.000000Z,75.89,8543,-39674952.17,-1090358642.08,-61630158.85,-122222.11,8904021.84,406045.71,9546.34,2688813.84,42877.05
2025-05-28T15:19:52.000000Z,TTD,2025-05-28T15:19:00.000000Z,75.95,8543,-39754126.74,-1094274053.58,-62084982.26,-131443.17,8956322.09,400490.95,9349.56,2691582.99,42927.25
2025-05-28T15:20:56.000000Z,TTD,2025-05-28T15:20:00.000000Z,76,8543,-39737313.89,-1079129532.99,-61309856.16,-125688.45,9081358.35,419300.58,9736.10,2679718.35,42882.66
2025-05-28T15:21:48.000000Z,TTD,2025-05-28T15:21:00.000000Z,76.03,8543,-39773334.22,-1086494051.07,-61707872.64,-129525.74,9141221.04,415986.27,9536.94,2689733.15,42935.50
2025-05-28T15:22:33.748000Z,TTD,2025-05-28T15:22:00.000000Z,76.07,8543,-39792816.53,-1087135897.25,-61741780.42,-129402.94,9150842.11,416164.96,9537.16,2691155.63,42962.88
2025-05-28T15:23:30.000000Z,TTD,2025-05-28T15:23:00.000000Z,76.075,8543,-39787375.77,-1081465703.43,-61456008.85,-124434.61,9194803.92,423193.02,9643.83,2684218.98,42943.42
2025-05-28T15:24:48.000000Z,TTD,2025-05-28T15:24:00.000000Z,76.08,8543,-39699269.03,-1088913507.94,-61713530.53,-122416.32,9144414.35,417880.09,9533.26,2693258.26,42939.73
2025-05-28T15:25:24.000000Z,TTD,2025-05-28T15:25:00.000000Z,76.10,8543,-39714142.79,-1089199762.81,-61747691.92,-123035.03,9149222.77,418908.29,9519.19,2693966.27,42993.87
2025-05-28T15:26:32.785000Z,TTD,2025-05-28T15:26:00.000000Z,76.04,8543,-39610576.67,-1089456845.08,-61475780.84,-122974.69,9153740.96,426107.74,9558.77,2685704.40,42894.15
2025-05-28T15:27:46.000000Z,TTD,2025-05-28T15:27:00.000000Z,76.045,8543,-39572580.47,-1095883455.73,-61930732.96,-125596.05,9014686.72,414644.15,9322.12,2691573.08,42969.52
2025-05-28T15:28:58.000000Z,TTD,2025-05-28T15:28:00.000000Z,75.86,8543,-39482270.71,-1105183491.39,-62442410.9,-136007.15,8997443.58,401425.45,9355.99,2691818.35,43196.19
2025-05-28T15:29:30.000000Z,TTD,2025-05-28T15:29:00.000000Z,75.89,8543,-39419217.77,-1105620553.15,-62578280.82,-134949.23,9004561.34,402782.52,9346.01,2692882.86,43254.70
2025-05-28T15:30:44.000000Z,TTD,2025-05-28T15:30:00.000000Z,75.85,8543,-39525659.01,-1091915751.31,-62716152.6,-139944.41,8582007.34,385301,9225.62,2692242.56,43127.44
2025-05-28T15:31:58.000000Z,TTD,2025-05-28T15:31:00.000000Z,76.07,8543,-39245644.64,-1084417077.31,-61787901.46,-154663.3,9177126.07,446591.06,9645.45,2684214.56,43142.37
2025-05-28T15:32:36.000000Z,TTD,2025-05-28T15:32:00.000000Z,76.06,8543,-39244740.98,-1084274522.16,-61773976.01,-154023.94,9174713.42,445657.26,9668.28,2683861.70,43103.84
2025-05-28T15:33:37.848000Z,TTD,2025-05-28T15:33:00.000000Z,76.04,8543,-39206399.67,-1085699544.09,-61927092.47,-150816.87,9156852.51,450438.35,9548.92,2688075.62,43058.79
2025-05-28T15:34:36.000000Z,TTD,2025-05-28T15:34:00.000000Z,76.04,8543,-39044231.19,-1086753994.17,-62113304.86,-146314.08,9042103.36,444367.26,9438.73,2689215.07,42938.94
2025-05-28T15:35:38.000000Z,TTD,2025-05-28T15:35:00.000000Z,76.08,8543,-39108851.59,-1087581751.06,-62168720.02,-147646.56,9123822.79,447706.59,9494.58,2688387.51,43009.64
2025-05-28T15:36:38.000000Z,TTD,2025-05-28T15:36:00.000000Z,76.075,8543,-39104886.83,-1083688989.5,-61908366.07,-143840.11,9162097.42,450491.49,9575.15,2683536.07,42942.73
2025-05-28T15:37:37.911000Z,TTD,2025-05-28T15:37:00.000000Z,76.135,8543,-39208996.31,-1083566189.1,-61987111.03,-145826.01,9107543.45,449627.09,9629.85,2688987.78,42998.72
2025-05-28T15:38:37.156000Z,TTD,2025-05-28T15:38:00.000000Z,76.1974,8543,-39290315.94,-1083174138.56,-61799771.9,-146160.48,9189578.87,455361.68,9847.21,2694291.71,43126.84
2025-05-28T15:39:54.000000Z,TTD,2025-05-28T15:39:00.000000Z,76.32,8543,-38585570.28,-1076701255.7,-61539291.18,-153871.44,9594485.39,513726.26,9881.08,2683278.20,43107.48
2025-05-28T15:40:36.000000Z,TTD,2025-05-28T15:40:00.000000Z,76.34,8543,-38293453.51,-1076983410.12,-62284240.9,-160968.49,9599514.61,529068.39,9795.09,2683981.36,43355.40
2025-05-28T15:41:38.000000Z,TTD,2025-05-28T15:41:00.000000Z,76.36,8543,-38892938.44,-1091193020.45,-61051650.03,-149757.62,9334464.88,553478.95,9938.88,2695655.92,43244.92
2025-05-28T15:42:46.000000Z,TTD,2025-05-28T15:42:00.000000Z,76.50,8543,-38544192.04,-1083251631.73,-62057582.31,-155897.03,10029341.53,619752.19,10087.01,2683200.87,44347.70
2025-05-28T15:43:52.000000Z,TTD,2025-05-28T15:43:00.000000Z,76.54,8543,-38296723.4,-1085973697.7,-62172948.94,-162323.84,9925612.28,628945.19,9999.02,2690536.74,44353.98
2025-05-28T15:44:56.000000Z,TTD,2025-05-28T15:44:00.000000Z,76.46,8543,-37819097.01,-1089692903.38,-62340726.64,-169895.85,10091269.42,650020.67,9580.36,2694871.36,44226.65
2025-05-28T15:45:56.000000Z,TTD,2025-05-28T15:45:00.000000Z,76.5099,8543,-38681776.59,-1092658612.48,-63427777.01,-167361.09,9989707.83,641024.92,9833.83,2698320.59,44594.68
2025-05-28T15:46:52.000000Z,TTD,2025-05-28T15:46:00.000000Z,76.48,8543,-38323893.94,-1090172094.68,-62391851.71,-154076.6,9894808.13,644883.34,9873.45,2692546.45,43562.02
2025-05-28T15:47:46.000000Z,TTD,2025-05-28T15:47:00.000000Z,76.53,8543,-38820212.58,-1079451195.05,-62246465.11,-146199.41,10240916.88,671143.08,10152.32,2683788.72,43459.19
2025-05-28T15:48:32.000000Z,TTD,2025-05-28T15:48:00.000000Z,76.465,8543,-38804129.66,-1078534373.84,-62210621.68,-144118.26,10223528.22,671845.31,10220.54,2681509.27,43500.97
2025-05-28T15:49:32.000000Z,TTD,2025-05-28T15:49:00.000000Z,76.4725,8543,-38711279.9,-1087132521.65,-62577881.74,-148758.38,10113408.73,652640.88,9826.10,2683206.76,42959.22
2025-05-28T15:50:58.000000Z,TTD,2025-05-28T15:50:00.000000Z,76.505,8543,-38519722.88,-1084158337.36,-62660067.31,-160759.42,10036966.8,638595.54,8994.71,2689821.31,42350.64
2025-05-28T15:51:38.000000Z,TTD,2025-05-28T15:51:00.000000Z,76.505,8543,-38519418.27,-1084158337.36,-62659762.7,-160812.32,10036966.8,638542.64,8991.25,2689821.31,42347.18
2025-05-28T15:52:40.934000Z,TTD,2025-05-28T15:52:00.000000Z,76.53,8543,-38695530.38,-1083432303.71,-62381389.02,-156485.73,10007370.65,639100.59,9169.34,2688575.77,42283.16
2025-05-28T15:53:41.200000Z,TTD,2025-05-28T15:53:00.000000Z,76.535,8543,-38732239.05,-1080254692.85,-62156327.34,-153004.16,10157602.12,651782.29,9160.64,2682311.31,42192.33
2025-05-28T15:54:52.000000Z,TTD,2025-05-28T15:54:00.000000Z,76.48,8543,-38897486,-1085400319.82,-62726503.09,-155968.84,10055761.55,653771.3,8904.25,2692092.65,42319.19
2025-05-28T15:55:40.692000Z,TTD,2025-05-28T15:55:00.000000Z,76.49,8543,-38902792.42,-1085612170.31,-62787399.72,-155966.37,10058391.37,654854.43,8909.27,2692451.79,42396.22
2025-05-28T15:56:58.000000Z,TTD,2025-05-28T15:56:00.000000Z,76.435,8543,-38779315.13,-1089465213.29,-63353324.15,-163493.95,9955202.44,640232.66,8742.69,2693917.03,42502.87
2025-05-28T15:57:40.749000Z,TTD,2025-05-28T15:57:00.000000Z,76.43,8543,-38900120.76,-1089406203.06,-63472522.27,-139089.48,9953899.79,664531.98,8751.06,2693738.84,42509.04
2025-05-28T15:58:40.419000Z,TTD,2025-05-28T15:58:00.000000Z,76.465,8543,-38876526.48,-1088145004.03,-63436630.77,-135268.07,9946796.98,676843.83,8713.13,2691962.60,42557.64
2025-05-28T15:59:44.000000Z,TTD,2025-05-28T15:59:00.000000Z,76.4213,8543,-38959030.54,-1084370864.78,-63117370.43,-131091.32,10018939.08,685523.04,8869.19,2686920.35,42699.32
2025-05-28T16:00:54.000000Z,TTD,2025-05-28T16:00:00.000000Z,76.41,8543,-38985013.44,-1083314141.08,-63241338.63,-128851.07,9980202.98,677702.28,8839.93,2687512.91,42739.56
2025-05-28T16:01:43.625000Z,TTD,2025-05-28T16:01:00.000000Z,76.45,8543,-39004444.24,-1083872342.64,-63273690.73,-129183.78,9990654.83,678290.92,8840.30,2688919.12,42766.96
2025-05-28T16:02:43.485000Z,TTD,2025-05-28T16:02:00.000000Z,76.52,8543,-39052020.66,-1088033049.26,-63332012.74,-127588.58,10023454.37,682363.26,8899.66,2691523.81,42815.18
2025-05-28T16:03:56.000000Z,TTD,2025-05-28T16:03:00.000000Z,76.52,8543,-38865000.73,-1079073564.86,-62911823.61,-133071.7,10039592.85,697203.44,8707.69,2685208.29,42936.89
2025-05-28T16:04:50.000000Z,TTD,2025-05-28T16:04:00.000000Z,76.58,8543,-38540709.6,-1077504886.12,-62774761.64,-134040.39,10211814.75,717037.75,8694.39,2681537.21,43102.57
2025-05-28T16:05:40.000000Z,TTD,2025-05-28T16:05:00.000000Z,76.575,8543,-38109507.09,-1077434534.53,-63387003.98,-140125.42,10210481.31,724464.6,8512.07,2681362.12,43384.65
2025-05-28T16:06:43.108000Z,TTD,2025-05-28T16:06:00.000000Z,76.64,8543,-37502450.5,-1079106776.97,-63941268.76,-145003.97,10219432.28,745715.01,7800.83,2686017.06,43865.62
2025-05-28T16:07:43.190000Z,TTD,2025-05-28T16:07:00.000000Z,76.66,8543,-37206785.43,-1073411123.66,-63820827.24,-151560.06,10432954.39,779583.45,7430.13,2681280.90,44192.11
2025-05-28T16:08:56.000000Z,TTD,2025-05-28T16:08:00.000000Z,76.72,8543,-37651368.31,-1080650346.95,-63901781.74,-51578.01,10527677.21,769759.78,7263.17,2684944.43,44748.05
2025-05-28T16:09:58.000000Z,TTD,2025-05-28T16:09:00.000000Z,76.77,8543,-37285539.56,-1079900805.39,-63736627.26,-53702.88,10611062.55,785079.83,6951.55,2683101.44,45118.19
2025-05-28T16:10:47.282000Z,TTD,2025-05-28T16:10:00.000000Z,76.76,8543,-37328747.2,-1079760628.12,-63877490.49,-45448.25,10608298.35,795771.83,7153.74,2682751.98,45413.39
2025-05-28T16:11:52.000000Z,TTD,2025-05-28T16:11:00.000000Z,76.78,8543,-37322705.53,-1076577700.09,-63821339.83,-48733.79,10718162.96,798335,7311.51,2682195.60,45699.44
2025-05-28T16:12:44.000000Z,TTD,2025-05-28T16:12:00.000000Z,76.763,8543,-37520700.39,-1076339333.06,-64023640.44,-22244.94,10713417.23,825481.65,12605.86,2681601.73,51023.40
2025-05-28T16:13:46.058000Z,TTD,2025-05-28T16:13:00.000000Z,76.75,8543,-37339414.71,-1079777575.75,-64297904.91,-27851.71,10501817.79,823344.59,12417.79,2684701.11,51065.86
2025-05-28T16:14:46.272000Z,TTD,2025-05-28T16:14:00.000000Z,76.765,8543,-37353845.37,-1078004035.7,-64401241.76,-25070.18,10501112.06,821732.35,12366.80,2684482.87,51048.25
2025-05-28T16:15:46.000000Z,TTD,2025-05-28T16:15:00.000000Z,76.755,8543,-37553002.29,-1075241432.43,-64327844.04,-19351.67,10626228.03,826557.53,12408.24,2682251.36,50911.64
2025-05-28T16:16:44.000000Z,TTD,2025-05-28T16:16:00.000000Z,76.72,8543,-37688392.53,-1073001411.84,-65035845.04,-22833.02,10591751.71,839280.83,12317.97,2684432.36,52048.78
2025-05-28T16:17:46.911000Z,TTD,2025-05-28T16:17:00.000000Z,76.745,8543,-37951247.3,-1082295104.66,-65965630.92,-20400.29,10492670.05,833670.16,12281.41,2691641.30,52420.60
2025-05-28T16:18:46.975000Z,TTD,2025-05-28T16:18:00.000000Z,76.76,8543,-37984391.96,-1076105271.28,-65592252.53,-19989.97,10602122.87,845583.43,12403.69,2685424.96,52395.28
2025-05-28T16:19:47.178000Z,TTD,2025-05-28T16:19:00.000000Z,76.765,8543,-38011286.02,-1074603204.23,-65486226.89,-20270.66,10576340.96,845651,12437.95,2682970.63,52372.14
2025-05-28T16:20:46.000000Z,TTD,2025-05-28T16:20:00.000000Z,76.775,8543,-38026455.63,-1076111942.96,-65611664.33,-20206.14,10578267.89,853082.57,12516.10,2688235.27,52471.38
2025-05-28T16:21:40.000000Z,TTD,2025-05-28T16:21:00.000000Z,76.685,8543,-37887071.6,-1084219864.08,-65832107.56,-20150.15,10637034.86,862717.9,12443.79,2692959.46,52593.36
2025-05-28T16:22:46.452000Z,TTD,2025-05-28T16:22:00.000000Z,76.71,8543,-37746331.74,-1079339675.31,-66350849.79,-24517.48,10531428.56,851883.69,12084.31,2689959.68,52609.77
2025-05-28T16:23:38.000000Z,TTD,2025-05-28T16:23:00.000000Z,76.765,8543,-37846264.15,-1092411684.09,-66672893.01,-32613.08,10469446.47,848686.96,12155.90,2700522.08,52860.12
2025-05-28T16:24:46.000000Z,TTD,2025-05-28T16:24:00.000000Z,76.765,8543,-37820616.08,-1099310808.58,-66475085.99,-27216.34,10685296.67,866658.41,12255.01,2702484.41,52867.18
2025-05-28T16:25:58.000000Z,TTD,2025-05-28T16:25:00.000000Z,76.7372,8543,-37854142.71,-1100450846.11,-66609212.65,-26412.56,10692584.41,871381.78,12429.37,2702272.54,53226.50
2025-05-28T16:26:46.363000Z,TTD,2025-05-28T16:26:00.000000Z,76.76,8543,-37863464.08,-1100786230.68,-66632974.42,-26586.09,10698939.06,872327.42,12423.73,2703073.87,53255.06
2025-05-28T16:27:46.807000Z,TTD,2025-05-28T16:27:00.000000Z,76.745,8543,-37917516.12,-1094770894.56,-66243490.17,-25134.96,10774939.47,875748.5,12487.48,2697579.78,53124.76
2025-05-28T16:28:46.642000Z,TTD,2025-05-28T16:28:00.000000Z,76.73,8543,-37844421.22,-1098952632.31,-66519668.75,-26585.49,10690452.6,868518.79,12445.79,2701912.69,53209.37
2025-05-28T16:29:58.000000Z,TTD,2025-05-28T16:29:00.000000Z,76.715,8543,-37752423.48,-1098269318.36,-67349288.86,-29457.91,10533735.43,868067.58,12227.57,2702853.39,53948.67
2025-05-28T16:30:48.583000Z,TTD,2025-05-28T16:30:00.000000Z,76.735,8543,-37762265.73,-1098606535.64,-67366847.18,-29473.28,10539228.54,868520.26,12230.76,2703562.85,53962.73
2025-05-28T16:31:48.281000Z,TTD,2025-05-28T16:31:00.000000Z,76.715,8543,-37793976.36,-1091317927.88,-66862606.42,-26892.43,10650830.78,884534.23,12286.51,2694531.88,53929.94
2025-05-28T16:32:46.000000Z,TTD,2025-05-28T16:32:00.000000Z,76.72,8543,-37831230.45,-1089442411.1,-67027484.99,-25579.61,10706619.92,880904.03,12316.31,2694667.21,54017.74
2025-05-28T16:33:40.000000Z,TTD,2025-05-28T16:33:00.000000Z,76.67,8543,-37861064.65,-1092875623.21,-67103353.63,-25946.55,10618270.79,879493.87,12376.61,2693630.30,54112.35
2025-05-28T16:34:56.000000Z,TTD,2025-05-28T16:34:00.000000Z,76.72,8543,-37818311.21,-1094776326.78,-67102028.78,-22474.77,10661576.27,881627.74,12313.51,2695218.01,54145.89
2025-05-28T16:35:54.000000Z,TTD,2025-05-28T16:35:00.000000Z,76.76,8543,-37870969.33,-1090424796.64,-66814932.53,-21757.26,10724201.21,895958.06,12426.55,2693803.14,54114.04
2025-05-28T16:36:56.000000Z,TTD,2025-05-28T16:36:00.000000Z,76.7902,8543,-37999991.14,-1085260033.48,-66587130.59,-19001.41,10737322.91,903672.9,12578.61,2692471.13,54256.54
2025-05-28T16:37:58.000000Z,TTD,2025-05-28T16:37:00.000000Z,76.80,8543,-38085083.05,-1084455022.15,-66711255.04,-18923.54,10739150.87,906812.06,12645.91,2696333.16,54546.61
2025-05-28T16:38:48.120000Z,TTD,2025-05-28T16:38:00.000000Z,76.775,8543,-38034814.98,-1084086384.75,-66722327.68,-21882.2,10732160.38,907654.45,12636.78,2695454.12,54534.58
2025-05-28T16:39:48.790000Z,TTD,2025-05-28T16:39:00.000000Z,76.69,8543,-37933910.53,-1089450652.23,-67155699.34,-16888.33,10657590.68,905775.35,12764.23,2695645.27,54859.78
2025-05-28T16:40:54.000000Z,TTD,2025-05-28T16:40:00.000000Z,76.64,8543,-37780868.48,-1080152826.72,-68317234.12,-18452.83,10415559.45,893558.03,12564.05,2695450.29,55342.74
2025-05-28T16:41:49.837000Z,TTD,2025-05-28T16:41:00.000000Z,76.56,8543,-37727592.12,-1079025218.65,-68240005.23,-22223.33,10393826.42,889475.77,12569.61,2692636.62,55352.56
2025-05-28T16:42:54.000000Z,TTD,2025-05-28T16:42:00.000000Z,76.52,8543,-37789140.05,-1074191550.88,-69174493.55,-187.85,10168503.07,896648.51,12426.28,2683100.61,55494.86
2025-05-28T16:43:50.607000Z,TTD,2025-05-28T16:43:00.000000Z,76.57,8543,-37864865.09,-1074893453.36,-69270726.54,2756.9,10181796.09,900765.68,12513.36,2684853.81,55610.08
2025-05-28T16:44:50.450000Z,TTD,2025-05-28T16:44:00.000000Z,76.585,8543,-38084074.67,-1079687011.27,-69896532.05,-2713.73,10184428.93,885711.07,12720.15,2687695.37,55958.78
2025-05-28T16:45:50.346000Z,TTD,2025-05-28T16:45:00.000000Z,76.59,8543,-38156154.16,-1082802033.83,-70014998.91,14318.14,10151137.98,905230.54,12794.48,2688602.70,56092.08
2025-05-28T16:46:49.672000Z,TTD,2025-05-28T16:46:00.000000Z,76.61,8543,-37979680.32,-1080986059.96,-69620199.08,28275.65,10333785.33,937143.07,13854.73,2689080.69,57007.77
2025-05-28T16:47:46.000000Z,TTD,2025-05-28T16:47:00.000000Z,76.53,8543,-36362238.74,-1079751888.33,-70947366.66,-22580.35,10277560.49,992564.78,13674.42,2685497.13,57561.39
2025-05-28T16:48:49.930000Z,TTD,2025-05-28T16:48:00.000000Z,76.5601,8543,-36785344.59,-1087968623.03,-72266054.7,-30265.56,10169823.37,977514.74,13837.38,2696293.54,58210.88
2025-05-28T16:49:46.000000Z,TTD,2025-05-28T16:49:00.000000Z,76.53,8543,-36672709.63,-1087768102.39,-71785897.19,-27474.62,10145896.67,986784.95,13812.23,2695139.55,58016.83
2025-05-28T16:50:48.000000Z,TTD,2025-05-28T16:50:00.000000Z,76.58,8543,-36616005.57,-1093983996.56,-72423582.05,-28183.55,10143969.67,982901.49,13781.16,2699485.05,58262.35
2025-05-28T16:51:52.000000Z,TTD,2025-05-28T16:51:00.000000Z,76.66,8543,-36681796.49,-1083259680.87,-72029840.57,-28790.16,10230501.73,997313.57,13898.02,2691900.88,58206.04
2025-05-28T16:52:53.488000Z,TTD,2025-05-28T16:52:00.000000Z,76.67,8543,-36504791.35,-1080596733.27,-71039864.66,-22853.47,10399675.12,1014630.52,13965.18,2691109.78,57841.04
2025-05-28T16:53:53.179000Z,TTD,2025-05-28T16:53:00.000000Z,76.68,8543,-36292940.59,-1081380272.75,-71126567.51,-18777.7,10491749.23,1016278.51,13916.18,2693549.15,57985.52
2025-05-28T16:54:58.000000Z,TTD,2025-05-28T16:54:00.000000Z,76.69,8543,-32885812.25,-1077287907.78,-75002425.95,-42206.69,10448465.01,1053159.02,12960.79,2691194.26,59035.81
2025-05-28T16:55:53.577000Z,TTD,2025-05-28T16:55:00.000000Z,76.71,8543,-32803318.59,-1077669514.65,-75113055.81,-42879.57,10453915.43,1054359.25,12932.30,2691907.40,59083.07
2025-05-28T16:56:50.000000Z,TTD,2025-05-28T16:56:00.000000Z,76.73,8543,-33017662.85,-1075591513.08,-74816778.85,-48394.54,10556148.79,1046365.11,12937.82,2690380.48,58900.43
2025-05-28T16:57:52.758000Z,TTD,2025-05-28T16:57:00.000000Z,76.77,8543,-32855400,-1083290973.4,-75229224.56,-50087.07,10565136.17,1040402.56,12925.77,2694188.63,59288.39
2025-05-28T16:58:58.000000Z,TTD,2025-05-28T16:58:00.000000Z,76.84,8543,-32703104.59,-1083054245.05,-74280768.44,-18794.07,10763369.5,1029336.04,13367.06,2697056.83,59533.72
2025-05-28T16:59:53.248000Z,TTD,2025-05-28T16:59:00.000000Z,76.82,8543,-32164825.18,-1082765692.16,-74793332.25,-32979.32,10757767.23,1041747.01,13108.46,2696354.31,59836.99
2025-05-28T17:00:50.000000Z,TTD,2025-05-28T17:00:00.000000Z,76.82,8543,-32188358.25,-1084633556.85,-75267430.36,-28360.69,10724430.16,1035955.16,13135.62,2697595.32,60271.40
2025-05-28T17:01:48.000000Z,TTD,2025-05-28T17:01:00.000000Z,76.8753,8543,-31649178.01,-1085800659.64,-75672684.41,-20043.21,10757604.35,1043361.16,12663.92,2700740.34,60201.26
2025-05-28T17:02:55.832000Z,TTD,2025-05-28T17:02:00.000000Z,76.928,8543,-31529668.59,-1081226646.8,-75722710.66,-28025.78,10995121.85,1073013.93,12792.16,2698580.44,60755.79
2025-05-28T17:03:56.010000Z,TTD,2025-05-28T17:03:00.000000Z,76.935,8543,-31487898.2,-1078521410.87,-75334934.4,-24602.67,11034958.06,1073397.15,12838.42,2695200.15,60650.32
2025-05-28T17:04:55.633000Z,TTD,2025-05-28T17:04:00.000000Z,76.91,8543,-31251298.92,-1082597801.01,-75365132.99,-23627.52,11017394.89,1084217.47,12729.28,2699522.70,60637.03
2025-05-28T17:05:54.000000Z,TTD,2025-05-28T17:05:00.000000Z,76.95,8543,-31655349.62,-1087498987.75,-76315833.89,-15871.64,10992309.62,1072191.74,14915.64,2703634.29,63029.00
2025-05-28T17:06:52.000000Z,TTD,2025-05-28T17:06:00.000000Z,77.05,8543,-30561567.56,-1079361303.76,-78060362.02,6916.96,11143413.42,1144463.77,15903.94,2697517.61,64906.36
2025-05-28T17:07:54.000000Z,TTD,2025-05-28T17:07:00.000000Z,77.095,8543,-27319038.18,-1081990880.92,-81262321.68,-57820.13,11312910.11,1258440.03,15526.39,2694299.09,66683.59
2025-05-28T17:08:56.000000Z,TTD,2025-05-28T17:08:00.000000Z,76.99,8543,-27264351.33,-1076985385.78,-80646256.94,-51265.13,11365363.48,1268536.76,15684.47,2692377.28,66640.73
2025-05-28T17:09:58.000000Z,TTD,2025-05-28T17:09:00.000000Z,76.975,8543,-21163597.34,-1093882715.77,-89043034,-145508.79,11252741.47,1359529.5,13734.96,2706103.46,68875.31
2025-05-28T17:10:58.000000Z,TTD,2025-05-28T17:10:00.000000Z,76.98,8543,-12330374.9,-1087709342.08,-99837169.67,-285274.63,11217981.34,1527053.68,11467.06,2702475.01,71544.40
2025-05-28T17:11:58.000000Z,TTD,2025-05-28T17:11:00.000000Z,77,8543,-3012463.33,-1083061365.11,-110953491.02,-404731.46,11323252.92,1709964.82,9140.38,2694594.41,74289.99
2025-05-28T17:12:52.000000Z,TTD,2025-05-28T17:12:00.000000Z,77.07,8543,21832.26,-1084045966.35,-114967856.38,-460394.88,11343850.01,1774232.26,8267.15,2697044.04,75400.18
2025-05-28T17:13:52.000000Z,TTD,2025-05-28T17:13:00.000000Z,77,8543,756931.17,-1074089078.39,-115920546.41,-472827.47,11372206.97,1846341.07,7967.27,2689997.80,74654.81
2025-05-28T17:14:52.000000Z,TTD,2025-05-28T17:14:00.000000Z,76.96,8543,5494635.83,-1083401349.06,-135296209.94,-539600.27,11314407.16,2107693.83,6614.81,2695392.72,79674.62
2025-05-28T17:15:58.000000Z,TTD,2025-05-28T17:15:00.000000Z,76.955,8543,11324313.54,-1085295030.21,-147989469.77,-621819.79,11182063.72,2254824.65,5097.91,2701273.13,83217.28
2025-05-28T17:16:58.000000Z,TTD,2025-05-28T17:16:00.000000Z,76.91,8543,10121364.32,-1077272030.98,-151437332.9,-596320.68,11204815.85,2297854.24,5602.09,2695640.68,83519.82
2025-05-28T17:17:58.000000Z,TTD,2025-05-28T17:17:00.000000Z,76.93,8543,11159973.87,-1080145526.19,-153579070.19,-603469.82,11165196.79,2334935.65,5138.48,2694796.08,84495.33
2025-05-28T17:18:56.182000Z,TTD,2025-05-28T17:18:00.000000Z,76.945,8543,12464412.08,-1080418652.68,-156471387.72,-624318.55,11169551.25,2380922.73,4794.27,2695327.38,85247.14
2025-05-28T17:19:50.000000Z,TTD,2025-05-28T17:19:00.000000Z,76.94,8543,14061226.45,-1075037791.26,-159601166.97,-650817.55,11145603.87,2459107.34,4342.62,2692563.36,86246.75
2025-05-28T17:20:56.300000Z,TTD,2025-05-28T17:20:00.000000Z,76.935,8543,16273532.55,-1082662893.78,-162843364.5,-680323.58,11055518.72,2477308.38,3784.49,2699456.29,87089.96
2025-05-28T17:21:56.000000Z,TTD,2025-05-28T17:21:00.000000Z,76.9245,8543,16171729.06,-1076375691.6,-162368020.9,-688201.54,11168768.26,2503327.42,3767.38,2692457.40,87006.26
2025-05-28T17:22:58.000000Z,TTD,2025-05-28T17:22:00.000000Z,76.94,8543,16852458.01,-1075826050.95,-163425110.7,-701224.58,11148415.92,2521848.43,3636.20,2693279.89,87392.16
2025-05-28T17:23:58.000000Z,TTD,2025-05-28T17:23:00.000000Z,76.9435,8543,18252191.78,-1077175153.05,-165408988.98,-733286.87,11125597.16,2560213.6,3268.87,2691713.85,87939.61
2025-05-28T17:24:48.000000Z,TTD,2025-05-28T17:24:00.000000Z,76.93,8543,19232962.01,-1076986158.98,-166652474.86,-757896.85,11121693.46,2572192.34,3043.28,2691241.58,88331.63
2025-05-28T17:25:54.000000Z,TTD,2025-05-28T17:25:00.000000Z,76.93,8543,23775921.65,-1080103169.44,-172698950.62,-824596.57,11176704.43,2633791.29,1906.34,2693346.49,89749.52
2025-05-28T17:26:50.000000Z,TTD,2025-05-28T17:26:00.000000Z,76.845,8543,18693530.77,-1082165511.68,-177735359.9,-737711.5,11069870.21,2694334.77,3329.20,2689461.01,90958.43
2025-05-28T17:27:55.214000Z,TTD,2025-05-28T17:27:00.000000Z,76.83,8543,16978663.88,-1083523782.31,-183519916.21,-683341.13,10996650.74,2690519.71,3637.66,2695103.44,92400.48
2025-05-28T17:28:56.156000Z,TTD,2025-05-28T17:28:00.000000Z,76.82,8543,24836334.11,-1076481331.21,-191658577.78,-802570.02,10993724.6,2819828.28,1703.89,2685249.29,94423.26
2025-05-28T17:29:50.000000Z,TTD,2025-05-28T17:29:00.000000Z,76.84,8543,24607811.85,-1080042728.82,-191608356.12,-796258.65,10869768.84,2808861.15,1938.55,2689448.13,93906.06
2025-05-28T17:30:55.612000Z,TTD,2025-05-28T17:30:00.000000Z,76.78,8543,25900065.27,-1079539072.13,-194064264.64,-790774.81,10834463,2804934.63,1319.96,2687512.49,94805.63
2025-05-28T17:31:56.000000Z,TTD,2025-05-28T17:31:00.000000Z,76.80,8543,25790185.94,-1086287794.09,-195394546.12,-779984.67,11008984.29,2806761.17,1308.77,2688877.27,94780.96
2025-05-28T17:32:56.000000Z,TTD,2025-05-28T17:32:00.000000Z,76.80,8543,25210534.29,-1078273144.43,-195733257.77,-778811.2,10913200.85,2822510.43,2378.50,2683895.35,96520.91
2025-05-28T17:33:46.000000Z,TTD,2025-05-28T17:33:00.000000Z,76.8091,8543,24793437.48,-1082001669.3,-195339224.35,-774631.26,10876902.34,2818154.04,3223.14,2685094.17,96732.92
2025-05-28T17:34:58.000000Z,TTD,2025-05-28T17:34:00.000000Z,76.80,8543,27650742.14,-1083974482.03,-199091864.34,-810524.35,10926699.97,2865957.47,2223.85,2687939.17,97764.36
2025-05-28T17:35:48.000000Z,TTD,2025-05-28T17:35:00.000000Z,76.757,8543,27434595.03,-1074313213.54,-198624286.08,-807590.49,10869995.17,2874285.22,2059.86,2682332.98,97528.53
2025-05-28T17:36:56.000000Z,TTD,2025-05-28T17:36:00.000000Z,76.8199,8543,27565789.76,-1078173265.05,-200064763.66,-804881.25,10793516.06,2856374.2,2133.63,2687203.43,97893.01
2025-05-28T17:37:52.000000Z,TTD,2025-05-28T17:37:00.000000Z,76.84,8543,26834660.09,-1069180018.61,-198521363.93,-811837.23,10998935.81,2920884.74,2252.28,2677987.85,97450.13
2025-05-28T17:38:44.000000Z,TTD,2025-05-28T17:38:00.000000Z,76.795,8543,26399180.39,-1063290681.5,-197924386.43,-814182.17,10983594.14,2929987.59,2440.70,2671136.55,97098.31
2025-05-28T17:39:54.000000Z,TTD,2025-05-28T17:39:00.000000Z,76.79,8543,27025862.39,-1075067681.85,-200281885.36,-805455.9,10848428.1,2899620.51,2222.11,2683136.87,97855.36
2025-05-28T17:40:59.134000Z,TTD,2025-05-28T17:40:00.000000Z,76.79,8543,25293142.52,-1074590998.69,-202002899.02,-682142.51,10883439.44,2942992.69,2542.13,2682215.93,98279.14
2025-05-28T17:41:50.000000Z,TTD,2025-05-28T17:41:00.000000Z,76.75,8543,25131526.05,-1074795448.45,-202244323.02,-498176.82,10885815.34,2775190.27,1435.81,2682814.27,99604.59
2025-05-28T17:42:52.000000Z,TTD,2025-05-28T17:42:00.000000Z,76.73,8543,26044344.57,-1075827768.12,-204354927.32,-503624.68,10818281.43,2757344.83,1316.35,2683431.38,100056.47
2025-05-28T17:43:56.000000Z,TTD,2025-05-28T17:43:00.000000Z,76.73,8543,26165711.86,-1073820721.06,-204847577.27,-494875.85,10684635.65,2736869.33,1375.93,2681617.28,99765.12
2025-05-28T17:44:58.000000Z,TTD,2025-05-28T17:44:00.000000Z,76.71,8543,22433144.17,-1074451790.91,-209726583.93,-441024.12,10713716.1,2804244.21,2087.61,2680211.79,101126.97
2025-05-28T17:45:08.000000Z,TTD,2025-05-28T17:45:00.000000Z,76.69,8543,22893059.77,-1083115436.52,-211799681.93,-429943.18,10817192.16,2777918.15,1979.07,2679647.46,101886.79
2025-05-28T17:46:50.000000Z,TTD,2025-05-28T17:46:00.000000Z,76.695,8543,22543793.83,-1073568980.07,-210328138.98,-433375.24,10832312.89,2801289.63,2106.49,2673521.83,101349.00
2025-05-28T17:47:50.000000Z,TTD,2025-05-28T17:47:00.000000Z,76.695,8543,18962052.55,-1077512410.77,-214796764.06,-373916.86,10661979.81,2824765.88,3007.07,2679534.11,102396.12
2025-05-28T17:48:58.000000Z,TTD,2025-05-28T17:48:00.000000Z,76.68,8543,19721436.33,-1073173869.86,-217477217.73,-381243.68,10795867.18,2867988.41,2672.78,2676537.64,103515.44
2025-05-28T17:49:58.000000Z,TTD,2025-05-28T17:49:00.000000Z,76.70,8543,20182480.21,-1084595149.43,-219621716.1,-370805.1,10532484.53,2827732.43,2472.99,2688049.95,104439.29
2025-05-28T17:50:36.000000Z,TTD,2025-05-28T17:50:00.000000Z,76.71,8543,19888888.59,-1074749994.98,-218455981.85,-377607.09,10659436.23,2856954.93,2544.70,2679164.60,104207.36
2025-05-28T17:51:56.000000Z,TTD,2025-05-28T17:51:00.000000Z,76.70,8543,19798055.95,-1061032672.13,-217886488.9,-378364.54,10669332.13,2887062.74,2618.14,2669646.15,103750.21
2025-05-28T17:52:58.000000Z,TTD,2025-05-28T17:52:00.000000Z,76.6729,8543,19812149.5,-1058751366.48,-224230415.58,-380648.14,10713765.47,2971608.43,2687.04,2670180.92,105091.26
2025-05-28T17:53:46.000000Z,TTD,2025-05-28T17:53:00.000000Z,76.68,8543,20262359.94,-1061883969.77,-225415180.51,-376255.94,10616858.32,2958709.54,2548.73,2672657.81,105136.94
2025-05-28T17:54:36.000000Z,TTD,2025-05-28T17:54:00.000000Z,76.72,8543,20091657.14,-1065015284.02,-225789528.69,-377658.81,10675877.49,2974596.59,2543.35,2676797.46,105123.46
2025-05-28T17:55:56.000000Z,TTD,2025-05-28T17:55:00.000000Z,76.68,8543,20732906.53,-1058175605.27,-225483436.62,-386984.26,10699350.36,3003936.79,2274.96,2670368.33,105302.55
2025-05-28T17:56:56.000000Z,TTD,2025-05-28T17:56:00.000000Z,76.70,8543,20889035.26,-1065444113.8,-227161085.47,-379105.73,10584950.09,2973094.55,2355.64,2676411.02,105683.81
2025-05-28T17:57:58.000000Z,TTD,2025-05-28T17:57:00.000000Z,76.70,8543,20818195.95,-1058049280.07,-226453443.44,-380929.33,10608774.97,3020604.65,3588.96,2672259.12,106644.74
2025-05-28T17:58:28.000000Z,TTD,2025-05-28T17:58:00.000000Z,76.73,8543,21102117.42,-1055120522.73,-226667384.84,-418312.09,10724882.11,3093274.66,3771.35,2666457.86,107252.11
2025-05-28T17:59:48.000000Z,TTD,2025-05-28T17:59:00.000000Z,76.7036,8543,20971644.39,-1058305688.03,-225947466.39,-423505.89,10657922.87,3093698.85,3950.68,2670924.62,106675.03
2025-05-28T18:00:48.000000Z,TTD,2025-05-28T18:00:00.000000Z,76.71,8543,20951838.29,-1061905282.11,-226301592.71,-417123.81,10600393.29,3073469.85,4032.60,2672652.82,106394.89
2025-05-28T18:01:58.000000Z,TTD,2025-05-28T18:01:00.000000Z,76.81,8543,21135918.84,-1055077516.78,-225099966.9,-443993.82,10641063,3127546.56,3970.33,2672300.19,106013.86
2025-05-28T18:02:30.000000Z,TTD,2025-05-28T18:02:00.000000Z,76.78,8543,21966306.69,-1058903775.89,-224689490.91,-459300.13,10856016.82,3238550.98,3759.93,2672992.38,106999.01
2025-05-28T18:03:42.000000Z,TTD,2025-05-28T18:03:00.000000Z,76.84,8543,22771132.88,-1059291013.94,-226001694.52,-452681.61,10763651.8,3214051.41,3505.23,2675974.11,107483.25
2025-05-28T18:04:32.000000Z,TTD,2025-05-28T18:04:00.000000Z,76.84,8543,22541960.53,-1059193356.19,-225499878.97,-462912.12,10691097.53,3227499.54,3515.48,2675647.25,107933.44
2025-05-28T18:05:16.000000Z,TTD,2025-05-28T18:05:00.000000Z,76.81,8543,24257649.76,-1052728282.96,-228145835.71,-485101.85,10788471.82,3260951.82,2936.61,2665121.00,108463.96
2025-05-28T18:06:44.000000Z,TTD,2025-05-28T18:06:00.000000Z,76.86,8543,24187034.04,-1054286386.23,-226612246.3,-492507.86,10809057.09,3286255.08,3004.69,2665837.44,108046.41
2025-05-28T18:07:48.000000Z,TTD,2025-05-28T18:07:00.000000Z,76.83,8543,24896309.04,-1055615935.74,-228510458.62,-487954.12,10782722.12,3279708.8,2869.42,2667736.20,108545.19
2025-05-28T18:08:58.000000Z,TTD,2025-05-28T18:08:00.000000Z,76.825,8543,24993420.9,-1054052728.91,-228170965.07,-487867.12,10736657.85,3271881.17,2816.99,2669311.50,108339.38
2025-05-28T18:09:54.000000Z,TTD,2025-05-28T18:09:00.000000Z,76.80,8543,24918174.47,-1056674537.7,-229154444.91,-484592.21,10739778.96,3275066.97,2914.54,2671668.58,108476.59
2025-05-28T18:10:58.000000Z,TTD,2025-05-28T18:10:00.000000Z,76.87,8543,25556255.13,-1062321746.88,-230069910.4,-488160.1,10761574.04,3270154.13,2839.67,2676901.64,108409.84
2025-05-28T18:11:54.000000Z,TTD,2025-05-28T18:11:00.000000Z,76.8425,8543,25318790.74,-1053959072.5,-228834048.8,-499955.17,10782967.67,3304134.85,2795.19,2664341.63,108514.69
2025-05-28T18:12:46.000000Z,TTD,2025-05-28T18:12:00.000000Z,76.90,8543,25222253.53,-1043156490.57,-227766244.4,-521653.64,10927951.97,3368866.33,2175.88,2655849.06,108836.53
2025-05-28T18:13:40.000000Z,TTD,2025-05-28T18:13:00.000000Z,76.90,8543,25522595.39,-1051117680.79,-228189824.53,-532192.61,10926318.45,3402207.71,1898.43,2667890.79,109605.38
2025-05-28T18:14:46.000000Z,TTD,2025-05-28T18:14:00.000000Z,76.87,8543,26905497.89,-1056413033.82,-228835784.22,-553051.33,10769372.59,3385200.76,1475.38,2673775.20,109619.71
2025-05-28T18:15:40.000000Z,TTD,2025-05-28T18:15:00.000000Z,76.895,8543,26837528.39,-1049141660.47,-229704517.79,-558155.12,10954975.73,3427951.65,1486.02,2668084.99,109927.83
2025-05-28T18:16:56.000000Z,TTD,2025-05-28T18:16:00.000000Z,76.90,8543,26949972.88,-1050156405.87,-229751496.28,-559336.71,10806422.61,3424024.31,1614.92,2669868.48,110315.78
2025-05-28T18:17:46.000000Z,TTD,2025-05-28T18:17:00.000000Z,76.905,8543,26777322.59,-1057869175.59,-230398453.43,-550425.69,10812424.12,3414318.95,1664.05,2675031.22,110525.44
2025-05-28T18:18:54.000000Z,TTD,2025-05-28T18:18:00.000000Z,76.84,8543,26752298.05,-1050662466.51,-230757492.7,-548695.25,10825538.19,3413877.8,1749.73,2670971.24,110587.05
2025-05-28T18:19:40.000000Z,TTD,2025-05-28T18:19:00.000000Z,76.78,8543,25357028.2,-1055077776.75,-232614180.47,-501052.5,10716245.69,3397594.14,2722.80,2674136.91,111101.79
2025-05-28T18:20:56.000000Z,TTD,2025-05-28T18:20:00.000000Z,76.77,8543,25575152.39,-1054348171.55,-236355688.28,-495060.02,10777691.48,3401945.67,2105.98,2673761.98,113072.37
2025-05-28T18:21:52.000000Z,TTD,2025-05-28T18:21:00.000000Z,76.74,8543,26244287.63,-1069248728.04,-238994394.58,-471465.65,10627848.5,3325137.38,1909.45,2677114.90,113712.55
2025-05-28T18:22:58.000000Z,TTD,2025-05-28T18:22:00.000000Z,76.715,8543,26480204.03,-1066979147.45,-240315504.2,-478433.51,10567224.17,3328146.82,1895.97,2677358.35,113993.35
2025-05-28T18:23:58.000000Z,TTD,2025-05-28T18:23:00.000000Z,76.6614,8543,22678474.65,-1067145896.57,-245154789.34,-417694.74,10479155.18,3340420,2902.69,2680942.13,114920.95
2025-05-28T18:24:58.000000Z,TTD,2025-05-28T18:24:00.000000Z,76.655,8543,8644398.32,-1067362484.01,-261674939.3,-209954.37,10439784.37,3545627.34,6348.15,2679983.06,119612.81
2025-05-28T18:25:48.000000Z,TTD,2025-05-28T18:25:00.000000Z,76.68,8543,3341150.55,-1068270607.45,-273231500.94,-144773.94,10388715.52,3643853.9,7444.41,2683598.33,124279.89
2025-05-28T18:26:50.000000Z,TTD,2025-05-28T18:26:00.000000Z,76.64,8543,59982.15,-1063514828.74,-279206575.94,-122949.74,10392122.38,3701607.32,8529.07,2681029.88,126770.55
2025-05-28T18:27:56.000000Z,TTD,2025-05-28T18:27:00.000000Z,76.64,8543,-3899407.72,-1072746747.4,-287622004.1,-64306.75,10380058.55,3749046.02,9457.77,2688602.22,129367.67
2025-05-28T18:28:56.000000Z,TTD,2025-05-28T18:28:00.000000Z,76.64,8543,-6746077.1,-1064647954.17,-291035406.68,-28425.52,10224074.55,3795599.07,10216.73,2683229.67,130653.81
2025-05-28T18:29:52.000000Z,TTD,2025-05-28T18:29:00.000000Z,76.65,8543,-7431896.48,-1073298831.97,-293178992.67,-12421.25,10246578.7,3800804.59,10388.83,2688829.46,131655.44
2025-05-28T18:30:58.000000Z,TTD,2025-05-28T18:30:00.000000Z,76.67,8543,-7945002.07,-1080139749.49,-298381648.97,-6613.77,10270478.58,3807271.88,10541.97,2690744.27,133830.66
2025-05-28T18:31:54.000000Z,TTD,2025-05-28T18:31:00.000000Z,76.63,8543,-10468053.39,-1079903189.36,-297888402.34,9467.74,10232132.04,3852368.22,12426.76,2694452.41,135061.84
2025-05-28T18:32:58.000000Z,TTD,2025-05-28T18:32:00.000000Z,76.6816,8543,-10716720.78,-1086231814.68,-303371725.53,18165.08,10195916.66,3845740.45,12415.16,2696402.84,136664.23
2025-05-28T18:33:48.000000Z,TTD,2025-05-28T18:33:00.000000Z,76.74,8543,-12203876.89,-1071946027.33,-298909076.25,28920.26,10451749.61,4026600.48,13931.14,2683398.86,135878.23
2025-05-28T18:34:58.000000Z,TTD,2025-05-28T18:34:00.000000Z,76.715,8543,-12064761.84,-1074570102.15,-298255905.19,28824.63,10545154.64,4070163.9,13734.27,2684545.54,136150.59
2025-05-28T18:35:50.000000Z,TTD,2025-05-28T18:35:00.000000Z,76.70,8543,-11818728.74,-1079440479.4,-299459295.49,29988.92,10457690.01,4037989.59,13630.93,2691353.52,136259.73
2025-05-28T18:36:44.000000Z,TTD,2025-05-28T18:36:00.000000Z,76.7365,8543,-12627019.77,-1067637777.14,-300508321.19,37739.23,10578428.14,4094775.68,13924.22,2682167.46,136589.66
2025-05-28T18:37:48.000000Z,TTD,2025-05-28T18:37:00.000000Z,76.75,8543,-12748873.24,-1070322609.41,-300078775.77,40915.47,10559268.07,4090958.8,13977.05,2683877.36,136468.47
2025-05-28T18:38:50.000000Z,TTD,2025-05-28T18:38:00.000000Z,76.72,8543,-13488997.87,-1076684225.39,-302015359.69,57153.44,10553462.45,4098389.62,14118.05,2687199.48,136996.67
2025-05-28T18:39:50.000000Z,TTD,2025-05-28T18:39:00.000000Z,76.71,8543,-13182812.64,-1085551211.01,-305179246.45,66635.33,10564232.2,4059265.12,13785.17,2690338.02,138064.59
2025-05-28T18:40:52.000000Z,TTD,2025-05-28T18:40:00.000000Z,76.68,8543,-14295418.49,-1085049748.6,-304234364.81,81579.25,10395200.91,4075707.28,14002.36,2686248.07,136999.46
2025-05-28T18:41:54.000000Z,TTD,2025-05-28T18:41:00.000000Z,76.625,8543,-14794237.08,-1088675172.06,-308520967.36,92085.02,10499892.08,4037334.08,14050.70,2690909.55,138541.99
2025-05-28T18:42:52.000000Z,TTD,2025-05-28T18:42:00.000000Z,76.60,8543,-14837130.41,-1082274189.2,-308739097.52,88733.62,10343970.9,4013884.45,14060.67,2694194.92,138190.65
2025-05-28T18:43:34.000000Z,TTD,2025-05-28T18:43:00.000000Z,76.605,8543,-15986314.75,-1083926799.62,-312120417.24,101037,10395541.68,4038530.56,14386.97,2692917.35,140045.55
2025-05-28T18:44:56.000000Z,TTD,2025-05-28T18:44:00.000000Z,76.575,8543,-18282261.24,-1097560561.57,-317716121.2,157897.49,10179451.38,4003212.41,15071.99,2699933.12,141670.88
2025-05-28T18:45:28.000000Z,TTD,2025-05-28T18:45:00.000000Z,76.56,8543,-18276253.07,-1097345564.4,-317831066.2,157484.87,10175463.74,4003472.21,15054.64,2699404.24,141681.66
2025-05-28T18:46:50.000000Z,TTD,2025-05-28T18:46:00.000000Z,76.56,8543,-18466392.96,-1090679631.51,-318203017.53,166722.52,10137874.35,3977107.93,15034.95,2698123.85,141477.89
2025-05-28T18:47:44.000000Z,TTD,2025-05-28T18:47:00.000000Z,76.58,8543,-18837175.55,-1083546442.61,-317702846.16,168082.56,10200068.72,4020690.15,15147.39,2693897.94,141941.79
2025-05-28T18:48:50.000000Z,TTD,2025-05-28T18:48:00.000000Z,76.565,8543,-19327956.98,-1083926892.49,-320089187.91,174492.83,10195178.23,4041538.79,15323.39,2693417.59,142596.56
2025-05-28T18:49:58.000000Z,TTD,2025-05-28T18:49:00.000000Z,76.47,8543,-24392813.75,-1087755034.8,-326876802.18,240369.21,10147081.36,4066002.31,16685.67,2694432.42,143663.06
2025-05-28T18:50:48.000000Z,TTD,2025-05-28T18:50:00.000000Z,76.457,8543,-24286031.39,-1091064490.29,-336513509.38,242845.28,10000344.06,3979079.95,16485.86,2701241.81,148527.83
2025-05-28T18:51:50.000000Z,TTD,2025-05-28T18:51:00.000000Z,76.41,8543,-24891032.43,-1087722873.83,-337107882.73,237818.76,9905674.67,3982918.4,16537.18,2696530.04,147621.21
2025-05-28T18:52:52.000000Z,TTD,2025-05-28T18:52:00.000000Z,76.335,8543,-25171866.84,-1107098067.79,-348936486.52,210443.63,9373720.37,3635282.71,16351.70,2705819.39,150812.10
2025-05-28T18:53:56.000000Z,TTD,2025-05-28T18:53:00.000000Z,76.27,8543,-26117885.02,-1079851660.14,-341174547.39,207031.45,9683916.77,3852137.75,16748.23,2680980.56,147744.58
2025-05-28T18:54:52.000000Z,TTD,2025-05-28T18:54:00.000000Z,76.23,8543,-26403930.14,-1093884171.83,-349846875.9,212426.22,9459581.71,3682362.56,16642.16,2695401.65,149434.68
2025-05-28T18:55:56.000000Z,TTD,2025-05-28T18:55:00.000000Z,76.34,8543,-26534471.37,-1094441501.45,-347823293.95,219784.26,9583215.66,3737656.84,16728.18,2693213.03,149072.41
2025-05-28T18:56:48.000000Z,TTD,2025-05-28T18:56:00.000000Z,76.40,8543,-26034303.13,-1071839975.23,-343131495.29,225062.07,9706408.3,3916097.54,15133.43,2685704.80,150111.88
2025-05-28T18:57:48.000000Z,TTD,2025-05-28T18:57:00.000000Z,76.48,8543,-25870432.93,-1067984693.43,-341442149.33,216855.96,9811289.26,4019200.18,14158.67,2682356.64,150266.09
2025-05-28T18:58:29.437000Z,TTD,2025-05-28T18:58:00.000000Z,76.48,8543,-25867758.4,-1067957574.51,-341434947.15,216267.19,9811289.26,4018352,14184.45,2682354.58,150225.32
2025-05-28T18:59:56.000000Z,TTD,2025-05-28T18:59:00.000000Z,76.54,8543,-25751821.63,-1075257181.63,-335906911.01,218855.22,9921170.88,4157183.58,14282.27,2686154.51,149002.89
2025-05-28T19:00:46.000000Z,TTD,2025-05-28T19:00:00.000000Z,76.53,8543,-25636136.81,-1072632324.21,-335532875.51,224417.23,10047094.48,4174834.73,14133.82,2681399.64,149009.14
2025-05-28T19:01:54.000000Z,TTD,2025-05-28T19:01:00.000000Z,76.6035,8543,-25456814.74,-1077591789.21,-336724501.2,217566.53,10087449.92,4181197.34,13926.06,2689634.70,149722.95
2025-05-28T19:02:52.000000Z,TTD,2025-05-28T19:02:00.000000Z,76.63,8543,-26316982.28,-1066241702.53,-333983523.71,226541.13,10213427.74,4279805.95,14222.85,2681477.66,148755.77
2025-05-28T19:03:48.000000Z,TTD,2025-05-28T19:03:00.000000Z,76.6447,8543,-26320122.52,-1063703819.34,-333249128.86,224383.45,10257909.48,4339912.76,14171.87,2680192.54,149552.13
2025-05-28T19:04:36.136000Z,TTD,2025-05-28T19:04:00.000000Z,76.70,8543,-25549472.12,-1064419188.71,-333980855.82,185742.4,10272717.21,4347574.44,13085.47,2682120.85,148336.83
2025-05-28T19:05:32.000000Z,TTD,2025-05-28T19:05:00.000000Z,76.70,8543,-25013427.78,-1071768664.93,-330362088.5,183469.73,10218621.94,4386132.29,12997.56,2690178.41,146673.73
2025-05-28T19:06:48.000000Z,TTD,2025-05-28T19:06:00.000000Z,76.725,8543,-25090849.69,-1065830822.31,-328060579.86,185130.81,10499529.92,4496811.21,13097.22,2680493.26,146020.08
2025-05-28T19:07:36.762000Z,TTD,2025-05-28T19:07:00.000000Z,76.77,8543,-25139766.27,-1066454734.86,-328274555.58,189012.28,10511849.69,4503629.25,13258.26,2682065.33,146078.36
2025-05-28T19:08:48.000000Z,TTD,2025-05-28T19:08:00.000000Z,76.80,8543,-24819546.61,-1065753120.18,-325490687.92,192061.9,10627398.12,4590362.81,13253.29,2681843.85,146573.06
2025-05-28T19:09:56.000000Z,TTD,2025-05-28T19:09:00.000000Z,76.80,8543,-24627220.28,-1076707044.7,-326476140.78,189371.68,10606696.24,4593671.09,13196.07,2688161.37,146871.56
2025-05-28T19:10:54.000000Z,TTD,2025-05-28T19:10:00.000000Z,76.87,8543,-24491479.22,-1072291403.14,-325832066.85,186065.83,10705697,4647621.48,12790.94,2685553.53,147113.21
2025-05-28T19:11:35.142000Z,TTD,2025-05-28T19:11:00.000000Z,76.905,8543,-24280737.5,-1072779603.25,-326209415.43,183669.9,10715448.13,4655350.32,12741.09,2686776.30,147270.82
2025-05-28T19:12:44.000000Z,TTD,2025-05-28T19:12:00.000000Z,76.88,8543,-23606169.81,-1080310585.26,-319476075.24,185856.68,10990954.65,4790521.13,12487.06,2692125.18,144785.22
2025-05-28T19:13:56.000000Z,TTD,2025-05-28T19:13:00.000000Z,76.84,8543,-22934252.75,-1083699097.23,-323175281.08,173854.88,11100649.61,4772643.01,12364.19,2688332.00,146319.47
2025-05-28T19:14:50.000000Z,TTD,2025-05-28T19:14:00.000000Z,76.84,8543,-24019028.47,-1082837002.28,-326511989.75,246550.19,11047719.51,4761054.48,12486.33,2690254.26,146742.57
2025-05-28T19:15:56.000000Z,TTD,2025-05-28T19:15:00.000000Z,76.81,8543,-24741115.26,-1085372235.04,-327012227.83,336314.89,10902273.79,4748470.89,13351.39,2690533.04,147542.49
2025-05-28T19:16:56.000000Z,TTD,2025-05-28T19:16:00.000000Z,76.76,8543,-25189120.68,-1098956936.55,-330725495.77,340717.88,10727343.1,4646496.97,13399.07,2703318.86,148221.87
2025-05-28T19:17:50.000000Z,TTD,2025-05-28T19:17:00.000000Z,76.75,8543,-25007634.79,-1087271246.38,-328732190.62,342006.48,10871014.62,4705551.64,13335.49,2691346.01,147975.29
2025-05-28T19:18:58.000000Z,TTD,2025-05-28T19:18:00.000000Z,76.79,8543,-25237234.49,-1092820098.41,-330694717.02,347842.56,10770845.4,4673000.7,13583.50,2696675.84,149983.88
2025-05-28T19:19:50.000000Z,TTD,2025-05-28T19:19:00.000000Z,76.76,8543,-25678494.41,-1089200031.87,-330941250.45,353610.02,10793079.08,4677508.45,13695.91,2695129.54,149774.50
2025-05-28T19:20:56.000000Z,TTD,2025-05-28T19:20:00.000000Z,76.815,8543,-26093419.39,-1085845376.69,-328785812.97,363979.55,10841297.61,4731025.5,13830.38,2692177.59,149146.70
2025-05-28T19:21:36.000000Z,TTD,2025-05-28T19:21:00.000000Z,76.8228,8543,-26447162.21,-1085955636.33,-329390725.77,400607.98,10843499.43,4776657.16,14612.95,2692450.96,150502.55
2025-05-28T19:22:54.000000Z,TTD,2025-05-28T19:22:00.000000Z,76.849,8543,-26524885.54,-1085569564.57,-329462882.89,406944.1,10902320.93,4851231.14,14742.01,2691197.51,150944.19
2025-05-28T19:23:38.000000Z,TTD,2025-05-28T19:23:00.000000Z,76.82,8543,-26398643.61,-1085159910.35,-329461079.14,403218.73,10894094.21,4851264.03,14701.87,2690181.95,150945.40
2025-05-28T19:24:38.339000Z,TTD,2025-05-28T19:24:00.000000Z,76.835,8543,-26336822.92,-1087408799.81,-330847257.41,392141.45,10815622.91,4829467.13,14032.95,2692690.45,152474.09
2025-05-28T19:25:58.000000Z,TTD,2025-05-28T19:25:00.000000Z,76.84,8543,-26720638.03,-1084926344.97,-328450629.69,402357.05,10819520.71,4845944.43,14192.76,2689252.12,151299.12
2025-05-28T19:26:50.000000Z,TTD,2025-05-28T19:26:00.000000Z,76.835,8543,-26166415.15,-1086192123.17,-330410360.42,407082.73,10835271.89,4844220.43,14049.90,2691746.00,151848.06
2025-05-28T19:27:56.000000Z,TTD,2025-05-28T19:27:00.000000Z,76.82,8543,-26121384.77,-1081389439.07,-329215604.35,406418.38,10861364.5,4877160.22,14222.20,2683714.88,151359.08
2025-05-28T19:28:50.000000Z,TTD,2025-05-28T19:28:00.000000Z,76.835,8543,-26417591.57,-1083707369.19,-330568804.64,417174.18,10791983.71,4856844.44,14334.94,2688885.42,151663.62
2025-05-28T19:29:42.000000Z,TTD,2025-05-28T19:29:00.000000Z,76.825,8543,-26240334.99,-1084496774.52,-330612724.47,410028.38,10754553.08,4836212.64,13731.16,2690447.05,151064.39
2025-05-28T19:30:58.000000Z,TTD,2025-05-28T19:30:00.000000Z,76.85,8543,-26360255.92,-1083274057.64,-330703201.11,414006.91,10765562.89,4835667.73,13751.10,2688526.43,151085.87
2025-05-28T19:31:38.365000Z,TTD,2025-05-28T19:31:00.000000Z,76.835,8543,-26310924.24,-1083062618.33,-330694018.73,408222.78,10761360.73,4839788.26,13342.25,2688001.67,151484.79
2025-05-28T19:32:54.000000Z,TTD,2025-05-28T19:32:00.000000Z,76.93,8543,-25551607.43,-1083604528.2,-328029423.56,395658.13,10921358.92,4977655.15,13066.55,2685525.22,151457.90
2025-05-28T19:33:41.445000Z,TTD,2025-05-28T19:33:00.000000Z,76.945,8543,-25517226.46,-1083815124.21,-328117635.64,392971.25,10925618.28,4983695.31,12938.55,2686048.84,151611.42
2025-05-28T19:34:52.000000Z,TTD,2025-05-28T19:34:00.000000Z,77,8543,-24762184.75,-1075497120.56,-322884311.93,381516.78,11225580.16,5162593.82,12448.93,2672689.85,150538.54
2025-05-28T19:35:41.500000Z,TTD,2025-05-28T19:35:00.000000Z,76.99,8543,-24423481.36,-1075350639.85,-323430894.82,373819.87,11222664.61,5168375.59,12151.27,2672342.34,150878.13
2025-05-28T19:36:52.000000Z,TTD,2025-05-28T19:36:00.000000Z,76.985,8543,-24150022.91,-1084716814.32,-323656802.89,366149.95,11054834.79,5137031.52,12012.74,2686468.71,149822.97
2025-05-28T19:37:54.000000Z,TTD,2025-05-28T19:37:00.000000Z,76.975,8543,-24275100.07,-1080771320.89,-323934385.74,366406.68,11090434.85,5149054.02,12143.64,2684945.66,150026.46
2025-05-28T19:38:42.036000Z,TTD,2025-05-28T19:38:00.000000Z,77.03,8543,-24286879.6,-1081543551.13,-324219360.96,366631.49,11106289.13,5156231.05,12173.33,2686864.11,150199.32
2025-05-28T19:39:52.000000Z,TTD,2025-05-28T19:39:00.000000Z,76.99,8543,-24197889.98,-1073903090.14,-323642826.9,366580.76,11106527.65,5191514.85,12138.44,2679852.08,150489.80
2025-05-28T19:40:42.204000Z,TTD,2025-05-28T19:40:00.000000Z,76.98,8543,-24362528.87,-1073710063.47,-324156233.44,365250.06,11103642.65,5195004.33,12058.81,2679499.76,150592.94
2025-05-28T19:41:42.326000Z,TTD,2025-05-28T19:41:00.000000Z,76.89,8543,-24347379.24,-1075076549.88,-324461543.27,371121.22,11108072.57,5173818.21,12075.29,2678292.77,150365.65
2025-05-28T19:42:46.000000Z,TTD,2025-05-28T19:42:00.000000Z,77,8543,-24528230.1,-1071776116.12,-326933527.02,375626.43,11075502.4,5198431.22,12044.73,2680002.00,152037.13
2025-05-28T19:43:42.000000Z,TTD,2025-05-28T19:43:00.000000Z,77.03,8543,-24235635.53,-1072193691.23,-327356714.27,370788.96,11084134.34,5205749.95,11950.02,2681046.15,152229.14
2025-05-28T19:44:40.000000Z,TTD,2025-05-28T19:44:00.000000Z,76.975,8543,-24094258.73,-1070127962.82,-323558226.37,372134.58,11178723.26,5252844.28,11974.57,2672482.31,150945.56
2025-05-28T19:45:44.472000Z,TTD,2025-05-28T19:45:00.000000Z,76.8625,8543,-24490413.63,-1069446334.76,-325903261.95,370213.21,11187974.61,5202439.02,12028.75,2677022.79,151468.89
2025-05-28T19:46:54.000000Z,TTD,2025-05-28T19:46:00.000000Z,76.90,8543,-24574636.53,-1087016271.23,-333187714.35,370273.38,11052416.37,5089628.69,11931.47,2684193.56,154298.65
2025-05-28T19:47:58.000000Z,TTD,2025-05-28T19:47:00.000000Z,76.945,8543,-29939212.89,-1081910782.5,-330729055.07,448257.03,11088799.05,5154322.52,13394.02,2685654.06,153210.66
2025-05-28T19:48:44.864000Z,TTD,2025-05-28T19:48:00.000000Z,76.945,8543,-29893927.57,-1081941808.5,-330772817.56,445976.33,11088799.05,5156394.81,13352.17,2685656.31,153241.39
2025-05-28T19:49:56.000000Z,TTD,2025-05-28T19:49:00.000000Z,76.9317,8543,-29826810.89,-1081563513.63,-330713270.61,445855.39,11062537.84,5142663.01,13369.83,2684533.74,153047.69
2025-05-28T19:50:54.000000Z,TTD,2025-05-28T19:50:00.000000Z,76.94,8543,-30422398.95,-1096952424.33,-333781002.47,455957.18,11062660.55,5161895.02,13559.12,2693595.81,154698.79
2025-05-28T19:51:52.000000Z,TTD,2025-05-28T19:51:00.000000Z,76.99,8543,-33184703.29,-1084834388.69,-334530035.82,513686.82,11227305.12,5299853.69,14317.73,2690101.02,154978.27
2025-05-28T19:52:44.000000Z,TTD,2025-05-28T19:52:00.000000Z,77.025,8543,-33473952.99,-1085327559.28,-335027970.7,515174.97,11237515.4,5311747.43,14574.49,2691323.95,155420.64
2025-05-28T19:53:52.000000Z,TTD,2025-05-28T19:53:00.000000Z,76.94,8543,-33734567.18,-1089160337.51,-337236027.19,512735.89,11162252.4,5286069.23,14795.21,2686374.26,156474.23
2025-05-28T19:54:44.000000Z,TTD,2025-05-28T19:54:00.000000Z,76.895,8543,-33557425.53,-1088523318.86,-337806598.52,505329.07,11149199.26,5289339.69,15018.96,2684803.08,156919.33
2025-05-28T19:55:54.000000Z,TTD,2025-05-28T19:55:00.000000Z,76.915,8543,-35558113.33,-1081485218.92,-342354501.81,523011.03,11030621.41,5184919.24,15440.28,2680091.59,158078.37
2025-05-28T19:56:58.000000Z,TTD,2025-05-28T19:56:00.000000Z,77.01,8543,-30219081.38,-1073768760.5,-340449418.42,454587.54,11436319.7,5536832.79,13771.00,2668535.02,158508.49
2025-05-28T19:57:44.000000Z,TTD,2025-05-28T19:57:00.000000Z,77.025,8543,-29704083.48,-1073977909.07,-341717645.47,449492.13,11440775.26,5595357.75,12341.80,2669054.79,160156.47
2025-05-28T19:58:56.000000Z,TTD,2025-05-28T19:58:00.000000Z,76.96,8543,-29924064.57,-1075997536.09,-343414705.85,458695.56,11117774.74,5520909.71,12119.37,2676988.52,161564.55
2025-05-28T19:59:56.000000Z,TTD,2025-05-28T19:59:00.000000Z,76.94,8543,-30301862.49,-1078724913.32,-345191151.41,453617.56,10911339.38,5427811.91,13918.64,2679423.13,162937.94
