date,call_volume,put_volume,call_volume_ask_side,call_volume_bid_side,put_volume_ask_side,put_volume_bid_side,net_call_premium,net_put_premium,put_premium,call_premium,avg_30_day_call_volume,avg_30_day_put_volume,avg_7_day_call_volume,avg_7_day_put_volume,bearish_premium,bullish_premium,put_open_interest,call_open_interest,avg_3_day_put_volume,avg_3_day_call_volume
2026-09-25,26,0,0.0,26.0,0.0,0.0,-4420.00,0,0,4420.00,129.8,0.6667,7.5714,0.2857,4420.00,0,6,329,0,14.6667
2026-09-24,0,0,,,,,,,0,0,131.6,0.6667,8,0.2857,0,0,6,329,0,15.3333
2026-09-23,2,0,2.0,0.0,0.0,0.0,300.00,0,0,300.00,131.8667,0.6667,7.7143,0.2857,0,300.00,6,329,0.6667,15.3333
2026-09-22,42,0,1.0,41.0,0.0,0.0,-1185.00,0,0,1235.00,130.9333,1.2333,2.1429,0.4286,1210.00,25.00,6,289,0.6667,2.6667
2026-09-21,2,0,2.0,0.0,0.0,0.0,590.00,0,0,590.00,134.3,1.2333,2.2857,0.8571,0,590.00,6,289,0.6667,2.3333
2026-09-18,2,2,0.0,1.0,0.0,0.0,-1350.00,0,820.00,1770.00,135.5333,1.9,2.5714,0.5714,1350.00,0,44,315,0,2.6667
2026-09-17,4,0,2.0,2.0,0.0,0.0,136.00,0,0,1176.00,140.2,2,2.4286,1,520.00,656.00,44,354,0,1.3333
2026-09-16,1,0,0.0,1.0,0.0,0.0,-2565.00,0,0,2565.00,151.0667,2.3333,4.2857,1,2565.00,0,44,354,0.3333,2
2026-09-15,3,0,3.0,0.0,0.0,0.0,270.00,0,0,270.00,276.9,2.8,3.8571,1,0,270.00,44,354,1.3333,2
2026-09-14,0,0,,,,,,,0,0,277.0333,3,4,1,0,0,44,354,1.3333,3.3333
2026-09-11,3,1,0.0,2.0,0.0,1.0,-416.00,-110.00,110.00,616.00,277.1,2.9667,4,0.8571,416.00,110.00,44,354,2,3.3333
2026-09-10,3,3,0.0,3.0,0.0,3.0,-2800.00,-288.00,288.00,2800.00,277.1333,3,3.5714,0.4286,2800.00,288.00,44,354,1,7
2026-09-09,4,0,3.0,1.0,0.0,0.0,501.00,0,0,3249.00,277.0667,4.6,3.2857,0.4286,1374.00,1875.00,44,352,1,5.6667
2026-09-08,3,3,0.0,3.0,1.0,2.0,-1487.00,-306.00,922.00,1487.00,277.0667,4.5,3.4286,0,1795.00,614.00,42,351,0,5
2026-09-04,14,0,12.0,1.0,0.0,0.0,2025.00,0,0,2060.00,276.6,4.5667,1.8571,0,5.00,2030.00,42,340,0,1.3333
2026-09-03,0,0,,,,,,,0,0,276.6333,4.5667,1.8571,0,0,0,42,340,0,1.3333
2026-09-02,1,0,0.0,1.0,0.0,0.0,-9.00,0,0,9.00,276.6,4.5667,2.1429,1.4286,9.00,0,42,339,0,1.6667
2026-09-01,3,0,1.0,2.0,0.0,0.0,-2085.00,0,0,2475.00,276.5,4.5667,1.8571,1.4286,2280.00,195.00,42,339,0,2
2026-08-31,0,0,,,,,,,0,0,276.9667,4.5667,38.5714,1.4286,0,0,42,339,0,3
2026-08-28,2,0,2.0,0.0,0.0,0.0,96.00,0,0,96.00,277.0667,4.5667,43.2857,1.4286,0,96.00,42,339,0,2.3333
2026-08-27,4,0,1.0,3.0,0.0,0.0,-114.00,0,0,264.00,277.3333,4.6333,117.7143,1.4286,189.00,75.00,42,339,3.3333,2
2026-08-26,3,0,1.0,2.0,0.0,0.0,156.00,0,0,364.00,278.3,4.6667,124.7143,1.4286,104.00,260.00,42,336,3.3333,1.3333
2026-08-25,0,0,,,,,,,0,0,278.5333,4.8667,149.2857,1.5714,0,0,42,336,3.3333,87
2026-08-24,3,10,1.0,2.0,10.0,0.0,-1252.00,2330.00,2330.00,1428.00,278.5667,4.5667,542.1429,0.1429,3670.00,88.00,42,333,0,97.6667
2026-08-21,1,0,1.0,0.0,0.0,0.0,300.00,0,0,300.00,278.6,4.5667,549.7143,0.1429,0,300.00,100,2195,0,272.3333
2026-08-20,257,0,143.0,114.0,0.0,0.0,339.00,0,0,3097.00,270.0333,4.5667,514.4286,0.1429,1379.00,1718.00,100,2175,0,204
2026-08-19,35,0,28.0,5.0,0.0,0.0,-649.00,0,0,919.00,268.9333,4.5667,511.4286,2.5714,779.00,130.00,100,2196,0.3333,249.6667
2026-08-18,525,0,1.0,509.0,0.0,0.0,-1833.00,0,0,3407.00,251.8,4.5667,451.1429,2.5714,2545.00,712.00,100,2195,0.3333,992.3333
2026-08-17,52,0,36.0,13.0,0.0,0.0,1206.00,0,0,1534.00,250.6,4.5667,449.2857,5.7143,144.00,1350.00,100,2231,0.3333,993
2026-08-14,172,1,102.0,67.0,1.0,0.0,1171.00,300.00,300.00,4074.00,245.4667,5.8,445.2857,6,1714.00,2585.00,101,2302,0,939
2026-08-13,2753,0,1033.0,1288.0,0.0,0.0,-18220.00,0,0,165572.00,155.6667,5.8667,98.7143,7.4286,77446.00,59226.00,101,1116,5.6667,26
2026-08-12,54,0,0.0,54.0,0.0,0.0,-587.00,0,0,587.00,209.6,7.1667,630.7143,9.4286,587.00,0,101,1104,5.6667,42.3333
2026-08-11,10,0,0.0,10.0,0.0,0.0,-3180.00,0,0,3180.00,209.5333,7.2333,629.8571,10.2857,3180.00,0,101,1107,13,52
2026-08-10,14,17,3.0,3.0,17.0,0.0,-635.00,3799.00,3799.00,729.00,209.8,6.8667,628.5714,7.8571,4461.00,27.00,105,1105,8.3333,95.3333
2026-08-07,103,0,62.0,31.0,0.0,0.0,-2337.00,0,0,6793.00,210.0333,6.8667,614.4286,8.4286,4465.00,2128.00,105,1066,11.6667,170
2026-08-06,39,22,39.0,0.0,0.0,22.0,11730.00,-4180.00,4180.00,11730.00,211,6.1667,609.1429,12.1429,0,15910.00,85,1043,9,1416.3333
2026-08-05,144,3,9.0,125.0,0.0,3.0,-14759.00,-150.00,150.00,15517.00,206.2333,6.0667,589,11.7143,15003.00,394.00,82,1045,10,1369.6667
2026-08-04,327,10,193.0,114.0,0.0,10.0,-8201.00,-1800.00,1800.00,39675.00,196.6667,5.7333,542.2857,10.5714,22773.00,16372.00,72,1070,6.6667,1262.3333
2026-08-03,3778,14,2043.0,1336.0,14.0,0.0,32567.00,1868.00,1868.00,168138.00,92.5333,5.2667,2.7143,8.5714,61091.00,91790.00,58,199,3.3333,4.3333
2026-07-31,4,6,1.0,1.0,4.0,2.0,211.00,951.00,1001.00,3741.00,93.2333,5.0667,2.1429,7.7143,1276.00,536.00,54,198,17.3333,3.6667
2026-07-30,5,0,0.0,5.0,0.0,0.0,-5910.00,0,0,5910.00,140.7667,5.0667,1.4286,7.7143,5910.00,0,54,196,17.3333,3
2026-07-29,4,4,0.0,3.0,0.0,3.0,-4436.00,-40.00,45.00,6261.00,153.1333,4.9333,2.8571,7.1429,4436.00,40.00,54,193,16.6667,1.6667
2026-07-28,2,48,0.0,2.0,45.0,3.0,-179.00,199.00,251.00,179.00,153.1,3.3333,3.2857,0.2857,404.00,26.00,14,191,0.6667,1.3333
2026-07-27,3,0,0.0,3.0,0.0,0.0,-900.00,0,0,900.00,153.0333,3.3333,4.5714,0.5714,900.00,0,14,190,0.6667,0.3333
2026-07-24,0,2,0.0,0.0,0.0,2.0,0,-25.00,25.00,0,153.3333,3.2667,9.1429,0.4286,0,25.00,14,190,0,0.3333
2026-07-23,1,0,0.0,1.0,0.0,0.0,-99.00,0,0,99.00,153.6667,3.2667,10,1.2857,99.00,0,14,190,0,4.6667
2026-07-22,0,0,,,,,,,0,0,153.7,3.2667,10.5714,1.4286,0,0,14,190,0,6.3333
2026-07-21,0,0,,,,,,,0,0,153.7,3.2667,10.8571,1.4286,0,0,14,190,0.6667,10.3333
2026-07-20,14,0,0.0,10.0,0.0,0.0,-4500.00,0,0,7700.00,153.2333,3.2667,8.8571,1.4286,4500.00,0,14,180,1,16.3333
2026-07-17,5,0,1.0,4.0,0.0,0.0,-417.00,0,0,427.00,153.1,3.2667,8.4286,1.4286,422.00,5.00,25,754,3,17
2026-07-16,12,2,5.0,5.0,2.0,0.0,-711.00,600.00,600.00,5797.00,152.7333,3.2,8.2857,1.1429,3689.00,2378.00,29,748,2.6667,14.3333
2026-07-15,32,1,0.0,32.0,0.0,1.0,-5160.00,-30.00,30.00,5160.00,152.1667,3.1667,6,1,5160.00,30.00,28,728,2.3333,4.3333
2026-07-14,7,6,7.0,0.0,2.0,3.0,1064.00,20.00,130.00,1064.00,151.9333,2.9667,7.5714,5.5714,70.00,1114.00,22,731,0.3333,2
2026-07-13,4,1,2.0,1.0,0.0,1.0,-100.00,-35.00,35.00,515.00,151.8667,3,15.4286,5.7143,270.00,205.00,23,732,0,1.3333
2026-07-10,2,0,0.0,2.0,0.0,0.0,-132.00,0,0,132.00,151.8,3,254,11.2857,132.00,0,23,733,0,4.3333
2026-07-09,0,0,,,,,,,0,0,151.8333,3.0333,255.1429,11.5714,0,0,23,733,0,9.6667
2026-07-08,2,0,0.0,2.0,0.0,0.0,-14.00,0,0,14.00,151.7667,3.0333,258,12.4286,14.00,0,23,735,12.6667,15
2026-07-07,11,0,4.0,7.0,0.0,0.0,-1333.00,0,0,1401.00,151.4,3.0333,272.1429,12.4286,1367.00,34.00,23,738,13.3333,31
2026-07-06,16,0,0.0,15.0,0.0,0.0,-1984.00,0,0,2279.00,150.9,3.0333,279.5714,12.5714,1984.00,0,33,739,26.3333,583
2026-07-02,18,38,5.0,12.0,38.0,0.0,-797.00,30860.00,30860.00,1339.00,150.3,1.7667,277.1429,7.1429,31898.00,241.00,47,743,14.3333,579.6667
2026-07-01,59,2,39.0,19.0,1.0,1.0,9688.00,-330.00,1530.00,18046.00,148.6667,1.7,274.4286,6.8571,4694.00,14712.00,47,755,15.6667,567.3333
2026-06-30,1672,39,662.0,887.0,5.0,34.0,-23649.00,-20339.00,25735.00,213659.00,93,0.4,129,1.2857,113582.00,110272.00,8,275,2.6667,46.6667
2026-06-29,8,2,3.0,5.0,2.0,0.0,-217.00,1840.00,1840.00,1135.00,92.7333,0.3333,131.4286,1,2516.00,459.00,10,275,2.3333,66.6667
2026-06-26,22,6,9.0,9.0,1.0,5.0,310.00,-3300.00,5060.00,4052.00,92.0333,0.1333,332.7143,0.1429,2341.00,5951.00,4,284,0.3333,59.6667
2026-06-25,110,0,82.0,18.0,0.0,0.0,12462.00,0,0,19338.00,88.3667,0.1333,370.5714,0.1429,2363.00,14825.00,4,338,0.3333,36.3333
2026-06-24,68,1,50.0,14.0,1.0,0.0,395.00,265.00,265.00,7643.00,86.1,0.1,361,0,3529.00,3659.00,3,380,0,231.6667
2026-06-23,1,0,0.0,1.0,0.0,0.0,-34.00,0,0,34.00,86.0667,0.1,361,0,34.00,0,3,381,0,239.6667
2026-06-22,40,0,14.0,21.0,0.0,0.0,-105.00,0,0,1580.00,85.2,0.1667,356.5714,0,755.00,650.00,3,406,0,703.3333
2026-06-18,654,0,144.0,430.0,0.0,0.0,-11224.00,0,0,34643.00,63.4,0.2,264.7143,0,20991.00,9767.00,7,154,0,610.3333
2026-06-17,25,0,0.0,25.0,0.0,0.0,-5780.00,0,0,5780.00,62.5667,0.2,261.2857,0,5780.00,0,7,146,0,602.3333
2026-06-16,1431,0,121.0,1064.0,0.0,0.0,-2024810.00,0,0,3101838.00,14.8667,0.2,56.8571,0,2283414.00,258604.00,7,582,0,125.6667
2026-06-15,375,0,11.0,353.0,0.0,0.0,-797175.00,0,0,827132.00,2.3667,0.2,3.2857,0,805711.00,8536.00,7,229,0,3.6667
2026-06-12,1,0,1.0,0.0,0.0,0.0,205.00,0,0,205.00,2.3333,0.2,3.2857,0,0,205.00,7,229,0,7
2026-06-11,1,0,1.0,0.0,0.0,0.0,290.00,0,0,290.00,2.3,0.2,3.2857,0,0,290.00,7,229,0,7
2026-06-10,9,0,0.0,9.0,0.0,0.0,-17882.00,0,0,17882.00,2.8667,0.2,4.1429,0,17882.00,0,7,220,0,4
2026-06-09,11,0,1.0,10.0,0.0,0.0,-840.00,0,0,940.00,2.5,0.2,2.5714,0,890.00,50.00,7,214,0,0.3333
2026-06-08,1,0,1.0,0.0,0.0,0.0,440.00,0,0,440.00,2.4667,0.2,2.7143,0.2857,0,440.00,7,213,0,0.3333
2026-06-05,0,0,,,,,,,0,0,2.4667,0.2,2.7143,0.2857,0,0,7,213,0,0.6667
2026-06-04,0,0,,,,,,,0,0,2.4667,0.2,2.8571,0.4286,0,0,7,213,0,5.6667
2026-06-03,1,0,0.0,1.0,0.0,0.0,-23.00,0,0,23.00,2.4333,0.2,2.7143,0.4286,23.00,0,7,212,0,5.3333
2026-06-02,1,0,0.0,1.0,0.0,0.0,-9.00,0,0,9.00,2.4,0.2,2.5714,0.4286,9.00,0,7,211,0.6667,5.6667
2026-06-01,15,0,15.0,0.0,0.0,0.0,6150.00,0,0,6150.00,2.1667,0.2,0.5714,0.4286,0,6150.00,7,196,0.6667,0.6667
2026-05-29,0,0,,,,,,,0,0,2.1667,0.2,0.5714,0.4286,0,0,7,196,1,1
2026-05-28,2,2,0.0,0.0,1.0,1.0,0,2.00,4.00,4140.00,2.1,0.1333,1.7143,0.1429,3.00,1.00,5,194,0.3333,0.3333
2026-05-27,0,0,,,,,,,0,0,2.1,0.1333,2,0.1429,0,0,5,194,0.3333,0.3333
2026-05-26,1,1,0.0,0.0,1.0,0.0,0,3.00,3.00,2070.00,2.0667,0.1,1.8571,0,3.00,0,4,193,0,0.3333
2026-05-22,0,0,,,,,,,0,0,2.0667,0.1,2,0,0,0,4,193,0,0.3333
2026-05-21,0,0,,,,,,,0,0,2.1667,0.1,2,0,0,0,4,193,0,3.6667
2026-05-20,1,0,0.0,1.0,0.0,0.0,-10.00,0,0,10.00,2.1333,0.1,1.8571,0,10.00,0,4,192,0,4
2026-05-19,0,0,,,,,,,0,0,2.1333,0.1,1.8571,0,0,0,4,192,0,4
2026-05-18,10,0,0.0,10.0,0.0,0.0,-200.00,0,0,200.00,1.8,0.1,2.4286,0.2857,200.00,0,4,182,0,1
2026-05-15,2,0,0.0,1.0,0.0,0.0,-602.00,0,0,1152.00,1.7333,0.1,2.1429,0.4286,602.00,0,4,195,0,0.3333
2026-05-14,0,0,,,,,,,0,0,1.8,0.1,2.1429,0.4286,0,0,4,195,0,0.3333
2026-05-13,1,0,0.0,1.0,0.0,0.0,-2.00,0,0,2.00,1.7667,0.1,2,0.4286,2.00,0,4,194,0,0
2026-05-12,0,0,,,,,,,0,0,1.7667,0.1,2,0.4286,0,0,4,194,0.6667,4.6667
2026-05-11,0,0,,,,,,,0,0,1.7667,0.1,2,0.4286,0,0,4,194,1,4.6667
2026-05-08,0,0,,,,,,,0,0,1.7667,0.1,2,0.4286,0,0,4,194,1,4.6667
2026-05-07,14,2,6.0,8.0,1.0,1.0,193.00,0,680.00,4093.00,1.3,0.0333,3.7143,0.1429,2290.00,2483.00,2,187,0.3333,0
2026-05-06,0,1,0.0,0.0,0.0,1.0,0,-30.00,30.00,0,1.7,0,3.7143,0,0,30.00,1,187,0,0
2026-05-05,0,0,,,,,,,0,0,3.3667,0,3.7143,0,0,0,1,187,0,0
2026-05-04,0,0,,,,,,,0,0,3.4,0,3.7143,0,0,0,1,187,0,0
2026-05-01,0,0,,,,,,,0,0,3.4,0,3.7143,0,0,0,1,187,0,8.6667
2026-04-30,0,0,,,,,,,0,0,3.4,0,3.7143,0,0,0,1,187,0,8.6667
2026-04-29,0,0,,,,,,,0,0,3.4,0,3.7143,0,0,0,1,187,0,8.6667
2026-04-28,26,0,25.0,1.0,0.0,0.0,8980.00,0,0,9020.00,2.5333,0,1.1429,0,20.00,9000.00,1,161,0,0
2026-04-27,0,0,,,,,,,0,0,2.7,0.0333,1.1429,0,0,0,1,161,0,0
2026-04-24,0,0,,,,,,,0,0,6.3,0.0333,1.1429,0,0,0,1,161,0,0
2026-04-23,0,0,,,,,,,0,0,6.5333,0.0333,1.1429,0,0,0,1,161,0,0
2026-04-22,0,0,,,,,,,0,0,6.6333,0.0333,1.1429,0,0,0,1,161,0,2.6667
2026-04-21,0,0,,,,,,,0,0,6.6333,0.1333,1.1429,0,0,0,1,161,0,2.6667
2026-04-20,0,0,,,,,,,0,0,6.8,0.2333,1.5714,0,0,0,1,161,0,2.6667
2026-04-17,8,0,4.0,4.0,0.0,0.0,84.00,0,0,1956.00,7.3333,0.2333,0.4286,0,936.00,1020.00,2,159,0,0
2026-04-16,0,0,,,,,,,0,0,7.4,0.2333,0.4286,0,0,0,2,159,0,0
2026-04-15,0,0,,,,,,,0,0,7.4,0.2333,0.4286,0,0,0,2,159,0,0
2026-04-14,0,0,,,,,,,0,0,7.4,0.2333,0.4286,0,0,0,2,159,0,1
2026-04-13,0,0,,,,,,,0,0,7.4333,0.2333,0.7143,0,0,0,2,159,0,1
2026-04-10,0,0,,,,,,,0,0,7.7,0.2333,0.7143,0,0,0,2,159,0,1
2026-04-09,3,0,0.0,2.0,0.0,0.0,-560.00,0,0,1035.00,7.6,0.2333,0.2857,0,560.00,0,2,157,0,0
2026-04-08,0,0,,,,,,,0,0,7.6333,0.2667,0.2857,0,0,0,2,157,0,0
2026-04-07,0,0,,,,,,,0,0,7.6333,0.2667,0.2857,0,0,0,2,157,0,0.6667
2026-04-06,0,0,,,,,,,0,0,7.6333,0.2667,0.2857,0,0,0,2,157,0,0.6667
2026-04-02,0,0,,,,,,,0,0,7.6333,0.2667,2,0,0,0,2,157,0,0.6667
2026-04-01,2,0,1.0,1.0,0.0,0.0,265.00,0,0,335.00,7.8333,0.2667,8.8571,0,35.00,300.00,2,155,0,0
2026-03-31,0,0,,,,,,,0,0,7.8333,0.2667,9,0,0,0,2,155,0,0
2026-03-30,0,0,,,,,,,0,0,7.8333,0.2667,9,0,0,0,2,155,0,0
2026-03-27,0,0,,,,,,,0,0,7.9,0.2667,9,0,0,0,2,155,0,4
2026-03-26,0,0,,,,,,,0,0,7.9667,0.2667,9,0,0,0,2,155,0,20.6667
2026-03-25,0,0,,,,,,,0,0,7.9667,0.2667,9,0,0,0,2,155,0,21
2026-03-24,12,0,0.0,12.0,0.0,0.0,-940.00,0,0,940.00,7.5667,0.2667,8,0.1429,940.00,0,2,143,0,17
2026-03-23,50,0,34.0,6.0,0.0,0.0,1490.00,0,0,2250.00,6.9,0.2667,16.2857,0.1429,180.00,1670.00,2,93,0,0.3333
2026-03-20,1,0,0.0,1.0,0.0,0.0,-9.00,0,0,9.00,6.8667,0.2667,17.1429,0.1429,9.00,0,9,172,0,0
2026-03-19,0,0,,,,,,,0,0,6.9,0.2667,17.5714,0.1429,0,0,9,172,0,0
2026-03-18,0,0,,,,,,,0,0,6.9333,0.2667,17.5714,0.5714,0,0,9,172,0.3333,1.6667
2026-03-17,0,0,,,,,,,0,0,6.9333,0.2667,18.2857,1,0,0,9,172,0.3333,37.6667
2026-03-16,0,0,,,,,,,0,0,7.0667,0.2667,21.7143,1,0,0,10,172,0.3333,40
2026-03-13,5,1,0.0,5.0,0.0,1.0,-500.00,-120.00,120.00,500.00,6.9,0.2333,21.2857,0.8571,500.00,120.00,9,172,0,39.3333
2026-03-12,108,0,4.0,102.0,0.0,0.0,-186785.00,0,0,193958.00,3.3,0.2333,5.8571,0.8571,188649.00,1864.00,9,182,1,3.3333
2026-03-11,7,0,3.0,4.0,0.0,0.0,-1839.00,0,0,12803.00,3.1667,0.2333,4.8571,0.8571,7321.00,5482.00,9,175,2,2.6667
2026-03-10,3,0,0.0,3.0,0.0,0.0,-30.00,0,0,30.00,3.1333,0.2333,4.5714,0.8571,30.00,0,9,175,2,9.6667
2026-03-09,0,3,0.0,0.0,0.0,3.0,0,-480.00,480.00,0,3.1333,0.1333,5.7143,0.4286,0,480.00,9,175,1,10.3333
2026-03-06,5,3,0.0,5.0,0.0,3.0,-1000.00,-477.00,477.00,1000.00,3.0333,0.0333,5,0,1000.00,477.00,6,170,0,8.6667
2026-03-05,24,0,18.0,6.0,0.0,0.0,13485.00,0,0,16645.00,3.9,0.0333,1.7143,0.1429,1580.00,15065.00,6,168,0,0.6667
2026-03-04,2,0,2.0,0.0,0.0,0.0,170.00,0,0,170.00,4.5667,0.0333,1.4286,0.1429,0,170.00,6,166,0,0.3333
2026-03-03,0,0,,,,,,,0,0,4.5667,0.0333,1.4286,0.1429,0,0,6,166,0,3
2026-03-02,0,0,,,,,,,0,0,4.7667,0.0333,1.4286,0.1429,0,0,6,166,0,3
2026-02-27,1,0,1.0,0.0,0.0,0.0,30.00,0,0,30.00,4.7333,0.0333,2.4286,0.1429,0,30.00,6,165,0.3333,3
2026-02-26,8,0,2.0,3.0,0.0,0.0,-1445.00,0,0,3700.00,4.4667,0.0333,1.2857,0.1429,1695.00,250.00,6,162,0.3333,0.3333
2026-02-25,0,0,,,,,,,0,0,4.6667,0.0333,1.2857,0.1429,0,0,6,162,0.3333,0.3333
2026-02-24,1,1,1.0,0.0,0.0,1.0,244.00,-239.00,239.00,244.00,5.0333,0,1.4286,0,0,483.00,5,161,0,0
2026-02-23,0,0,,,,,,,0,0,5.0333,0,1.7143,0,0,0,5,161,0,2.6667
2026-02-20,0,0,,,,,,,0,0,5.0333,0,1.7143,0,0,0,5,207,0,2.6667
2026-02-19,0,0,,,,,,,0,0,5.0667,0,1.7143,0,0,0,5,207,0,2.6667
2026-02-18,8,0,0.0,0.0,0.0,0.0,0,0,0,935.00,4.9,0,4.8571,0,0,0,5,202,0,0.6667
2026-02-17,0,0,,,,,,,0,0,5.4,0,4.8571,0,0,0,5,202,0,1.3333
2026-02-13,0,0,,,,,,,0,0,5.4333,0,5,0,0,0,5,202,0,1.3333
2026-02-12,2,0,0.0,2.0,0.0,0.0,-430.00,0,0,430.00,6.1,0,4.8571,0,430.00,0,5,202,0,0.6667
2026-02-11,2,0,1.0,1.0,0.0,0.0,-4.00,0,0,560.00,6.2333,0,4.5714,0,282.00,278.00,5,200,0,10
2026-02-10,0,0,,,,,,,0,0,6.2333,0,5.1429,0,0,0,5,200,0,10
2026-02-09,0,0,,,,,,,0,0,6.2333,0,5.1429,0,0,0,5,200,0,10.3333
2026-02-06,30,0,20.0,10.0,0.0,0.0,-1800.00,0,0,2800.00,5.2333,0,0.8571,0,2300.00,500.00,5,180,0,0.6667
2026-02-05,0,0,,,,,,,0,0,6.2,0,1.2857,0,0,0,5,180,0,0.6667
2026-02-04,1,0,0.0,1.0,0.0,0.0,-180.00,0,0,180.00,6.4,0,1.4286,0,180.00,0,5,181,0,1.6667
2026-02-03,1,0,1.0,0.0,0.0,0.0,140.00,0,0,140.00,6.3667,0,1.2857,0,0,140.00,5,180,0,1.3333
2026-02-02,0,0,,,,,,,0,0,6.4,0.0333,1.5714,0,0,0,5,180,0,1.3333
2026-01-30,4,0,2.0,2.0,0.0,0.0,233.00,0,0,905.00,6.2667,0.0333,8.1429,0,336.00,569.00,5,182,0,1
2026-01-29,0,0,,,,,,,0,0,6.2667,0.0333,11.2857,0,0,0,5,182,0,1.6667
2026-01-28,0,0,,,,,,,0,0,7.4667,0.0333,11.2857,0,0,0,5,182,0,1.6667
2026-01-27,3,0,1.0,2.0,0.0,0.0,-189.00,0,0,389.00,7.5,0.0333,11.7143,0,289.00,100.00,5,179,0,1.3333
2026-01-26,2,0,0.0,2.0,0.0,0.0,-140.00,0,0,140.00,7.7,0.0333,11.4286,0,140.00,0,5,177,0,17.3333
2026-01-23,0,0,,,,,,,0,0,7.7,0.0333,11.4286,0,0,0,5,177,0,24.6667
2026-01-22,2,0,0.0,2.0,0.0,0.0,-54.00,0,0,54.00,8.3,0.0333,12,0,54.00,0,5,175,0,24
2026-01-21,50,0,10.0,40.0,0.0,0.0,-1723.00,0,0,3823.00,6.6333,0.0333,6.5714,0,2773.00,1050.00,5,135,0,9.3333
2026-01-20,22,0,0.0,22.0,0.0,0.0,-840.00,0,0,840.00,5.9,0.0333,3.4286,0,840.00,0,5,113,0,2
2026-01-16,0,0,,,,,,,0,0,6.0333,0.0333,3.4286,0,0,0,5,147,0,2
2026-01-15,6,0,0.0,6.0,0.0,0.0,-1055.00,0,0,1055.00,8.6667,0.0333,2.7143,0,1055.00,0,5,143,0,2
2026-01-14,0,0,,,,,,,0,0,10.6667,0.0333,3.1429,0,0,0,5,143,0,6
2026-01-13,0,0,,,,,,,0,0,10.7667,0.0333,5.2857,0,0,0,5,143,0,6
2026-01-12,6,0,0.0,0.0,0.0,0.0,0,0,0,1890.00,10.6,0.0333,4.5714,0,0,0,5,140,0,4
2026-01-09,12,0,2.0,10.0,0.0,0.0,-170.00,0,0,230.00,10.2,0.1333,6,0,200.00,30.00,5,130,0,0.3333
2026-01-08,0,0,,,,,,,0,0,10.2667,0.1333,6.8571,0,0,0,5,130,0,1.3333
2026-01-07,0,0,,,,,,,0,0,10.3333,1.4333,6.8571,0,0,0,5,130,0,6.3333
2026-01-06,1,0,1.0,0.0,0.0,0.0,430.00,0,0,430.00,10.3,1.4333,6.7143,0,0,430.00,5,131,0,6.3333
2026-01-05,3,0,0.0,3.0,0.0,0.0,-686.00,0,0,686.00,10.2,1.4333,6.2857,0,686.00,0,5,128,0,12.6667
2026-01-02,15,0,0.0,15.0,0.0,0.0,-165.00,0,0,165.00,9.7333,1.4333,8.2857,0,165.00,0,5,113,0,9.6667
2025-12-31,1,0,0.0,1.0,0.0,0.0,-10.00,0,0,10.00,9.7,1.4333,9.1429,0,10.00,0,5,112,0,9.3333
2025-12-30,22,0,0.0,22.0,0.0,0.0,-940.00,0,0,940.00,8.9667,1.4333,6,0,940.00,0,5,90,0,2
2025-12-29,6,0,3.0,3.0,0.0,0.0,45.00,0,0,207.00,8.7667,1.4333,5.2857,0.1429,81.00,126.00,5,88,0,0
2025-12-26,0,0,,,,,,,0,0,8.9,1.4333,5.2857,0.1429,0,0,5,88,0,9.6667
2025-12-24,0,0,,,,,,,0,0,9.3,1.4333,5.2857,0.1429,0,0,5,88,0,12
2025-12-23,0,0,,,,,,,0,0,9.3,1.4333,10.4286,0.1429,0,0,5,88,0,12
2025-12-22,29,0,13.0,14.0,0.0,0.0,525.00,0,0,1635.00,8.9,1.4333,6.8571,0.1429,530.00,1055.00,5,64,0.3333,2.6667
2025-12-19,7,0,5.0,2.0,0.0,0.0,625.00,0,0,1425.00,8.8667,1.4333,7,0.1429,400.00,1025.00,58,193,0.3333,0.3333
2025-12-18,0,0,,,,,,,0,0,8.9667,1.4333,7,0.1429,0,0,58,193,0.3333,0.3333
2025-12-17,1,1,0.0,0.0,0.0,0.0,0,0,150.00,155.00,9.1667,1.4,9.7143,0,0,0,57,192,0,12
2025-12-16,0,0,,,,,,,0,0,9.2667,1.4,9.7143,0,0,0,57,192,0,13.3333
2025-12-15,0,0,,,,,,,0,0,9.2667,1.4,9.7143,0,0,0,57,192,0,16
2025-12-12,36,0,0.0,36.0,0.0,0.0,-4806.00,0,0,4806.00,10.1667,1.4333,5.1429,0,4806.00,0,57,191,0,4
2025-12-11,4,0,4.0,0.0,0.0,0.0,793.00,0,0,793.00,12.1667,1.4333,16.7143,0,0,793.00,57,189,0,9.3333
2025-12-10,8,0,0.0,8.0,0.0,0.0,-1048.00,0,0,1048.00,11.9,1.4333,24.1429,0,1048.00,0,57,185,0,6.6667
2025-12-09,0,0,,,,,,,0,0,12.0333,1.4333,24.5714,0,0,0,57,185,0,6.6667
2025-12-08,20,0,10.0,10.0,0.0,0.0,8100.00,0,0,10700.00,11.4,1.4333,21.8571,0,1300.00,9400.00,57,166,0,1.3333
2025-12-05,0,0,,,,,,,0,0,11.5333,2.0333,21.8571,0.4286,0,0,57,166,0,29.6667
2025-12-04,0,0,,,,,,,0,0,12.9,2.0333,22.1429,0.4286,0,0,57,166,0,49.6667
2025-12-03,4,0,2.0,2.0,0.0,0.0,190.00,0,0,906.00,12.8333,2.0333,21.8571,6,358.00,548.00,57,167,0,49.3333
2025-12-02,85,0,2.0,79.0,0.0,0.0,-104235.00,0,0,114696.00,10.7333,2.0333,9.7143,6,106598.00,2363.00,57,291,0,21.3333
2025-12-01,60,0,1.0,59.0,0.0,0.0,-85542.00,0,0,88672.00,8.7333,2.0333,1.1429,6,87107.00,1565.00,57,231,1,1.3333
2025-11-28,3,0,0.0,3.0,0.0,0.0,-219.00,0,0,219.00,8.6333,2.0333,0.8571,6,219.00,0,57,228,1,1
2025-11-26,1,0,1.0,0.0,0.0,0.0,100.00,0,0,100.00,8.6333,2.0333,0.7143,6,0,100.00,57,228,14,1.3333
2025-11-25,0,3,0.0,0.0,0.0,3.0,0,-168.00,168.00,0,8.6333,1.9333,0.7143,5.5714,0,168.00,54,228,13,1.3333
2025-11-24,2,0,0.0,2.0,0.0,0.0,-23.00,0,0,23.00,8.5667,1.9333,0.4286,5.5714,23.00,0,54,226,13,0.6667
2025-11-21,2,39,1.0,1.0,0.0,39.0,235.00,-980.00,980.00,245.00,8.6333,0.6333,0.7143,0,5.00,1220.00,64,284,0,0.3333
2025-11-20,0,0,,,,,,,0,0,8.8333,1.9667,2.4286,0,0,0,64,284,0,0.3333
2025-11-19,0,0,,,,,,,0,0,8.8333,1.9667,2.4286,0,0,0,64,284,0,0.3333
2025-11-18,1,0,0.0,1.0,0.0,0.0,-5.00,0,0,5.00,8.9667,1.9667,4.7143,0,5.00,0,64,285,0,0
2025-11-17,0,0,,,,,,,0,0,8.9667,1.9667,5.5714,0,0,0,64,285,0,1.3333
2025-11-14,0,0,,,,,,,0,0,8.9667,1.9667,6,0,0,0,64,285,0,5.3333
2025-11-13,0,0,,,,,,,0,0,8.9667,1.9667,7,0,0,0,64,285,0,5.3333
2025-11-12,4,0,3.0,1.0,0.0,0.0,590.00,0,0,1330.00,8.8333,1.9667,6.8571,0,370.00,960.00,64,286,0,9.6667
2025-11-11,12,0,6.0,6.0,0.0,0.0,529.00,0,0,2243.00,8.4333,1.9667,5.1429,0,857.00,1386.00,64,278,0,7.6667
2025-11-10,0,0,,,,,,,0,0,8.4333,1.9667,14.1429,0.1429,0,0,64,278,0,8.6667
2025-11-07,17,0,14.0,3.0,0.0,0.0,374.00,0,0,1082.00,7.9,1.9667,20.8571,0.1429,354.00,728.00,64,273,0,5.3333
2025-11-06,6,0,1.0,5.0,0.0,0.0,-782.00,0,0,794.00,7.7,2.0333,20,0.1429,788.00,6.00,64,269,0,4.3333
2025-11-05,3,0,3.0,0.0,0.0,0.0,918.00,0,0,918.00,7.6,2.1,20.1429,0.1429,0,918.00,64,266,0,3.3333
2025-11-04,7,0,2.0,2.0,0.0,0.0,-60.00,0,0,879.00,7.8333,2.1,19.2857,0.1429,282.00,222.00,64,263,0.3333,22
2025-11-03,3,0,0.0,3.0,0.0,0.0,-600.00,0,0,600.00,8.1,2.1,19.4286,2.7143,600.00,0,64,260,0.3333,42.3333
2025-10-31,0,0,,,,,,,0,0,8.2667,2.1,25.2857,2.7143,0,0,64,260,0.3333,42.3333
2025-10-30,63,1,3.0,60.0,0.0,1.0,-4077.00,-30.00,30.00,4917.00,6.2333,2.0667,16.5714,2.5714,4497.00,450.00,63,309,0,22.6667
2025-10-29,64,0,63.0,0.0,0.0,0.0,5506.00,0,0,5581.00,4.1667,2.0667,10.5714,2.5714,0,5506.00,63,256,0,1.6667
2025-10-28,0,0,,,,,,,0,0,4.1667,2.0667,10.5714,2.5714,0,0,63,256,6,3
2025-10-27,4,0,4.0,0.0,0.0,0.0,371.00,0,0,371.00,4.0333,2.0667,10,2.5714,0,371.00,63,252,6,15.3333
2025-10-24,1,0,1.0,0.0,0.0,0.0,78.00,0,0,78.00,4.0667,2.0667,10,2.5714,0,78.00,63,251,6,15.6667
2025-10-23,4,18,1.0,3.0,2.0,16.0,-118.00,-444.00,544.00,278.00,5.0667,1.4667,9.4286,0,248.00,574.00,45,247,0,21.6667
2025-10-22,41,0,0.0,1.0,0.0,0.0,-220.00,0,0,3597.00,3.9333,1.4667,3.5714,0,220.00,0,45,208,0,8
2025-10-21,2,0,0.0,2.0,0.0,0.0,-70.00,0,0,70.00,3.9333,1.4667,3.8571,0,70.00,0,45,207,0,7.3333
2025-10-20,22,0,0.0,22.0,0.0,0.0,-1386.00,0,0,1386.00,3.2,1.4667,1.5714,5.7143,1386.00,0,45,185,0,0.3333
2025-10-17,0,0,,,,,,,0,0,3.2,1.4667,1.5714,5.7143,0,0,45,208,0,0.3333
2025-10-16,0,0,,,,,,,0,0,3.2,1.4667,2.2857,5.7143,0,0,45,208,0,0.3333
2025-10-15,1,0,1.0,0.0,0.0,0.0,55.00,0,0,55.00,3.2,1.4667,2.1429,5.7143,0,55.00,45,207,0,1.3333
2025-10-14,0,0,,,,,,,0,0,3.2,1.4667,2.1429,5.7143,0,0,45,207,13.3333,3.3333
2025-10-13,0,0,,,,,,,0,0,3.2,1.4667,2.1429,5.7143,0,0,45,207,13.3333,3.3333
2025-10-10,4,0,0.0,4.0,0.0,0.0,-38.00,0,0,38.00,3.0667,1.4667,1.5714,5.7143,38.00,0,45,203,13.3333,3.6667
2025-10-09,6,40,6.0,0.0,21.0,12.0,1152.00,801.00,1282.00,1152.00,2.8667,0.1333,0.7143,0,989.00,1340.00,15,203,0,1.6667
2025-10-08,0,0,,,,,,,0,0,2.9,0.1333,0.7143,0,0,0,15,203,0,1.6667
2025-10-07,5,0,0.0,5.0,0.0,0.0,-425.00,0,0,425.00,3.0667,0.1333,0.1429,0,425.00,0,15,198,0,0
2025-10-06,0,0,,,,,,,0,0,3.0667,0.1333,0.1429,0.2857,0,0,15,198,0,0
2025-10-03,0,0,,,,,,,0,0,3.0667,0.1333,0.1429,0.5714,0,0,15,198,0,0
2025-10-02,0,0,,,,,,,0,0,3.1,0.1333,2.1429,0.5714,0,0,15,198,0,0
2025-10-01,0,0,,,,,,,0,0,3.1,0.1333,3.7143,0.5714,0,0,15,198,0,0.3333
2025-09-30,0,0,,,,,,,0,0,4.1667,0.2,4.4286,0.5714,0,0,15,198,0.6667,0.3333
2025-09-29,0,0,,,,,,,0,0,4.1667,0.2,4.7143,0.5714,0,0,15,198,1.3333,0.3333
2025-09-26,1,0,0.0,1.0,0.0,0.0,-22.00,0,0,22.00,4.1667,0.2,4.8571,0.5714,22.00,0,15,197,1.3333,4.6667
2025-09-25,0,2,0.0,0.0,0.0,2.0,0,-96.00,96.00,0,4.1667,0.1333,4.8571,0.2857,0,96.00,13,197,0.6667,8.3333
2025-09-24,0,2,0.0,0.0,0.0,2.0,0,-92.00,92.00,0,4.3,0.0667,4.8571,0,0,92.00,11,197,0,10
2025-09-23,14,0,2.0,12.0,0.0,0.0,880.00,0,0,1900.00,3.8333,0.0667,3.1429,0,510.00,1390.00,11,186,0,6
2025-09-22,11,0,11.0,0.0,0.0,0.0,265.00,0,0,265.00,3.4667,0.0667,6.4286,0,0,265.00,11,175,0,3
2025-09-19,5,0,5.0,0.0,0.0,0.0,425.00,0,0,425.00,3.3,0.0667,6.7143,0,0,425.00,33,188,0,1.3333
2025-09-18,2,0,1.0,1.0,0.0,0.0,29.00,0,0,31.00,3.2333,0.0667,6.7143,0,1.00,30.00,33,187,0,0.6667
2025-09-17,2,0,0.0,2.0,0.0,0.0,-40.00,0,0,40.00,3.1667,0.0667,6.4286,0,40.00,0,33,185,0,0.6667
2025-09-16,0,0,,,,,,,0,0,3.2,0.4667,6.4286,0,0,0,33,185,0,12
2025-09-15,0,0,,,,,,,0,0,3.4,0.4667,6.4286,0,0,0,33,185,0,14.3333
2025-09-12,2,0,0.0,2.0,0.0,0.0,-1300.00,0,0,1300.00,3.3333,0.4667,6.2857,0,1300.00,0,33,183,0,14.3333
2025-09-11,34,0,30.0,4.0,0.0,0.0,30116.00,0,0,39160.00,2.2,0.5333,1.4286,0,4522.00,34638.00,33,225,0,3
2025-09-10,7,0,3.0,4.0,0.0,0.0,-1412.00,0,0,2336.00,1.9667,0.5333,0.4286,0,1874.00,462.00,33,223,0,0.6667
2025-09-09,2,0,0.0,2.0,0.0,0.0,-150.00,0,0,150.00,1.9333,1.2333,0.1429,0,150.00,0,33,225,0,0
2025-09-08,0,0,,,,,,,0,0,1.9333,1.2333,0.1429,0,0,0,33,225,0,0.3333
2025-09-05,0,0,,,,,,,0,0,1.9333,1.2333,0.2857,0,0,0,33,225,0,0.3333
2025-09-04,0,0,,,,,,,0,0,1.9333,1.2333,1.7143,0,0,0,33,225,0,0.3333
2025-09-03,1,0,0.0,1.0,0.0,0.0,-153.00,0,0,153.00,2.4,1.2333,1.5714,0,153.00,0,33,225,0,0
2025-09-02,0,0,,,,,,,0,0,2.4,1.3,1.5714,0,0,0,33,225,0,0
2025-08-29,0,0,,,,,,,0,0,2.4,1.3667,1.7143,0,0,0,33,225,0,0.3333
2025-08-28,0,0,,,,,,,0,0,2.4,1.3667,1.7143,0,0,0,33,225,0,3.6667
2025-08-27,0,0,,,,,,,0,0,2.4,1.3667,6.2857,0.2857,0,0,33,228,0,3.6667
2025-08-26,1,0,1.0,0.0,0.0,0.0,700.00,0,0,700.00,2.3667,1.3667,6.1429,0.2857,0,700.00,33,228,0,3.3333
2025-08-25,10,0,0.0,10.0,0.0,0.0,-1000.00,0,0,1000.00,2.0333,1.3667,4.8571,0.2857,1000.00,0,33,218,0,0.3333
2025-08-22,0,0,,,,,,,0,0,2.0333,1.3667,4.8571,0.2857,0,0,33,218,0,0.3333
2025-08-21,0,0,,,,,,,0,0,2.0333,1.3667,5.4286,0.2857,0,0,33,218,0.6667,11
2025-08-20,1,0,0.0,1.0,0.0,0.0,-5.00,0,0,5.00,2,1.3667,5.2857,0.2857,5.00,0,33,217,0.6667,10.6667
2025-08-19,0,0,,,,,,,0,0,2.1667,1.3667,5.2857,0.2857,0,0,33,217,0.6667,11
2025-08-18,32,2,0.0,32.0,2.0,0.0,-842.00,180.00,180.00,842.00,1.1333,1.3,0.7143,0,1022.00,0,31,185,0,0.3333
2025-08-15,0,0,,,,,,,0,0,1.3333,1.3,0.7143,0,0,0,57,218,0,1.6667
2025-08-14,1,0,1.0,0.0,0.0,0.0,40.00,0,0,40.00,1.5333,1.3,0.5714,0,0,40.00,57,218,0,1.3333
2025-08-13,0,0,,,,,,,0,0,1.5333,1.3,0.7143,1.7143,0,0,57,218,0,1.3333
2025-08-12,4,0,1.0,2.0,0.0,0.0,-150.00,0,0,365.00,1.4,1.3,1,1.7143,250.00,100.00,57,217,0,0
2025-08-11,0,0,,,,,,,0,0,2.2667,1.3,1,1.7143,0,0,57,217,0,0
2025-08-08,0,0,,,,,,,0,0,2.2667,1.3,1,2,0,0,57,217,0,0
2025-08-07,0,0,,,,,,,0,0,2.7,1.3,1,2,0,0,57,217,4,0.3333
2025-08-06,0,0,,,,,,,0,0,2.8667,1.3,1.1429,5,0,0,57,217,4,2.3333
2025-08-05,0,0,,,,,,,0,0,2.8667,1.3,1.1429,5,0,0,57,217,4,2.3333
2025-08-04,1,12,0.0,1.0,5.0,7.0,-100.00,-475.00,2113.00,100.00,3.6,0.9,1,3.2857,919.00,1294.00,45,217,0.6667,2
2025-08-01,6,0,3.0,0.0,0.0,0.0,228.00,0,0,378.00,3.5667,0.9,0.1429,3.2857,0,228.00,45,217,0.6667,0
2025-07-31,0,0,,,,,,,0,0,4,0.9,2.2857,3.2857,0,0,45,217,7.6667,0.3333
2025-07-30,0,2,0.0,0.0,2.0,0.0,0,180.00,180.00,0,4.8667,0.8333,2.2857,3.2857,180.00,0,44,217,7,0.3333
2025-07-29,0,0,,,,,,,0,0,6.1333,0.8333,2.2857,3.5714,0,0,44,217,7,0.3333
2025-07-28,1,21,1.0,0.0,5.0,14.0,140.00,-204.00,416.00,140.00,6.5,0.1333,2.1429,0.5714,81.00,425.00,23,217,0,0
2025-07-25,0,0,,,,,,,0,0,6.5333,0.1333,2.1429,0.5714,0,0,23,217,0,5
2025-07-24,0,0,,,,,,,0,0,7,0.1333,2.1429,0.5714,0,0,23,217,0.6667,5
2025-07-23,0,0,,,,,,,0,0,7.0333,0.1333,2.1429,0.5714,0,0,23,217,1.3333,5
2025-07-22,15,0,0.0,15.0,0.0,0.0,-275.00,0,0,275.00,6.5667,0.1333,0,0.5714,275.00,0,23,203,1.3333,0
2025-07-21,0,2,0.0,0.0,2.0,0.0,0,194.00,194.00,0,6.6333,0.0667,0,0.2857,194.00,0,21,203,0.6667,0
2025-07-18,0,2,0.0,0.0,0.0,2.0,0,-229.00,229.00,0,6.7333,0,0,0,0,229.00,19,221,0,0
2025-07-17,0,0,,,,,,,0,0,7.0333,0,0.7143,0,0,0,19,221,0,0
2025-07-16,0,0,,,,,,,0,0,8.7333,0,0.8571,0,0,0,19,224,0,0
2025-07-15,0,0,,,,,,,0,0,8.7333,0,1.7143,0,0,0,19,224,0,0
2025-07-14,0,0,,,,,,,0,0,9.3333,0.1333,2.7143,0,0,0,19,224,0,0
2025-07-11,0,0,,,,,,,0,0,9.3333,0.1667,2.7143,0,0,0,19,224,0,1.6667
2025-07-10,0,0,,,,,,,0,0,9.3333,0.1667,2.7143,0,0,0,19,224,0,2
2025-07-09,0,0,,,,,,,0,0,9.3667,0.1667,6.4286,0,0,0,19,224,0,4
2025-07-08,5,0,0.0,5.0,0.0,0.0,-875.00,0,0,875.00,9.2,0.1667,5.7143,0,875.00,0,19,219,0,4.6667
2025-07-07,1,0,0.0,1.0,0.0,0.0,-60.00,0,0,60.00,9.5,0.1667,7.4286,0,60.00,0,19,219,0,4.3333
2025-07-03,6,0,3.0,3.0,0.0,0.0,135.00,0,0,783.00,9.6333,0.1667,7.2857,0,324.00,459.00,19,219,0,2.3333
2025-07-02,7,0,1.0,6.0,0.0,0.0,-1145.00,0,0,1435.00,9.4667,0.1667,6.2857,0,1290.00,145.00,19,221,0,8.6667
2025-07-01,0,0,,,,,,,0,0,9.4667,0.1667,9.5714,0,0,0,19,221,0,8.6667
2025-06-30,0,0,,,,,,,0,0,9.6667,0.2667,10.2857,0,0,0,19,221,0,13
2025-06-27,26,0,0.0,26.0,0.0,0.0,-580.00,0,0,580.00,9.3333,0.2667,8.4286,0,580.00,0,19,199,0,6
2025-06-26,0,0,,,,,,,0,0,9.3333,0.2667,12.1429,0,0,0,19,199,0,6
2025-06-25,13,0,0.0,13.0,0.0,0.0,-530.00,0,0,530.00,9.6,0.3667,15.7143,0,530.00,0,19,186,0,9.3333
2025-06-24,5,0,0.0,5.0,0.0,0.0,-75.00,0,0,75.00,9.5667,0.4333,16.7143,0,75.00,0,19,181,0,9.3333
2025-06-23,0,0,,,,,,,0,0,9.6333,0.4333,16.8571,0,0,0,19,181,0,13.6667
2025-06-20,23,0,8.0,15.0,0.0,0.0,-2990.00,0,0,4270.00,8.8667,0.4333,15.5714,0,3630.00,640.00,31,234,0,14.6667
2025-06-18,5,0,5.0,0.0,0.0,0.0,6155.00,0,0,6155.00,8.7667,0.4333,15,0,0,6155.00,31,229,0,25.6667
2025-06-17,13,0,12.0,1.0,0.0,0.0,13723.00,0,0,14719.00,8.3333,0.4333,13.2857,0,498.00,14221.00,31,281,0,25.3333
2025-06-16,26,0,23.0,1.0,0.0,0.0,24227.00,0,0,28197.00,7.5333,0.7,9.8571,0,735.00,24962.00,31,255,0,17
2025-06-13,38,0,21.0,17.0,0.0,0.0,18941.00,0,0,22591.00,7.7667,0.7,4.8571,0,1825.00,20766.00,31,224,0,9
2025-06-12,12,0,6.0,6.0,0.0,0.0,95.00,0,0,1855.00,7.3667,0.7333,4.4286,0,880.00,975.00,31,222,0,5.3333
2025-06-11,1,0,0.0,1.0,0.0,0.0,-210.00,0,0,210.00,7.5,1.5333,11.5714,0,210.00,0,31,223,0,5.3333
2025-06-10,14,0,0.0,14.0,0.0,0.0,-1424.00,0,0,1424.00,7.0333,1.6,9.5714,0,1424.00,0,31,210,0,1.3333
2025-06-09,1,0,0.0,1.0,0.0,0.0,-441.00,0,0,441.00,7,1.6,12,0.5714,441.00,0,31,209,0,2
2025-06-06,1,0,1.0,0.0,0.0,0.0,400.00,0,0,400.00,7.3333,1.6,11.8571,0.7143,0,400.00,31,209,0,4.6667
2025-06-05,2,0,0.0,2.0,0.0,0.0,-112.00,0,0,112.00,7.7667,1.6,11.5714,0.7143,112.00,0,31,207,0,21
2025-06-04,3,0,0.0,0.0,0.0,0.0,0,0,0,600.00,7.6667,1.6,11.2857,0.7143,0,0,31,207,0,20
2025-06-03,9,0,0.0,9.0,0.0,0.0,-504.00,0,0,504.00,8.0333,1.6,10,0.7143,504.00,0,31,211,1.3333,23
2025-06-02,51,0,0.0,51.0,0.0,0.0,-2000.00,0,0,2000.00,6.4,1.6,4.1429,0.7143,2000.00,0,31,162,1.6667,6
2025-05-30,0,0,,,,,,,0,0,6.4,1.7,5.5714,0.7143,0,0,31,162,1.6667,6
2025-05-29,18,4,2.0,16.0,0.0,0.0,-735.00,0,40.00,1495.00,5.8,1.5667,3.2857,0.1429,1115.00,380.00,31,146,0.3333,0.3333
2025-05-28,0,1,0.0,0.0,0.0,1.0,0,-10.00,10.00,0,5.8,1.5333,3.2857,0,0,10.00,31,146,0,0.3333
2025-05-27,0,0,,,,,,,0,0,6.0667,1.5333,4.1429,0.4286,0,0,31,146,0,3.6667
2025-05-23,1,0,0.0,1.0,0.0,0.0,-55.00,0,0,55.00,6.0333,1.5333,6.2857,0.4286,55.00,0,31,145,0,6.6667
2025-05-22,0,0,,,,,,,0,0,6.0333,1.5333,6.2857,0.4286,0,0,31,145,0,7.3333
2025-05-21,10,0,0.0,10.0,0.0,0.0,-648.00,0,0,648.00,5.7667,1.5333,7.8571,0.8571,648.00,0,31,155,0,4
2025-05-20,10,0,5.0,5.0,0.0,0.0,-5.00,0,0,995.00,5.4667,1.5667,7,1.1429,500.00,495.00,31,145,1,2.6667
2025-05-19,2,0,0.0,2.0,0.0,0.0,-50.00,0,0,50.00,5.4667,3.5333,7,1.1429,50.00,0,31,143,1,7.3333
2025-05-16,0,0,,,,,,,0,0,5.5,3.5667,7,1.1429,0,0,46,152,1,7.3333
2025-05-15,6,3,0.0,0.0,0.0,3.0,0,-105.00,105.00,315.00,5.3667,3.4667,6.4286,0.7143,0,105.00,46,152,1,12.3333
2025-05-14,16,0,9.0,7.0,0.0,0.0,244.00,0,0,1196.00,5.0667,3.4667,4.1429,0.7143,476.00,720.00,46,150,1.6667,8.3333
2025-05-13,0,0,,,,,,,0,0,5.1667,3.4667,4.4286,1.8571,0,0,46,150,1.6667,9
2025-05-12,21,3,5.0,16.0,0.0,0.0,-1711.00,0,105.00,2661.00,4.6,3.3667,7.8571,1.4286,2186.00,475.00,43,144,0.6667,2
2025-05-09,4,2,0.0,4.0,0.0,2.0,-928.00,-25.00,25.00,928.00,4.6333,3.3,7.2857,1.2857,928.00,25.00,43,140,0,1.3333
2025-05-08,2,0,2.0,0.0,0.0,0.0,500.00,0,0,500.00,4.6,3.3333,7.7143,4.7143,0,500.00,43,140,0,0.6667
2025-05-07,0,0,,,,,,,0,0,4.6333,3.3333,7.7143,5,0,0,43,140,2.6667,1.3333
2025-05-06,2,0,1.0,0.0,0.0,0.0,210.00,0,0,425.00,4.6,3.3333,7.4286,5,0,210.00,43,140,2.6667,15.6667
2025-05-05,0,0,,,,,,,0,0,4.6667,3.8667,9,5,0,0,43,140,3,15.6667
2025-05-02,2,8,2.0,0.0,0.0,8.0,286.00,-195.00,195.00,286.00,4.7667,3.7333,10.8571,3.8571,0,481.00,45,139,8.3333,16.6667
2025-05-01,45,0,3.0,42.0,0.0,0.0,-3469.00,0,0,4091.00,3.2667,3.7333,4.4286,3.8571,3780.00,311.00,45,151,9,1.6667
2025-04-30,0,1,0.0,0.0,1.0,0.0,0,85.00,85.00,0,3.2667,3.7333,7.2857,3.7143,85.00,0,44,151,8.6667,1.6667
2025-04-29,5,24,1.0,4.0,7.0,6.0,15.00,120.00,1165.00,335.00,3.2333,3.2,6.8571,0.2857,590.00,485.00,28,148,0.6667,3.6667
2025-04-28,0,2,0.0,0.0,0.0,2.0,0,-102.00,102.00,0,4.1333,3.1333,6.8571,0.4286,0,102.00,26,148,0,8.6667
2025-04-25,0,0,,,,,,,0,0,5.8333,3.2,6.8571,0.4286,0,0,26,148,0,8.6667
2025-04-24,11,0,2.0,7.0,0.0,0.0,-404.00,0,0,906.00,5.8,3.2,5.2857,0.4286,585.00,181.00,26,137,0,11.6667
2025-04-23,15,0,11.0,4.0,0.0,0.0,97.00,0,0,1337.00,5.3,3.2,4.2857,0.4286,620.00,717.00,26,122,0,7.3333
2025-04-22,0,0,,,,,,,0,0,5.3333,4.9667,4.2857,0.4286,0,0,26,122,1,7.3333
2025-04-21,20,0,13.0,3.0,0.0,0.0,663.00,0,0,1134.00,6.9667,9.0667,1.4286,0.4286,113.00,776.00,26,102,1,0.6667
2025-04-17,2,0,2.0,0.0,0.0,0.0,120.00,0,0,120.00,10.2333,11.3333,1.4286,0.4286,0,120.00,40,102,1,0
2025-04-16,0,3,0.0,0.0,0.0,0.0,0,0,900.00,0,10.2333,11.2333,1.5714,0.1429,0,0,90,102,0,2.6667
2025-04-15,0,0,,,,,,,0,0,10.3333,11.4,1.8571,8.5714,0,0,90,102,0,2.6667
2025-04-14,0,0,,,,,,,0,0,10.4,11.4333,2,8.7143,0,0,90,102,0,2.6667
2025-04-11,8,0,0.0,8.0,0.0,0.0,-802.00,0,0,802.00,10.1333,11.4333,1.1429,8.7143,802.00,0,90,94,0,0.6667
2025-04-10,0,0,,,,,,,0,0,10.1333,11.4333,2.1429,8.7143,0,0,90,94,0.3333,1
2025-04-09,0,0,,,,,,,0,0,10.2,11.7667,2.5714,8.7143,0,0,90,94,20,1.6667
2025-04-08,2,0,0.0,2.0,0.0,0.0,-350.00,0,0,350.00,10.2000000000000000,11.8000000000000000,2.8571428571428571,8.7142857142857143,350.00,0,90,92,20.3333333333333333,1.3333333333333333
2025-04-07,1,1,0.0,1.0,0.0,1.0,-130.00,-276.00,276.00,130.00,10.1666666666666667,11.7666666666666667,3.4285714285714286,8.5714285714285714,130.00,276.00,90,93,20.0000000000000000,1.6666666666666667
2025-04-04,2,59,0.0,2.0,0.0,59.0,-18.00,-3472.00,3472.00,18.00,10.1000000000000000,9.8000000000000000,3.2857142857142857,0.28571428571428571429,18.00,3472.00,99,93,0.33333333333333333333,3.3333333333333333
2025-04-03,1,1,1.0,0.0,0.0,1.0,245.00,-100.00,100.00,245.00,10.0666666666666667,9.7666666666666667,3.2857142857142857,0.14285714285714285714,0,345.00,99,92,0.00000000000000000000,4.0000000000000000
2025-04-02,2,0,0.0,0.0,0.0,0.0,0,0,0,170.00,10.0000000000000000,9.7666666666666667,3.1428571428571429,0.14285714285714285714,0,0,99,90,0.00000000000000000000,4.6666666666666667
2025-04-01,7,0,0.0,6.0,0.0,0.0,-763.00,0,0,798.00,9.7666666666666667,9.7666666666666667,2.4285714285714286,2.4285714285714286,763.00,0,99,88,0.00000000000000000000,4.0000000000000000
2025-03-31,3,0,0.0,3.0,0.0,0.0,-180.00,0,0,180.00,9.6666666666666667,9.7666666666666667,2.7142857142857143,3.0000000000000000,180.00,0,99,85,0.33333333333333333333,3.3333333333333333
2025-03-28,4,0,1.0,0.0,0.0,0.0,57.00,0,0,127.00,9.5333333333333333,9.7666666666666667,2.1428571428571429,3.0000000000000000,0,57.00,99,86,0.33333333333333333333,2.3333333333333333
2025-03-27,5,0,0.0,5.0,0.0,0.0,-655.00,0,0,655.00,9.3666666666666667,9.9333333333333333,1.4285714285714286,3.1428571428571429,655.00,0,99,81,0.33333333333333333333,1.00000000000000000000
2025-03-26,1,1,0.0,1.0,1.0,0.0,-255.00,85.00,85.00,255.00,9.3333333333333333,10.2333333333333333,1.8571428571428571,4.1428571428571429,340.00,0,99,80,5.3333333333333333,1.3333333333333333
2025-03-25,1,0,0.0,1.0,0.0,0.0,-265.00,0,0,265.00,9.3333333333333333,10.2333333333333333,5.5714285714285714,4.1428571428571429,265.00,0,99,79,6.6666666666666667,2.6666666666666667
2025-03-24,1,0,0.0,1.0,0.0,0.0,-275.00,0,0,275.00,9.3000000000000000,10.2333333333333333,12.7142857142857143,4.4285714285714286,275.00,0,99,78,6.6666666666666667,2.3333333333333333
2025-03-21,2,16,0.0,2.0,4.0,11.0,-10.00,-211.00,1081.00,10.00,9.2333333333333333,9.7000000000000000,13.8571428571428571,2.1428571428571429,430.00,631.00,262,234,1.6666666666666667,1.6666666666666667
2025-03-20,5,4,2.0,2.0,1.0,3.0,-97.00,-126.00,226.00,205.00,9.0666666666666667,9.5666666666666667,13.1428571428571429,1.5714285714285714,191.00,220.00,260,231,3.0000000000000000,1.3333333333333333
2025-03-19,0,0,,,,,,,0,0,9.2000000000000000,9.7333333333333333,13.2857142857142857,9.1428571428571429,0,0,260,231,3.0000000000000000,10.3333333333333333
2025-03-18,0,1,0.0,0.0,0.0,1.0,0,-245.00,245.00,0,9.2000000000000000,9.9333333333333333,23.1428571428571429,26.5714285714285714,0,245.00,259,231,3.3333333333333333,27.3333333333333333
2025-03-17,4,8,1.0,3.0,4.0,4.0,-88.00,-80.00,120.00,224.00,9.0666666666666667,9.6666666666666667,36.8571428571428571,35.1428571428571429,176.00,168.00,259,231,0.66666666666666666667,29.3333333333333333
2025-03-14,27,0,0.0,24.0,0.0,0.0,-1510.00,0,0,1540.00,8.1666666666666667,9.6666666666666667,33.0000000000000000,35.1428571428571429,1510.00,0,259,218,0.66666666666666666667,20.3333333333333333
2025-03-13,51,2,10.0,21.0,1.0,1.0,-1395.00,10.00,150.00,3075.00,6.4666666666666667,9.6000000000000000,26.1428571428571429,35.5714285714285714,1915.00,510.00,259,178,17.6666666666666667,3.6666666666666667
2025-03-12,10,0,8.0,2.0,0.0,0.0,6171.00,0,0,10291.00,6.1333333333333333,9.8000000000000000,25.0000000000000000,35.7142857142857143,2060.00,8231.00,259,168,58.6666666666666667,23.3333333333333333
2025-03-11,0,0,,,,,,,0,0,6.1666666666666667,9.8000000000000000,25.0000000000000000,35.7142857142857143,0,0,259,168,81.3333333333333333,56.6666666666666667
2025-03-10,1,53,1.0,0.0,3.0,24.0,15.00,-320.00,1030.00,15.00,6.2666666666666667,8.0333333333333333,24.8571428571428571,28.1428571428571429,160.00,495.00,210,169,63.6666666666666667,56.3333333333333333
2025-03-07,69,123,22.0,45.0,9.0,111.0,-105.00,-2051.00,3049.00,2095.00,4.1666666666666667,3.9333333333333333,15.2857142857142857,12.0000000000000000,1544.00,3490.00,104,139,24.3333333333333333,34.3333333333333333
2025-03-06,100,68,64.0,35.0,25.0,43.0,-546.00,-553.00,4885.00,1334.00,0.83333333333333333333,1.6666666666666667,1.2857142857142857,2.4285714285714286,3101.00,3108.00,59,52,2.0000000000000000,1.6666666666666667
2025-03-05,0,0,,,,,,,0,0,0.83333333333333333333,1.8333333333333333,1.2857142857142857,2.4285714285714286,0,0,59,52,2.0000000000000000,1.6666666666666667
2025-03-04,3,5,3.0,0.0,0.0,5.0,270.00,-460.00,460.00,270.00,1.00000000000000000000,1.8000000000000000,0.85714285714285714286,1.7142857142857143,0,730.00,59,49,0.33333333333333333333,0.66666666666666666667
2025-03-03,2,1,0.0,2.0,0.0,1.0,-25.00,-152.00,152.00,25.00,0.96666666666666666667,1.7666666666666667,0.57142857142857142857,1.5714285714285714,25.00,152.00,58,47,3.3333333333333333,0.66666666666666666667
2025-02-28,0,0,,,,,,,0,0,0.96666666666666666667,1.7666666666666667,0.57142857142857142857,1.5714285714285714,0,0,58,47,3.6666666666666667,1.3333333333333333
2025-02-27,0,0,,,,,,,0,0,0.96666666666666666667,1.7666666666666667,0.57142857142857142857,1.5714285714285714,0,0,58,47,3.6666666666666667,1.3333333333333333
2025-02-26,2,10,0.0,2.0,0.0,10.0,-202.00,-350.00,350.00,202.00,0.90000000000000000000,1.4333333333333333,0.28571428571428571429,0.14285714285714285714,202.00,350.00,52,48,0.33333333333333333333,0.66666666666666666667
2025-02-25,2,1,0.0,2.0,0.0,1.0,-318.00,-35.00,35.00,318.00,0.83333333333333333333,1.4000000000000000,0.00000000000000000000,0.00000000000000000000,318.00,35.00,51,48,0.00000000000000000000,0.00000000000000000000
2025-02-24,0,0,,,,,,,0,0,1.00000000000000000000,1.4333333333333333,0.00000000000000000000,0.71428571428571428571,0,0,51,48,0.00000000000000000000,0.00000000000000000000
2025-02-21,0,0,,,,,,,0,0,1.00000000000000000000,1.5333333333333333,0.00000000000000000000,2.1428571428571429,0,0,115,52,0.00000000000000000000,0.00000000000000000000
2025-02-20,0,0,,,,,,,0,0,1.6666666666666667,1.5333333333333333,0.14285714285714285714,2.1428571428571429,0,0,115,52,0.00000000000000000000,0.00000000000000000000
2025-02-19,0,0,,,,,,,0,0,1.7000000000000000,3.1000000000000000,0.14285714285714285714,2.1428571428571429,0,0,115,52,0.00000000000000000000,0.00000000000000000000
2025-02-18,0,0,,,,,,,0,0,1.7000000000000000,3.7666666666666667,0.14285714285714285714,2.1428571428571429,0,0,115,52,1.6666666666666667,0.00000000000000000000
2025-02-14,0,0,,,,,,,0,0,1.7000000000000000,3.8333333333333333,0.14285714285714285714,2.1428571428571429,0,0,115,52,5.0000000000000000,0.00000000000000000000
2025-02-13,0,0,,,,,,,0,0,1.7000000000000000,3.8333333333333333,0.71428571428571428571,2.8571428571428571,0,0,115,52,5.0000000000000000,0.33333333333333333333
2025-02-12,0,5,0.0,0.0,0.0,5.0,0,-100.00,100.00,0,1.7000000000000000,3.6666666666666667,0.71428571428571428571,3.1428571428571429,0,100.00,110,52,3.3333333333333333,0.33333333333333333333
2025-02-11,0,10,0.0,0.0,5.0,5.0,0,-230.00,484.00,0,1.7666666666666667,3.3333333333333333,0.71428571428571428571,1.7142857142857143,127.00,357.00,100,52,0.00000000000000000000,0.33333333333333333333
2025-02-10,1,0,1.0,0.0,0.0,0.0,30.00,0,0,30.00,1.8000000000000000,3.3333333333333333,0.57142857142857142857,1.7142857142857143,0,30.00,100,51,0.00000000000000000000,0.00000000000000000000
2025-02-07,0,0,,,,,,,0,0,1.9333333333333333,3.3333333333333333,0.57142857142857142857,1.7142857142857143,0,0,100,51,1.6666666666666667,1.3333333333333333
2025-02-06,0,0,,,,,,,0,0,1.9333333333333333,4.1333333333333333,0.57142857142857142857,2.5714285714285714,0,0,100,51,4.0000000000000000,1.3333333333333333
2025-02-05,0,0,,,,,,,0,0,1.9666666666666667,4.1333333333333333,0.71428571428571428571,2.5714285714285714,0,0,100,51,4.0000000000000000,1.3333333333333333
2025-02-04,4,5,0.0,4.0,0.0,5.0,-40.00,-80.00,80.00,40.00,1.9666666666666667,3.9666666666666667,0.71428571428571428571,1.8571428571428571,40.00,80.00,95,47,2.3333333333333333,0.00000000000000000000
2025-02-03,0,7,0.0,0.0,2.0,5.0,0,-45.00,125.00,0,1.9666666666666667,3.7333333333333333,1.5714285714285714,0.85714285714285714286,40.00,85.00,88,47,0.00000000000000000000,0.00000000000000000000
2025-01-31,0,0,,,,,,,0,0,1.9666666666666667,3.7333333333333333,1.5714285714285714,0.85714285714285714286,0,0,88,47,2.0000000000000000,0.00000000000000000000
2025-01-30,0,0,,,,,,,0,0,2.1000000000000000,3.7333333333333333,1.5714285714285714,1.5714285714285714,0,0,88,47,2.0000000000000000,0.33333333333333333333
2025-01-29,0,0,,,,,,,0,0,2.1666666666666667,3.7333333333333333,2.7142857142857143,2.1428571428571429,0,0,88,47,2.0000000000000000,1.6666666666666667
2025-01-28,0,6,0.0,0.0,6.0,0.0,0,120.00,120.00,0,2.2000000000000000,3.5333333333333333,2.8571428571428571,1.2857142857142857,120.00,0,82,47,0.00000000000000000000,3.6666666666666667
2025-01-27,1,0,0.0,1.0,0.0,0.0,-10.00,0,0,10.00,2.1666666666666667,3.5333333333333333,2.7142857142857143,1.2857142857142857,10.00,0,82,46,0.00000000000000000000,3.3333333333333333
2025-01-24,4,0,3.0,1.0,0.0,0.0,563.00,0,0,793.00,2.0333333333333333,3.5333333333333333,2.1428571428571429,1.2857142857142857,115.00,678.00,82,46,1.6666666666666667,2.0000000000000000
2025-01-23,6,0,0.0,6.0,0.0,0.0,-30.00,0,0,30.00,1.8333333333333333,3.5333333333333333,1.2857142857142857,1.2857142857142857,30.00,0,82,52,3.0000000000000000,2.6666666666666667
2025-01-22,0,0,,,,,,,0,0,1.8666666666666667,3.5333333333333333,1.2857142857142857,1.2857142857142857,0,0,82,52,3.0000000000000000,3.0000000000000000
2025-01-21,0,5,0.0,0.0,0.0,5.0,0,-50.00,50.00,0,1.9000000000000000,3.3666666666666667,2.0000000000000000,0.71428571428571428571,0,50.00,87,52,1.3333333333333333,3.0000000000000000
2025-01-17,8,4,7.0,1.0,0.0,4.0,414.00,-25.00,25.00,766.00,1.6333333333333333,6.8333333333333333,0.85714285714285714286,0.57142857142857142857,176.00,615.00,94,117,0.00000000000000000000,0.33333333333333333333
2025-01-16,1,0,0.0,1.0,0.0,0.0,-150.00,0,0,150.00,3.6666666666666667,7.1666666666666667,3.5714285714285714,0.57142857142857142857,150.00,0,94,117,0.00000000000000000000,0.00000000000000000000
2025-01-15,0,0,,,,,,,0,0,3.6666666666666667,7.1666666666666667,3.7142857142857143,7.2857142857142857,0,0,94,117,0.00000000000000000000,0.00000000000000000000
2025-01-14,0,0,,,,,,,0,0,3.6666666666666667,7.2333333333333333,3.7142857142857143,10.1428571428571429,0,0,94,117,0.33333333333333333333,1.6666666666666667
2025-01-13,0,0,,,,,,,0,0,3.6666666666666667,7.2333333333333333,3.7142857142857143,10.4285714285714286,0,0,94,117,1.3333333333333333,1.6666666666666667
2025-01-10,0,0,,,,,,,0,0,3.6666666666666667,7.2333333333333333,3.7142857142857143,10.4285714285714286,0,0,94,117,1.3333333333333333,8.3333333333333333
2025-01-08,5,1,2.0,3.0,0.0,1.0,-5.00,-10.00,10.00,25.00,3.6000000000000000,11.0000000000000000,3.0000000000000000,10.2857142857142857,15.00,20.00,93,112,16.6666666666666667,7.0000000000000000
2025-01-07,0,3,0.0,0.0,3.0,0.0,0,39.00,39.00,0,3.6000000000000000,10.9000000000000000,3.2857142857142857,9.8571428571428571,39.00,0,90,112,22.3333333333333333,7.0000000000000000
2025-01-06,20,0,0.0,20.0,0.0,0.0,-500.00,0,0,500.00,2.9333333333333333,10.9000000000000000,0.71428571428571428571,9.8571428571428571,500.00,0,90,92,23.0000000000000000,0.33333333333333333333
2025-01-03,1,47,0.0,1.0,0.0,47.0,-30.00,-1350.00,1350.00,30.00,2.9666666666666667,9.3333333333333333,1.1428571428571429,3.1428571428571429,30.00,1350.00,43,92,7.3333333333333333,0.00000000000000000000
2025-01-02,0,20,0.0,0.0,0.0,20.0,0,-440.00,440.00,0,2.9666666666666667,8.6666666666666667,1.1428571428571429,3.7142857142857143,0,440.00,23,92,0.66666666666666666667,0.00000000000000000000
2024-12-31,0,2,0.0,0.0,0.0,2.0,0,-50.00,50.00,0,2.9666666666666667,8.6000000000000000,1.2857142857142857,3.4285714285714286,0,50.00,21,92,0.00000000000000000000,0.66666666666666666667
2024-12-30,0,0,,,,,,,0,0,2.9666666666666667,8.6000000000000000,1.8571428571428571,3.4285714285714286,0,0,21,92,0.00000000000000000000,1.3333333333333333
2024-12-27,0,0,,,,,,,0,0,2.9666666666666667,20.7000000000000000,1.8571428571428571,3.4285714285714286,0,0,21,92,0.00000000000000000000,2.6666666666666667
2024-12-26,2,0,0.0,2.0,0.0,0.0,-64.00,0,0,64.00,2.9000000000000000,20.8333333333333333,1.5714285714285714,3.4285714285714286,64.00,0,21,90,8.0000000000000000,2.0000000000000000
2024-12-24,2,0,0.0,2.0,0.0,0.0,-310.00,0,0,310.00,2.8333333333333333,20.8333333333333333,1.8571428571428571,3.4285714285714286,310.00,0,21,91,8.0000000000000000,1.6666666666666667
2024-12-23,4,0,4.0,0.0,0.0,0.0,200.00,0,0,200.00,2.7000000000000000,22.0333333333333333,1.5714285714285714,3.4285714285714286,0,200.00,21,91,8.0000000000000000,1.6666666666666667
2024-12-20,0,24,0.0,0.0,0.0,24.0,0,-120.00,120.00,0,3.0333333333333333,21.2333333333333333,1.7142857142857143,0.00000000000000000000,0,120.00,237,247,0.00000000000000000000,1.6666666666666667
2024-12-19,1,0,0.0,1.0,0.0,0.0,-5.00,0,0,5.00,3.0000000000000000,21.2333333333333333,1.5714285714285714,0.00000000000000000000,5.00,0,237,246,0.00000000000000000000,1.3333333333333333
2024-12-18,4,0,4.0,0.0,0.0,0.0,24.00,0,0,24.00,5.0000000000000000,25.0666666666666667,1.00000000000000000000,0.00000000000000000000,0,24.00,237,242,0.00000000000000000000,1.3333333333333333
2024-12-17,0,0,,,,,,,0,0,9.0000000000000000,37.5666666666666667,1.00000000000000000000,0.00000000000000000000,0,0,237,242,0.00000000000000000000,2.0000000000000000
2024-12-16,0,0,,,,,,,0,0,9.0000000000000000,37.5666666666666667,1.1428571428571429,0.00000000000000000000,0,0,237,242,0.00000000000000000000,2.3333333333333333
2024-12-13,4,0,4.0,0.0,0.0,0.0,440.00,0,0,440.00,8.8666666666666667,37.5666666666666667,0.71428571428571428571,0.00000000000000000000,0,440.00,237,242,0.00000000000000000000,1.00000000000000000000
2024-12-12,2,0,1.0,1.0,0.0,0.0,-25.00,0,0,275.00,8.8000000000000000,37.6666666666666667,0.42857142857142857143,15.4285714285714286,150.00,125.00,237,240,0.00000000000000000000,0.33333333333333333333
2024-12-11,1,0,1.0,0.0,0.0,0.0,280.00,0,0,280.00,8.8333333333333333,37.6666666666666667,9.1428571428571429,16.8571428571428571,0,280.00,237,239,0.00000000000000000000,0.00000000000000000000
2024-12-10,0,0,,,,,,,0,0,8.8333333333333333,37.8000000000000000,9.1428571428571429,16.8571428571428571,0,0,237,239,0.00000000000000000000,0.33333333333333333333
2024-12-09,0,0,,,,,,,0,0,8.8333333333333333,37.8000000000000000,9.1428571428571429,17.1428571428571429,0,0,237,239,0.00000000000000000000,0.66666666666666666667
2024-12-06,0,0,,,,,,,0,0,9.1666666666666667,38.1333333333333333,9.1428571428571429,17.1428571428571429,0,0,237,239,36.0000000000000000,0.66666666666666666667
2024-12-05,1,0,1.0,0.0,0.0,0.0,20,0,0,20,9.1333333333333333,38.2666666666666667,9.0000000000000000,17.1428571428571429,0,20,237,238,39.3333333333333333,21.0000000000000000
2024-12-04,1,0,0.0,1.0,0.0,0.0,-5,0,0,5,9.1000000000000000,39.0333333333333333,9.2857142857142857,33.4285714285714286,5,0,237,238,39.3333333333333333,20.6666666666666667
2024-12-03,0,108,0.0,0.0,64.0,44.0,0,2960,12880,0,9.1333333333333333,35.4333333333333333,9.2857142857142857,18.0000000000000000,7920,4960,233,238,4.0000000000000000,20.6666666666666667
2024-12-02,62,10,1.0,61.0,10.0,0.0,-2014,50,50,2024,7.0666666666666667,35.4333333333333333,0.42857142857142857143,16.5714285714285714,2069,5,223,188,0.66666666666666666667,0.00000000000000000000
2024-11-29,0,0,,,,,,,0,0,7.0666666666666667,35.7666666666666667,0.71428571428571428571,16.5714285714285714,0,0,223,188,0.66666666666666666667,0.00000000000000000000
2024-11-27,0,2,0.0,0.0,0.0,2.0,0,-52,52,0,7.0666666666666667,35.7000000000000000,0.71428571428571428571,16.2857142857142857,0,52,219,188,38.0000000000000000,1.00000000000000000000
2024-11-26,0,0,,,,,,,0,0,7.0666666666666667,35.7000000000000000,0.71428571428571428571,16.2857142857142857,0,0,219,188,38.0000000000000000,1.00000000000000000000
2024-11-25,0,0,,,,,,,0,0,7.0666666666666667,35.7000000000000000,0.71428571428571428571,16.2857142857142857,0,0,219,188,38.0000000000000000,1.00000000000000000000
2024-11-22,3,114,3.0,0.0,51.0,63.0,546,-1420,18740,546,6.9666666666666667,31.9000000000000000,0.28571428571428571429,51.8571428571428571,8660,10626,247,185,0.00000000000000000000,0.66666666666666666667
2024-11-21,0,0,,,,,,,0,0,6.9666666666666667,31.9000000000000000,0.28571428571428571429,52.4285714285714286,0,0,247,185,0.00000000000000000000,0.66666666666666666667
2024-11-20,0,0,,,,,,,0,0,7.1333333333333333,31.9000000000000000,0.28571428571428571429,52.4285714285714286,0,0,247,185,0.00000000000000000000,0.66666666666666666667
2024-11-19,2,0,1.0,1.0,0.0,0.0,14,0,0,224,7.0666666666666667,31.9000000000000000,0.00000000000000000000,57.5714285714285714,105,119,247,183,0.00000000000000000000,0.00000000000000000000
2024-11-18,0,0,,,,,,,0,0,7.0666666666666667,31.9000000000000000,1.4285714285714286,57.5714285714285714,0,0,247,183,121.0000000000000000,0.00000000000000000000
2024-11-15,0,0,,,,,,,0,0,7.0666666666666667,32.5666666666666667,1.4285714285714286,57.5714285714285714,0,0,443,211,122.3333333333333333,0.00000000000000000000
2024-11-14,0,0,,,,,,,0,0,7.0666666666666667,32.6333333333333333,10.5714285714285714,74.0000000000000000,0,0,717,211,122.3333333333333333,0.00000000000000000000
2024-11-13,0,363,0.0,0.0,183.0,180.0,0,9129,37549,0,7.0666666666666667,20.5333333333333333,27.7142857142857143,75.7142857142857143,23339,14210,506,211,13.3333333333333333,0.00000000000000000000
2024-11-12,0,4,0.0,0.0,4.0,0.0,0,1172,1172,0,7.1333333333333333,20.7333333333333333,27.7142857142857143,75.1428571428571429,1172,0,506,211,12.0000000000000000,3.3333333333333333
2024-11-11,0,0,,,,,,,0,0,7.1333333333333333,21.0666666666666667,27.7142857142857143,75.1428571428571429,0,0,506,211,12.0000000000000000,3.3333333333333333
2024-11-08,0,36,0.0,0.0,36.0,0.0,0,2160,2160,0,7.1333333333333333,19.8666666666666667,27.7142857142857143,70.4285714285714286,2160,0,542,211,38.3333333333333333,24.6666666666666667
2024-11-07,10,0,0.0,10.0,0.0,0.0,-2100,0,0,2100,6.9000000000000000,19.8666666666666667,26.5714285714285714,70.4285714285714286,2100,0,542,201,163.3333333333333333,61.3333333333333333
2024-11-06,0,0,,,,,,,0,0,6.9000000000000000,19.8666666666666667,26.5714285714285714,71.0000000000000000,0,0,542,201,163.3333333333333333,61.3333333333333333
2024-11-05,64,115,10.0,54.0,0.0,115.0,780,-10420,10420,2780,4.7666666666666667,16.0333333333333333,17.4285714285714286,54.5714285714285714,1000,12200,428,237,125.0000000000000000,40.0000000000000000
2024-11-04,120,375,101.0,16.0,25.0,350.0,2205,-34250,35750,3850,0.76666666666666666667,3.5333333333333333,1.7142857142857143,2.4285714285714286,1545,38000,103,124,1.00000000000000000000,0.00000000000000000000
2024-11-01,0,0,,,,,,,0,0,0.76666666666666666667,3.5333333333333333,1.7142857142857143,3.0000000000000000,0,0,103,124,1.00000000000000000000,0.66666666666666666667
2024-10-31,0,0,,,,,,,0,0,0.83333333333333333333,3.5333333333333333,1.7142857142857143,6.2857142857142857,0,0,103,124,2.3333333333333333,0.66666666666666666667
2024-10-30,0,3,0.0,0.0,0.0,3.0,0,-148,148,0,0.83333333333333333333,3.4333333333333333,1.8571428571428571,5.8571428571428571,0,148,98,124,1.3333333333333333,0.66666666666666666667
2024-10-29,2,0,0.0,2.0,0.0,0.0,-40,0,0,40,0.76666666666666666667,3.5333333333333333,1.5714285714285714,7.2857142857142857,40,0,98,123,4.6666666666666667,3.3333333333333333
2024-10-28,0,4,0.0,0.0,0.0,4.0,0,-128,128,0,0.76666666666666666667,3.4000000000000000,1.5714285714285714,8.1428571428571429,0,128,98,123,4.6666666666666667,3.3333333333333333
2024-10-25,0,0,,,,,,,0,0,0.80000000000000000000,3.4000000000000000,1.5714285714285714,8.1428571428571429,0,0,98,123,12.3333333333333333,3.3333333333333333
2024-10-24,10,10,0.0,10.0,0.0,10.0,-228,-200,200,228,0.46666666666666666667,3.0666666666666667,0.14285714285714285714,6.7142857142857143,228,200,88,113,9.0000000000000000,0.33333333333333333333
2024-10-23,0,4,0.0,0.0,0.0,4.0,0,-235,235,0,0.46666666666666666667,2.9333333333333333,0.14285714285714285714,6.1428571428571429,0,235,87,113,11.0000000000000000,0.33333333333333333333
2024-10-22,0,23,0.0,0.0,0.0,23.0,0,-1240,1240,0,0.46666666666666666667,2.1666666666666667,0.14285714285714285714,2.8571428571428571,0,1240,67,113,6.6666666666666667,0.33333333333333333333
2024-10-21,1,0,1.0,0.0,0.0,0.0,265,0,0,265,0.43333333333333333333,2.1666666666666667,0.00000000000000000000,2.8571428571428571,0,265,67,112,6.6666666666666667,0.00000000000000000000
2024-10-18,0,10,0.0,0.0,0.0,10.0,0,-200,200,0,0.46666666666666666667,1.8333333333333333,0.71428571428571428571,1.4285714285714286,0,200,61,117,3.3333333333333333,0.00000000000000000000
2024-10-17,0,10,0.0,0.0,0.0,10.0,0,-400,400,0,0.46666666666666666667,1.5000000000000000,0.71428571428571428571,0.00000000000000000000,0,400,51,117,0.00000000000000000000,0.00000000000000000000
2024-10-16,0,0,,,,,,,0,0,0.56666666666666666667,1.5000000000000000,0.71428571428571428571,0.00000000000000000000,0,0,51,117,0.00000000000000000000,0.00000000000000000000
2024-10-15,0,0,,,,,,,0,0,0.56666666666666666667,1.5000000000000000,0.71428571428571428571,2.8571428571428571,0,0,51,117,0.00000000000000000000,0.00000000000000000000
2024-10-14,0,0,,,,,,,0,0,0.56666666666666666667,1.5000000000000000,0.71428571428571428571,3.1428571428571429,0,0,51,117,0.00000000000000000000,1.6666666666666667
2024-10-11,0,0,,,,,,,0,0,0.56666666666666666667,1.5000000000000000,0.71428571428571428571,3.1428571428571429,0,0,51,117,0.00000000000000000000,1.6666666666666667
2024-10-10,0,0,,,,,,,0,0,0.56666666666666666667,1.5000000000000000,1.00000000000000000000,4.5714285714285714,0,0,51,117,0.00000000000000000000,1.6666666666666667
2024-10-09,5,0,0.0,5.0,0.0,0.0,-50,0,0,50,0.40000000000000000000,1.5000000000000000,0.28571428571428571429,6.0000000000000000,50,0,51,112,6.6666666666666667,0.00000000000000000000
2024-10-08,0,0,,,,,,,0,0,0.40000000000000000000,1.8333333333333333,0.28571428571428571429,6.0000000000000000,0,0,51,112,7.3333333333333333,0.00000000000000000000
2024-10-07,0,0,,,,,,,0,0,0.40000000000000000000,1.8333333333333333,0.71428571428571428571,6.0000000000000000,0,0,51,112,7.3333333333333333,0.00000000000000000000
2024-10-04,0,20,0.0,0.0,0.0,20.0,0,-1200,1200,0,0.43333333333333333333,1.1666666666666667,0.71428571428571428571,3.1428571428571429,0,1200,31,112,4.0000000000000000,0.66666666666666666667
2024-10-03,0,2,0.0,0.0,0.0,2.0,0,-60,60,0,0.56666666666666666667,1.1000000000000000,0.71428571428571428571,2.8571428571428571,0,60,29,112,6.6666666666666667,0.66666666666666666667
2024-10-02,0,0,,,,,,,0,0,0.56666666666666666667,1.1000000000000000,0.71428571428571428571,2.8571428571428571,0,0,29,112,6.6666666666666667,0.66666666666666666667
2024-10-01,2,10,0.0,2.0,10.0,0.0,-106,4450,4450,106,0.53333333333333333333,0.76666666666666666667,0.42857142857142857143,1.4285714285714286,4556,0,29,107,3.3333333333333333,1.00000000000000000000
2024-09-30,0,10,0.0,0.0,0.0,10.0,0,-300,300,0,0.53333333333333333333,0.43333333333333333333,0.71428571428571428571,0.00000000000000000000,0,300,19,107,0.00000000000000000000,1.00000000000000000000
2024-09-27,0,0,,,,,,,0,0,0.73333333333333333333,0.43333333333333333333,0.71428571428571428571,0.00000000000000000000,0,0,19,107,0.00000000000000000000,1.00000000000000000000
