date,call_volume,put_volume,call_volume_ask_side,call_volume_bid_side,put_volume_ask_side,put_volume_bid_side,net_call_premium,net_put_premium,put_premium,call_premium,avg_30_day_call_volume,avg_30_day_put_volume,avg_7_day_call_volume,avg_7_day_put_volume,bearish_premium,bullish_premium,put_open_interest,call_open_interest,avg_3_day_put_volume,avg_3_day_call_volume
2026-09-25,604,404,277,309,167,155,-42688.00,-37391.00,457101.00,893745.00,729.3667,515.0667,907,531.5714,579039.00,573742.00,13492.0,16744.0,668,453
2026-09-24,438,483,133,182,173,178,-23623.00,-17072.00,484173.00,437378.00,738.2667,527.2667,862.5714,492.4286,351616.00,345065.00,13536.0,16771.0,615.6667,1527
2026-09-23,259,887,115,106,454,289,-19210.00,360861.00,1726801.00,170578.00,798.5333,527.2667,911,389.4286,974275.00,594204.00,13291.0,16680.0,437.3333,1687.6667
2026-09-22,662,634,343,257,346,249,283564.00,136864.00,871892.00,842180.00,886.5,546.2333,831,308.4286,721876.00,868576.00,13066.0,16401.0,514.3333,1594
2026-09-21,3660,326,2136,1170,158,157,164958.00,28869.00,286051.00,1384489.00,979.7,677.2,347.5714,282.2857,703253.00,839342.00,12965.0,13112.0,463.6667,443.3333
2026-09-18,741,352,475,241,165,179,323641.00,-59534.00,352008.00,941312.00,1009.5667,745,307.7143,273.1429,426505.00,809680.00,14806.0,19693.0,416,238.6667
2026-09-17,381,865,159,185,418,343,-90673.00,164604.00,643656.00,242595.00,1013.7333,736.6333,267,168.5714,516134.00,260857.00,14780.0,19648.0,183,311
2026-09-16,208,174,84,106,89,66,-34267.00,18737.00,78203.00,100643.00,1021.8,747.1333,285.4286,182.8571,110605.00,57601.00,14752.0,19664.0,147.3333,275.6667
2026-09-15,127,209,37,75,137,59,-33235.00,96332.00,162355.00,138229.00,1033.5667,756.4,321.5714,175.2857,193248.00,63681.00,14693.0,19683.0,125.3333,325.3333
2026-09-14,598,166,151,408,55,101,-177215.00,-768.00,81609.00,479101.00,1020.1,754.5333,285,193.4286,344041.00,167594.00,14740.0,19356.0,166,280
2026-09-11,102,67,41,60,18,40,-19671.00,-16251.00,46710.00,113794.00,1026.1,765.6667,392.5714,231.8571,75952.00,72532.00,14762.0,19349.0,188,278
2026-09-10,276,143,171,95,61,67,72193.00,19616.00,180262.00,253500.00,1023.3333,774.1,410.7143,256.5714,185075.00,237652.00,15057.0,19239.0,231.6667,298.3333
2026-09-09,462,288,194,214,94,159,117782.00,16480.00,190828.00,522298.00,1015.5667,787.3,397.2857,235.2857,261517.00,362819.00,14956.0,19191.0,187.6667,271
2026-09-08,96,133,33,54,46,80,-24946.00,-10734.00,52288.00,60380.00,1027.8,795,443.7143,262,60390.00,46178.00,14939.0,19199.0,241,353
2026-09-04,337,274,127,203,133,108,-28580.00,27467.00,267458.00,290897.00,1031.8333,794.5,439.7143,292.5714,296171.00,240124.00,14897.0,19220.0,261.6667,525.6667
2026-09-03,380,156,163,164,33,112,-48067.00,-197290.00,245118.00,485067.00,1090.4333,811.3,508.1429,304.8571,252736.00,401959.00,14834.0,19226.0,315,533.3333
2026-09-02,342,293,173,117,109,126,79736.00,-75756.00,427487.00,296576.00,1091.9333,803.8333,499,289,213968.00,369460.00,14829.0,19205.0,263.6667,542
2026-09-01,855,336,185,648,149,154,1058.00,-20082.00,814281.00,324696.00,1071.7,797.8667,462.7143,262.5714,515516.00,536656.00,14694.0,18894.0,258.3333,397.3333
2026-08-31,403,316,179,199,188,110,51007.00,35545.00,236996.00,578739.00,1126.9,834.0667,520.2857,705.1429,363684.00,379146.00,14544.0,18877.0,315.6667,366
2026-08-28,368,139,156,187,77,53,-62920.00,39782.00,76558.00,574877.00,1152.3333,842.4667,538.1429,781.4286,355131.00,252429.00,14484.0,18778.0,350,529.6667
2026-08-27,421,320,136,262,47,215,37147.00,11991.00,190642.00,401918.00,1436.9333,861.8667,614.8571,888.8571,210822.00,235978.00,14283.0,18590.0,304,482
2026-08-26,309,488,115,121,65,413,-13715.00,-51102.00,318817.00,475648.00,1608.6667,878.6667,736.5714,984.5714,299049.00,336436.00,13967.0,18427.0,191.6667,579.3333
2026-08-25,859,242,327,513,92,138,-779048.00,-100915.00,537451.00,1581437.00,1792.8,900.4,1226.8571,1045.2857,1370593.00,692460.00,13879.0,18182.0,1249,561.6667
2026-08-24,278,182,99,147,85,90,-38304.00,15740.00,327916.00,231319.00,1836,946.6333,1331.2857,1139.8571,289092.00,235048.00,13878.0,18103.0,1412.6667,633.3333
2026-08-21,601,151,261,322,61,81,20920.00,-4381.00,121832.00,321065.00,1839.7,977.3667,1346.1429,1239.5714,190733.00,216034.00,15763.0,31373.0,1719.6667,752.3333
2026-08-20,806,3414,216,567,1878,1500,-125417.00,1187095.00,9642309.00,457494.00,1819.1333,873.1333,1526.2857,878.5714,5653775.00,4341263.00,16365.0,30993.0,967.6667,870.6667
2026-08-19,493,673,192,165,213,253,119437.00,13145.00,1227176.00,906615.00,1812.6667,857.4667,1927.4286,954.2857,766212.00,872504.00,16390.0,30886.0,965.6667,2136.6667
2026-08-18,958,1072,379,540,685,286,-374911.00,157907.00,1513759.00,879848.00,1793.3333,828.5333,2712.8571,1409,1336550.00,803732.00,16639.0,30878.0,889.6667,2153.6667
2026-08-17,1161,1158,536,527,629,422,164609.00,202056.00,722213.00,1232022.00,1802.7333,799.1,2780.8571,1584.4286,943011.00,905564.00,17752.0,30495.0,786.6667,2001.6667
2026-08-14,4291,667,1287,1342,244,369,-34359.00,23475.00,434956.00,4654670.00,1686.9667,783.9,2240.1429,1576.8571,1345290.00,1287456.00,17687.0,29300.0,860,1260.3333
2026-08-13,1009,844,352,544,333,377,-178623.00,58043.00,594542.00,942221.00,1680.4333,758.8,2160.2857,1526.1429,747542.00,510876.00,18260.0,29038.0,979.6667,2024.3333
2026-08-12,705,849,346,290,389,287,-56925.00,272915.00,1136097.00,675595.00,1670.4333,742.9333,2128.1429,1474.4286,895796.00,565956.00,17950.0,28853.0,2115,3941.3333
2026-08-11,2067,887,1392,414,337,403,975698.00,-73304.00,713425.00,1983124.00,1628.3667,737.9333,1860.5714,1363.4286,652896.00,1701898.00,17869.0,29188.0,2614.6667,3798
2026-08-10,3301,1203,1237,1932,439,425,-267483.00,42696.00,1117060.00,3865188.00,1542.8,708.3667,1429.2857,1248.8571,2311136.00,2000957.00,18260.0,27841.0,2418.3333,2866.3333
2026-08-07,6456,4255,2415,2473,1947,1873,187732.00,-754392.00,6733881.00,9294127.00,1348.4,580.5333,534.5714,697.5714,5189077.00,6131201.00,16508.0,26946.0,1163,864.3333
2026-08-06,1637,2386,531,1035,1492,614,-388586.00,1065491.00,2581989.00,3608479.00,1393.2667,511.5,333.4286,454.4286,3544105.00,2090028.00,14856.0,26635.0,530,478.6667
2026-08-05,506,614,330,151,152,266,859962.00,90103.00,626661.00,1665500.00,1446.0667,505.4333,327.2857,418.7143,632241.00,1402100.00,14697.0,26355.0,362,374.6667
2026-08-04,450,489,152,278,89,361,-241125.00,-71158.00,212545.00,815716.00,1477.7667,502.8333,328.4286,385.8571,558329.00,388362.00,14359.0,26273.0,332.6667,318.6667
2026-08-03,480,487,202,195,177,284,112043.00,-100870.00,583231.00,693088.00,1600,496.6333,565.2857,410.5714,472373.00,685286.00,14239.0,26170.0,302.3333,223
2026-07-31,194,110,27,119,43,55,-134445.00,-38592.00,114532.00,395267.00,1938.2333,530.7,592.8571,404.7143,253026.00,157173.00,14191.0,26134.0,493.6667,234.6667
2026-07-30,282,401,108,154,174,175,-104241.00,52796.00,693195.00,428978.00,2015.0667,527.9667,588,369.8571,572175.00,415138.00,14153.0,25990.0,481.3333,295
2026-07-29,193,396,60,111,110,224,-260944.00,-586428.00,983386.00,479309.00,2176.1333,526.7,854.5714,513.5714,504573.00,830057.00,14046.0,25956.0,435.6667,383.3333
2026-07-28,229,684,149,55,546,110,5976.00,627552.00,1051615.00,307162.00,2276.2333,544.1,983.4286,471.7143,946359.00,324783.00,13607.0,25898.0,427.6667,1019.6667
2026-07-27,463,364,249,199,109,195,15341.00,-172759.00,637408.00,554374.00,2317.8333,540,2197.1429,548.5714,432061.00,620161.00,13489.0,25803.0,329.3333,994.3333
2026-07-24,458,259,216,208,183,50,-204728.00,262194.00,494229.00,909172.00,2314.1333,535.2333,2911.8571,653.2857,869394.00,402472.00,13457.0,25632.0,295.3333,924.3333
2026-07-23,2138,660,1209,322,314,267,1487333.00,422778.00,1862544.00,4112811.00,2262.1667,519.9,3518.2857,686.7143,2001150.00,3065705.00,13179.0,24137.0,542.6667,898
2026-07-22,387,69,241,104,36,21,362818.00,95461.00,144674.00,1117818.00,2284.8,521.5,3687.8571,901,400330.00,667687.00,13147.0,23918.0,650,1146
2026-07-21,248,157,128,98,51,84,223475.00,-67242.00,258755.00,738368.00,2290.7333,517.4667,3754.1429,1031.8571,321678.00,612395.00,13065.0,23785.0,898.3333,4049.6667
2026-07-20,2059,1402,1255,723,1332,60,788155.00,2249293.00,2403621.00,3772505.00,2242.6,474.1333,3487,872.5714,3702742.00,2241604.00,11781.0,22147.0,761.6667,5183.6667
2026-07-17,1131,391,599,434,151,149,31572.00,-121706.00,757315.00,2422575.00,2237.0333,468.1333,3368.1429,845.7143,1271051.00,1424329.00,25122.0,33715.0,929.3333,6934.3333
2026-07-16,8959,902,3427,4982,443,380,-8216955.00,142502.00,1082124.00,23030550.00,1962.2333,440.8667,2142.2857,746,15433548.00,7074091.00,24754.0,33272.0,1151.6667,4472.6667
2026-07-15,5461,992,2171,1950,503,454,338169.00,-189684.00,1217714.00,26052860.00,1856.8,412.9667,1568.2857,643.5714,9861618.00,10389471.00,24936.0,31312.0,1178.6667,2889.6667
2026-07-14,6383,894,3304,1778,569,286,7123843.00,129650.00,615096.00,24848443.00,1694.6667,388.2667,773.2857,546,6334653.00,13328846.00,24738.0,30129.0,976.3333,825
2026-07-13,1574,1569,536,857,1063,450,-34815.00,565090.00,1840350.00,2947695.00,1680.7333,340.2667,664.5714,334.8571,2464720.00,1864815.00,23941.0,29138.0,521,400
2026-07-10,712,1073,281,288,50,1010,-160350.00,-16812.00,178425.00,1750251.00,1754.3333,505.5,620.7143,234.8571,875977.00,732439.00,22971.0,28967.0,231.3333,288.6667
2026-07-09,189,287,73,82,218,52,5876.00,295004.00,376765.00,580174.00,1913.3333,501.0667,708.7143,299.1429,556451.00,267323.00,22755.0,28916.0,227.3333,706.6667
2026-07-08,299,203,131,143,105,88,-7592.00,16250.00,126546.00,766816.00,1912.8,498.2667,770.8571,315.2857,422202.00,398360.00,22663.0,28899.0,230,879.6667
2026-07-07,378,204,156,199,42,154,-345337.00,-337570.00,450397.00,1472416.00,1937.0667,539.3,806,346.1429,907745.00,899978.00,22520.0,28834.0,192.3333,1024.6667
2026-07-06,1443,275,455,626,215,40,-1180932.00,302330.00,386313.00,6316075.00,1937.4,536.9,1026,351.8571,3530415.00,2047153.00,22316.0,28539.0,225,678.6667
2026-07-02,818,211,436,280,95,115,290409.00,-90628.00,229016.00,1692573.00,1967.9667,535.8333,1207.7143,383.4286,685831.00,1066868.00,22206.0,28452.0,400.3333,674.3333
2026-07-01,813,91,486,281,37,42,383530.00,-10945.00,226550.00,1333841.00,1959.1,538.1667,1291.7143,429.1429,529283.00,923758.00,22170.0,28214.0,475.3333,648
2026-06-30,405,373,153,132,127,186,300331.00,24403.00,437233.00,1249030.00,2052.0333,602.9333,1826.2857,418.8571,470775.00,746703.00,21968.0,28137.0,491,721
2026-06-29,805,737,365,237,194,459,224310.00,28158.00,729951.00,1841528.00,2050.8667,590.7,3188.5714,475.2857,947616.00,1143768.00,21457.0,27960.0,350.3333,1447
2026-06-26,734,316,291,248,71,209,172697.00,-44552.00,323961.00,1493056.00,2083.9667,591.8,3453.2857,475.7143,572004.00,789253.00,21352.0,27846.0,389,1899
2026-06-25,624,420,214,303,196,201,-2710.00,95829.00,619082.00,1454846.00,2093.2,600.7667,4082,466.8571,928466.00,829927.00,21069.0,27831.0,386,2158
2026-06-24,2983,315,1593,1335,183,99,2229796.00,211454.00,480112.00,3377333.00,2087.9,607.7333,4117.5714,594.1429,868899.00,2887241.00,20873.0,26292.0,381.3333,2546
2026-06-23,2090,432,1334,685,224,160,1279630.00,90315.00,609953.00,5531012.00,2077.4,603.7667,4063.4286,566.8571,2356030.00,3545345.00,20561.0,25043.0,614.6667,5296.3333
2026-06-22,1401,411,710,592,154,227,529970.00,-64692.00,1173913.00,3417605.00,2330.4333,618.7,3912.8571,524.7143,1793728.00,2388390.00,20237.0,24218.0,584,5691.6667
2026-06-18,4147,301,2005,837,69,195,3708228.00,-213436.00,386146.00,10311109.00,2280.1,639.0333,3403.1429,510.2857,1482593.00,5404257.00,21908.0,28995.0,603,5984.3333
2026-06-17,10341,1132,4541,4326,160,449,467846.00,6379.00,1122391.00,14937300.00,1957.6,609.1667,2078.1429,365.2857,4861997.00,5323464.00,21189.0,25308.0,627.6667,3614.6667
2026-06-16,2587,319,1692,698,98,196,347025.00,8383.00,166983.00,2922527.00,1901,609.3667,1769.4286,324.8571,1168584.00,1507226.00,20968.0,23864.0,601.6667,3322.6667
2026-06-15,5025,358,944,696,153,153,221311.00,-11613.00,209223.00,15415779.00,1769.7,603.1,1139.4286,288.2857,716554.00,949478.00,20815.0,23379.0,521,1763.3333
2026-06-12,3232,1206,515,813,201,294,-179900.00,-131257.00,1056603.00,7101161.00,1671.9,567.5667,815.4286,146.1429,1191451.00,1142808.00,19790.0,23365.0,185.6667,879
2026-06-11,1711,241,357,313,89,150,-35222.00,-69637.00,207643.00,3429750.00,1626,562.3667,673.1429,123.7143,475594.00,510009.00,19675.0,23107.0,144.3333,664
2026-06-10,347,116,191,119,41,60,-20355.00,4706.00,31042.00,583068.00,1620.5,563.8,951.8571,129.2857,286418.00,261357.00,19679.0,23005.0,117.6667,690.3333
2026-06-09,579,200,347,125,145,50,137474.00,81949.00,118494.00,587187.00,1611.2333,560.2333,1086.1429,122.5714,247478.00,303003.00,19533.0,23044.0,85,702.3333
2026-06-08,1066,117,584,364,48,64,33870.00,75897.00,199288.00,1164377.00,1594.7333,562.4,1099,124.2857,607011.00,564984.00,19472.0,22691.0,116.3333,668.3333
2026-06-05,426,36,292,119,17,19,105551.00,-16426.00,43190.00,428493.00,1593.6,566.5,1455.2857,980.5714,164353.00,286330.00,19476.0,22757.0,132.3333,764.6667
2026-06-04,615,102,406,150,72,24,180322.00,-5606.00,47893.00,425506.00,1594.7667,565.3333,2075.8571,988,118583.00,304511.00,19410.0,22430.0,150,1325.6667
2026-06-03,964,211,477,431,144,51,257074.00,66869.00,118986.00,1042473.00,1623.3667,566.0333,1978.5714,974.8571,435022.00,625227.00,19393.0,22207.0,130.6667,1510.6667
2026-06-02,715,84,421,249,33,36,191578.00,-3009.00,58820.00,924819.00,1642.1,570.1,2034.4286,1167.8571,350181.00,544768.00,19388.0,22108.0,145.6667,1657.6667
2026-06-01,2298,155,1152,1094,43,105,239036.00,-29879.00,66412.00,2747188.00,1656.7667,576.8333,1913.7143,1174.7143,1249910.00,1518825.00,19328.0,21972.0,2104,1865
2026-05-29,1519,153,685,689,60,83,-93066.00,-37.00,77000.00,922659.00,1706.6667,594.3333,1944.5714,1178.4286,492699.00,399670.00,19254.0,20778.0,2104.3333,3011.6667
2026-05-28,1156,129,778,249,45,60,486066.00,-7893.00,70893.00,1244214.00,1700.5,597.5667,1857.5714,1183,322389.00,816348.00,19197.0,21016.0,2101,2720.6667
2026-05-27,2920,6030,2044,705,5728,255,586841.00,444395.00,757172.00,1370273.00,1639.7,465.5333,1896.5714,652.4286,926082.00,1068528.00,13327.0,19405.0,569.3333,2116
2026-05-26,4959,154,572,343,68,72,142544.00,-13430.00,70219.00,8596252.00,1492.7,476.9333,1298.1429,683.2857,575666.00,731640.00,13318.0,19273.0,585.6667,947.3333
2026-05-22,283,119,161,92,55,47,54547.00,21808.00,88037.00,311576.00,1529.2667,549.5333,1504.4286,716.1429,158972.00,191711.00,13281.0,19307.0,605.6667,1431.3333
2026-05-21,1106,1435,877,195,743,691,1686288.00,3606821.00,5874448.00,2064732.00,1498.3667,506.8,1475.1429,609.5714,5986189.00,1928156.00,11924.0,18553.0,181,1245
2026-05-20,1453,203,576,759,124,73,-1231928.00,41057.00,78954.00,2415374.00,1536.7667,504.0667,1671,655.4286,1782064.00,509079.00,11991.0,18396.0,885.3333,1825
2026-05-19,1735,179,550,351,59,99,116733.00,-26781.00,104178.00,2311449.00,1487.6667,501.0667,1676.7143,674.5714,494994.00,638508.00,11934.0,18703.0,949,1503.3333
2026-05-18,547,161,269,184,44,92,61680.00,-23451.00,101774.00,687180.00,1493.6333,501.2333,2883.1429,774.2857,201584.00,286715.00,11817.0,18471.0,1011.6667,1896.6667
2026-05-15,3193,2316,605,2526,643,1665,-2231734.00,-1061933.00,1241693.00,3432313.00,1392.9333,428.4333,2803.7143,573.5714,2882371.00,1712570.00,14813.0,23883.0,469.3333,1132.6667
2026-05-14,770,370,304,363,95,251,94043.00,-51094.00,146042.00,799099.00,1373,418.0333,2788.8571,554.4286,300417.00,445554.00,14859.0,24015.0,520.6667,1817.3333
2026-05-13,1727,349,678,763,74,247,78047.00,2368.00,150305.00,1672568.00,1333.0333,407.9667,2669.1429,551,540257.00,615936.00,14763.0,23450.0,508.6667,1833.3333
2026-05-12,901,689,284,458,83,90,-41168.00,7946.00,552286.00,709398.00,1312.1,395.1333,2695.5714,476.8571,322104.00,272990.00,14271.0,23427.0,565.3333,4530.3333
2026-05-11,2824,524,963,1708,146,265,-2358.00,-6260.00,109755.00,1415269.00,1235.8667,382.9667,2334.7143,422,680011.00,683913.00,14133.0,22889.0,694.3333,4468
2026-05-08,1775,313,689,709,123,151,-222146.00,30613.00,188147.00,2391702.00,1189.3,375.5667,2128.8571,389.4286,1048409.00,795650.00,13993.0,23141.0,668.6667,4098.3333
2026-05-07,8992,859,4617,2799,488,312,2793792.00,120761.00,350274.00,9744152.00,934.2,354.1,870.2857,289.4286,2471840.00,5144871.00,14060.0,20443.0,490.6667,1397.3333
2026-05-06,2637,911,1300,1053,340,517,311405.00,-53858.00,403957.00,1998104.00,894,325.3,536.5714,172.5714,900179.00,1265442.00,13394.0,19178.0,243.6667,880.3333
2026-05-05,666,236,181,231,60,162,-52394.00,-36062.00,108599.00,421171.00,932.1,388.8667,523,164.8571,190261.00,173929.00,13304.0,18983.0,211.6667,757.6667
2026-05-04,889,325,523,295,155,144,179600.00,78395.00,161398.00,560279.00,916.2,387.4333,452,141.1429,283301.00,384506.00,13203.0,18712.0,131.6667,572.6667
2026-05-01,1086,170,822,191,70,81,115399.00,3680.00,67351.00,373651.00,906.9333,386.9333,389.7143,126.4286,132294.00,244013.00,13185.0,18306.0,128,271.3333
2026-04-30,298,140,70,220,38,52,-128032.00,2630.00,54863.00,246918.00,900.6667,383.9667,607.4286,139.5714,205329.00,74667.00,13144.0,18285.0,112.3333,272.3333
2026-04-29,334,85,96,186,30,52,-152207.00,1169.00,21392.00,278355.00,903.6333,385.7,742.1429,156.8571,205369.00,51993.00,13077.0,18175.0,144.6667,351.3333
2026-04-28,182,159,114,55,26,118,30926.00,-87572.00,145000.00,130039.00,910.2667,382.5667,1107.2857,185.1429,68828.00,187326.00,12962.0,18143.0,144.6667,421.3333
2026-04-27,301,93,130,132,42,47,5147.00,2752.00,56412.00,169927.00,924.2667,382.8667,1495.1429,268.7143,101762.00,104157.00,12933.0,18093.0,136,537.6667
2026-04-24,571,182,321,205,118,60,140439.00,63836.00,125367.00,648447.00,913.9667,382.0333,1552.2857,275,327693.00,404296.00,12825.0,17798.0,152.6667,954.6667
2026-04-23,392,159,126,116,68,70,47752.00,10172.00,107331.00,318559.00,918.9333,380.2,1652.8571,547.8571,133770.00,171350.00,12739.0,17757.0,168.3333,1249.6667
2026-04-22,650,67,293,257,28,26,29051.00,10014.00,39469.00,574695.00,927.6,385.2667,1638.4286,609.1429,246661.00,265698.00,12704.0,17499.0,265,1945.6667
2026-04-21,1822,232,562,897,107,107,-128933.00,37598.00,101677.00,1389986.00,879.8667,380.1333,1575.2857,904.1429,674672.00,508141.00,12658.0,17103.0,413.6667,2343.6667
2026-04-20,1277,206,341,895,66,132,-301367.00,-8869.00,90406.00,977956.00,846.2333,375.9667,1418.4286,896.5714,658885.00,366387.00,12595.0,16621.0,420.3333,2241.6667
2026-04-17,2738,357,1475,1083,141,185,473398.00,-41248.00,158892.00,1478476.00,771,370.8333,1399.4286,862.8571,468331.00,982977.00,14311.0,21406.0,991,1694.3333
2026-04-16,3016,678,456,249,57,115,150589.00,-2625.00,218496.00,1135786.00,686.2667,351.8333,1006,778.7143,246254.00,399468.00,13800.0,21971.0,930.3333,872
2026-04-15,971,226,477,371,61,139,25962.00,-6019.00,35924.00,433176.00,718,351.7667,971,770.1429,199502.00,231483.00,13893.0,21630.0,1620.6667,1008.3333
2026-04-14,1096,2069,759,238,133,1907,84180.00,-487032.00,545246.00,401331.00,793.1667,341.1,839,493.4286,149245.00,720457.00,12532.0,21217.0,982,702.6667
2026-04-13,549,496,327,202,197,235,91440.00,47606.00,282398.00,255510.00,838.2333,349.5667,785.1429,430.8571,221302.00,265136.00,12443.0,21041.0,857,1388
2026-04-10,1380,2297,744,558,707,1439,189847.00,-251664.00,1123933.00,586755.00,973.4,313.3,663.4286,109.4286,602036.00,1043547.00,10518.0,20703.0,121,1015.3333
2026-04-09,179,153,106,47,27,123,35804.00,-56926.00,94556.00,84758.00,989.7333,316.4333,676.8571,131,38542.00,131272.00,10495.0,20600.0,125.3333,1197.6667
2026-04-08,2605,121,1600,860,58,57,255884.00,27505.00,57401.00,716289.00,913.9,315,381.4286,136.4286,232823.00,461202.00,10485.0,18303.0,129,386.6667
2026-04-07,262,89,140,77,57,28,8593.00,36963.00,83231.00,150183.00,924.6,325.9333,398,136.7143,97617.00,69247.00,10451.0,18139.0,118.6667,356.6667
2026-04-06,726,166,430,240,47,84,86113.00,-6990.00,83218.00,495554.00,912.7,334.6333,485.5714,143.7143,220112.00,313215.00,10445.0,18081.0,79,290.6667
2026-04-02,172,132,63,94,62,53,-242.00,9449.00,78178.00,56005.00,919.6,335.6333,665.4286,131.5714,64162.00,54471.00,10382.0,18117.0,136.3333,324.3333
2026-04-01,172,58,54,112,22,30,-17243.00,9467.00,32439.00,60013.00,939.0667,341.8,899.2857,429.4286,57426.00,30716.00,10376.0,18070.0,170,446
2026-03-31,528,47,130,356,21,20,-161857.00,36908.00,60709.00,346240.00,927.7667,356.6,882.7143,463,288042.00,89277.00,10369.0,17882.0,184.6667,396
2026-03-30,273,304,55,147,104,179,-46395.00,-31501.00,173900.00,118655.00,928.7333,351.2667,959.1429,441.7143,137332.00,122438.00,10235.0,17822.0,155,751.3333
2026-03-27,537,159,124,327,78,70,-32725.00,80540.00,145023.00,144735.00,916.9667,350.3333,898.1429,426.2857,185219.00,71954.00,10170.0,17852.0,117.6667,1049.3333
2026-03-26,378,91,82,178,38,20,-189474.00,34536.00,98151.00,293109.00,915.8,352.1333,904.5714,432.8571,286645.00,62635.00,10204.0,17870.0,801.6667,1526.3333
2026-03-25,1339,215,386,788,130,70,-116626.00,22486.00,123206.00,406957.00,928.8333,355.2,767.7143,411.4286,304280.00,165168.00,10100.0,17822.0,824,1217.3333
2026-03-24,1431,47,1230,169,19,24,69691.00,-2423.00,27817.00,263137.00,892.0333,366.5,666.2857,419.2857,93940.00,166054.00,10093.0,16581.0,860,1009.6667
2026-03-23,1809,2143,436,1307,115,226,-25552.00,-156018.00,1125088.00,364758.00,847.6,298.8,445.2857,135.5714,215770.00,346236.00,9956.0,15125.0,162.6667,443.3333
2026-03-20,412,282,211,120,113,155,14529.00,39691.00,211108.00,116099.00,846.0667,294.1,463.7143,110.1429,157332.00,132170.00,10620.0,19487.0,114.3333,447
2026-03-19,808,155,656,114,90,56,39453.00,72124.00,100818.00,120319.00,848.8667,301.1,478.2857,119.2857,121504.00,88833.00,10639.0,19238.0,84.3333,304.6667
2026-03-18,110,51,51,51,20,25,-2556.00,16236.00,41471.00,29029.00,863.8333,306.3333,518.2857,123.1429,38996.00,20204.00,10717.0,19238.0,101.3333,508.3333
2026-03-17,423,137,219,191,32,98,-18858.00,10273.00,41635.00,158271.00,862.2667,305,496.1429,115.1429,104771.00,75640.00,10783.0,19148.0,108,454.6667
2026-03-16,381,65,96,261,32,28,-208028.00,7641.00,51990.00,315244.00,904.9333,310.0333,510.4286,134.8571,270234.00,54565.00,10798.0,19156.0,121,508
2026-03-13,721,102,100,62,44,57,9022.00,-597.00,131277.00,303599.00,897.8,310.3667,475.1429,135.7143,83946.00,93565.00,10791.0,18640.0,160,571
2026-03-12,262,157,125,114,94,53,4545.00,17964.00,44254.00,83773.00,896.3,307.6333,712.4286,145.2857,63663.00,50244.00,10819.0,18604.0,133.6667,613.6667
2026-03-11,541,104,297,169,17,76,11505.00,-21540.00,47754.00,152444.00,892.2333,306.9,1113.8571,380.2857,70869.00,103914.00,10807.0,18441.0,126,522.6667
2026-03-10,910,219,135,249,74,103,-68928.00,-16804.00,144564.00,606407.00,870.2333,305.1333,1255.4286,456.1429,175705.00,123581.00,10783.0,17908.0,120.6667,379.6667
2026-03-09,390,78,222,150,32,44,60536.00,-6631.00,38349.00,259393.00,878.3667,321.8667,1976.1429,617.7143,108200.00,175367.00,10775.0,17996.0,130.6667,407.6667
2026-03-06,268,81,120,83,31,46,26784.00,7999.00,45016.00,246580.00,886.5667,323.7333,2033.4286,641.4286,110018.00,128803.00,10743.0,17994.0,178.3333,959.3333
2026-03-05,481,203,118,337,95,89,-191131.00,20603.00,73268.00,328000.00,892.7,328.4,2011.8571,623.5714,296051.00,84317.00,10567.0,17943.0,693.6667,1916
2026-03-04,474,108,218,247,27,60,75260.00,-7849.00,47969.00,508143.00,947.3333,386.8,2027.4286,667.7143,226104.00,309213.00,10566.0,17916.0,907.6667,2391.6667
2026-03-03,1923,224,488,538,138,65,-232680.00,62179.00,143300.00,1291896.00,948.2667,409.4,1805.4286,696.7143,647750.00,352891.00,10566.0,16555.0,1236,3562.3333
2026-03-02,3351,1749,392,681,69,185,-91540.00,-30433.00,1632814.00,1889116.00,910.2667,480.7333,1380.8571,470,351076.00,289969.00,9013.0,13929.0,735.3333,2668.3333
2026-02-27,1901,750,597,1156,379,267,-330598.00,86357.00,393114.00,1380295.00,903.3,517.2333,1217.2857,397.5714,1015662.00,598707.00,9004.0,13566.0,511.3333,2144.6667
2026-02-26,5435,1209,2378,1519,577,573,207442.00,-25802.00,502185.00,4755054.00,791.0667,499.3333,467.8571,295,1787070.00,2020314.00,8718.0,11934.0,247.3333,527.3333
2026-02-25,669,247,366,258,113,121,12646.00,2634.00,152596.00,267095.00,896.4,532.8,415.4286,280.2857,176832.00,186844.00,8602.0,11533.0,307.3333,427.3333
2026-02-24,330,78,161,160,18,43,13621.00,-10060.00,39985.00,177510.00,943.6333,595.1,394.5714,287.8571,91717.00,115398.00,8557.0,11397.0,335.3333,443.6667
2026-02-23,583,417,196,292,161,164,-52195.00,23100.00,294122.00,292597.00,985.7333,631.6333,360.2857,249,264297.00,189002.00,8400.0,11113.0,277.3333,501.3333
2026-02-20,369,427,171,166,125,271,-10481.00,-1418.00,208337.00,131011.00,997.7667,622.3333,554.7143,231.8571,154788.00,145725.00,10109.0,13654.0,298.6667,441.3333
2026-02-19,379,162,177,178,95,61,41.00,9843.00,49225.00,158579.00,1062.4,621.7333,547.2857,263.8571,105198.00,95396.00,10093.0,13757.0,292.6667,415.6667
2026-02-18,756,243,409,298,41,194,124215.00,-4172.00,45328.00,480005.00,1061.7667,626.1667,507.2857,245.1429,178743.00,307130.00,10064.0,13576.0,255.3333,225
2026-02-17,189,491,84,94,166,315,39395.00,467.00,115279.00,100844.00,1065.6667,613.8667,532.5714,195.1429,80710.00,119638.00,9900.0,13571.0,140,276.3333
2026-02-13,302,144,168,109,61,70,-4049.00,9640.00,102388.00,109086.00,1089.7667,700.7667,616.8571,226.7143,104059.00,90370.00,9852.0,13484.0,194.3333,752.3333
2026-02-12,184,131,106,70,68,49,-4384.00,-12418.00,119368.00,102382.00,1102.4667,752.7,670.4286,237.7143,100468.00,108502.00,9842.0,13489.0,279.3333,800
2026-02-11,343,145,139,182,84,41,-58465.00,23970.00,102872.00,214503.00,1106.9667,786.9,675.1429,230.8571,186940.00,104505.00,9835.0,13425.0,268.3333,844.3333
2026-02-10,1730,307,133,94,193,89,10741.00,-5977.00,48424.00,713324.00,1057.6667,851.0333,665.2857,217.8571,73570.00,90288.00,9831.0,13900.0,213,389.6667
2026-02-09,327,386,95,193,136,219,-171471.00,31755.00,127634.00,290658.00,1049.6333,1011.2667,691,178.7143,301434.00,98208.00,9726.0,13926.0,206,578
2026-02-06,476,112,293,144,58,44,94236.00,-13142.00,95982.00,230377.00,1046.9667,1055.7,654,173.4286,88288.00,195666.00,9767.0,13864.0,238,605.6667
2026-02-05,366,141,151,145,60,67,23836.00,16577.00,91078.00,156520.00,1061.7333,1077.1667,661.5714,165,111512.00,118771.00,9811.0,13830.0,223.3333,609
2026-02-04,892,365,604,261,194,139,-52155.00,89247.00,366368.00,375276.00,1058.2333,1071.2667,569.8571,136.5714,411503.00,270101.00,9859.0,13614.0,173.6667,865.3333
2026-02-03,559,208,134,368,118,83,-289998.00,7830.00,210611.00,463375.00,1059,1144.1,580.5714,189.7143,473722.00,175894.00,9772.0,13599.0,141.6667,848
2026-02-02,376,97,147,195,29,48,-42538.00,-17509.00,78371.00,186092.00,1065.2667,1146.4667,600.2857,195.4286,131486.00,106457.00,9716.0,13587.0,134.3333,795
2026-01-30,1661,216,176,355,125,70,-65040.00,23361.00,145819.00,736440.00,1052.7667,1148.5333,458,213.5714,289400.00,200999.00,9629.0,12368.0,89.6667,381
2026-01-29,507,112,181,249,44,51,-40112.00,7373.00,61625.00,620486.00,1059.9333,1151.5667,687.4286,463.2857,279128.00,231643.00,9606.0,12182.0,107.6667,295.3333
2026-01-28,217,75,122,88,22,28,52700.00,26644.00,82828.00,169271.00,1085.4333,1151.8,935.1429,581.4286,108114.00,134170.00,9600.0,12146.0,276,434.3333
2026-01-27,419,82,188,192,41,30,-26959.00,-18112.00,86266.00,203067.00,1100.6,1180.6333,1191.1429,1125.2857,128520.00,119673.00,9568.0,12163.0,294.3333,466
2026-01-26,250,166,110,127,59,93,-32015.00,-26408.00,74906.00,128522.00,1117.6,1179.5,1397.1429,1365.1429,96755.00,91148.00,9526.0,12089.0,353.3333,604.3333
2026-01-23,634,580,172,362,526,45,-135900.00,51214.00,121142.00,313070.00,1188.4667,1180.3667,1602,1378.2857,295093.00,107979.00,8985.0,11746.0,780,1097.3333
2026-01-22,514,137,237,241,88,31,-73012.00,62012.00,120808.00,254302.00,1213.8,1181.0667,2075.5714,1537.4286,239982.00,104958.00,8940.0,11510.0,1035,1576.3333
2026-01-21,665,343,234,364,224,95,-102044.00,263845.00,555987.00,545468.00,1238.0333,1182.0667,2230.1429,1766.5714,676427.00,310538.00,8799.0,11272.0,2217,2091.6667
2026-01-20,2113,1860,651,1185,986,594,-556625.00,824606.00,3292194.00,2347607.00,1191.0333,1127.7333,2192,1717,3083646.00,1702415.00,7891.0,10434.0,2212,1951.3333
2026-01-16,1951,902,795,987,217,529,407331.00,-705884.00,1181575.00,1328434.00,1174.7,1104.1333,2017.5714,1609.2857,468427.00,1581642.00,10036.0,18153.0,2135.3333,1990.3333
2026-01-15,2211,3889,1153,900,3478,276,-192598.00,8134201.00,23397410.00,694107.00,1117.3667,984.9,2032.8571,1074.2857,23548673.00,458114.00,10108.0,17570.0,1256,2529.6667
2026-01-14,1692,1845,837,764,82,1593,171930.00,-5661344.00,11481980.00,1427416.00,1074.4667,930.8667,1896.4286,864.4286,625526.00,11311320.00,10129.0,17310.0,1290,2548
2026-01-13,2068,672,517,602,272,371,35542.00,-513044.00,2698125.00,356528.00,1033.6667,951.3,1644.7143,785.8571,1196511.00,1745097.00,9956.0,17996.0,1570.3333,2474
2026-01-12,3829,1251,1694,1733,652,548,-107316.00,-488055.00,6560278.00,1532900.00,924.7667,921.1333,1244.1429,1000.1429,3604462.00,4261681.00,9902.0,16478.0,1202.6667,1441
2026-01-09,1747,1947,1111,502,131,135,429603.00,12450.00,10532564.00,1098941.00,881.4333,861.9667,1075.2857,963.2857,328966.00,746119.00,9908.0,16921.0,601.6667,1631.3333
2026-01-08,1846,1513,506,1067,48,67,-225887.00,12313.00,9484145.00,953030.00,833.8,818.7667,879.8571,914.4286,521995.00,283795.00,9857.0,16244.0,222.6667,1261.6667
2026-01-07,730,148,438,225,73,70,119165.00,-18899.00,84158.00,350913.00,833.3667,825.4333,811.4286,1212,127886.00,265950.00,9860.0,16137.0,214,1120.3333
2026-01-06,2318,144,881,1239,59,81,-142293.00,-5159.00,74727.00,1130208.00,777.2667,909.4,492.5714,1933.2857,627902.00,490768.00,9849.0,15212.0,1083,689.3333
2026-01-05,737,376,284,318,186,145,-121659.00,-6136.00,131127.00,498157.00,767.0667,903.5333,443.8571,2086,320191.00,204668.00,9852.0,14934.0,1520.6667,632
2026-01-02,306,122,96,178,22,54,11243.00,-39886.00,102979.00,195698.00,770.3667,914.5,515.7143,2180.7143,96464.00,147593.00,9831.0,14883.0,1870.3333,689.3333
2025-12-31,1025,2751,149,819,285,168,-56321.00,589148.00,18382472.00,349846.00,758.1,839.6,481.7143,1814.5714,903246.00,257777.00,9952.0,14456.0,1697,431.3333
2025-12-30,565,1689,79,385,113,76,-145089.00,253088.00,11717397.00,301518.00,758.4,795.4667,484.1429,1915.1429,508936.00,110759.00,9903.0,14311.0,2865,271.6667
2025-12-29,478,1171,203,243,152,485,-63401.00,-28063.00,4552331.00,202572.00,836.5333,907.0667,496.4286,1771.8571,220718.00,185380.00,9400.0,14193.0,2956.3333,244.3333
2025-12-26,251,2231,85,139,80,97,-48719.00,-18486.00,14643296.00,204921.00,846.2,849.6,644.2857,1492.8571,154895.00,124662.00,9250.0,14169.0,2474.3333,430.3333
2025-12-24,86,5193,40,34,12,159,2175.00,-30004.00,35086070.00,80476.00,882.1333,774.0667,735.1429,780,64261.00,96440.00,9154.0,14147.0,806,664
2025-12-23,396,1445,133,211,148,190,-71886.00,-26245.00,7721839.00,374685.00,961.2667,738.1,818.8571,585.2857,223290.00,177649.00,8941.0,14058.0,1122,726
2025-12-22,809,785,265,426,473,235,-28807.00,34990.00,169072.00,592209.00,1044.7333,743.8667,828.1429,608.4286,317884.00,254087.00,8550.0,13906.0,916.3333,644.3333
2025-12-19,787,188,351,314,68,87,26176.00,9381.00,87314.00,416320.00,1142.2333,827.9667,824.2857,600.4286,199392.00,216187.00,9669.0,16642.0,946.3333,810.6667
2025-12-18,582,2393,396,157,64,892,136276.00,-1997351.00,15996096.00,309640.00,1236.6667,795.7,1135.4286,345.1429,124677.00,5118304.00,9656.0,16890.0,216.3333,857.3333
2025-12-17,564,168,296,235,99,55,-58696.00,35800.00,118860.00,373575.00,1245.0333,806.2,1236.8571,343.7143,276713.00,182217.00,9632.0,16826.0,187.6667,996.6667
2025-12-16,1286,278,515,501,100,145,-61568.00,-18767.00,94175.00,721685.00,1246.1,822.5333,1252,357.2857,349858.00,307057.00,9589.0,16758.0,410.6667,859.3333
2025-12-15,722,203,522,175,130,66,236708.00,16254.00,106429.00,532585.00,1247.3667,840.6,1249.2857,361.1429,188920.00,409374.00,9523.0,16668.0,387,872
2025-12-12,982,82,333,567,19,61,-96748.00,-23740.00,61339.00,362711.00,1256.6667,858.7333,1317.7143,377.1429,226609.00,153601.00,9499.0,16218.0,561.6667,1464.6667
2025-12-11,874,947,400,415,117,77,-154572.00,-3150.00,6291971.00,655012.00,1265.4,851.3333,1263,286.4286,515445.00,364023.00,9424.0,16235.0,298.6667,1598
2025-12-10,760,132,254,427,63,42,-5333.00,-10388.00,90406.00,520538.00,1255.6333,851.7333,1212.2857,299.5714,254507.00,259562.00,9342.0,16400.0,379,1808.6667
2025-12-09,2760,606,925,725,149,223,-164400.00,-78386.00,2006784.00,1201085.00,1181.7667,849.2,938.5714,396.5714,684869.00,598855.00,9294.0,15173.0,253.6667,1123
2025-12-08,1274,158,369,822,71,60,-240754.00,25623.00,253884.00,581340.00,1164.6667,857.1667,836.8571,423.4286,447058.00,180681.00,9252.0,14644.0,265.6667,1185.3333
2025-12-05,1392,373,850,496,67,92,163622.00,-5705.00,1848891.00,982408.00,1133.4333,856.2,701.8571,394.7143,411666.00,580993.00,9208.0,13847.0,245.3333,885
2025-12-04,703,230,308,347,68,139,-70803.00,-18571.00,91815.00,411935.00,1156.8333,872.9667,661,392.8571,260576.00,208344.00,9234.0,13657.0,243.3333,785.6667
2025-12-03,1461,194,593,641,33,119,-90026.00,-21099.00,92601.00,1515903.00,1115.3,874.9667,554.7143,414.8571,658073.00,589146.00,9266.0,12669.0,607,580
2025-12-02,491,312,151,184,190,111,11146.00,102861.00,220533.00,289940.00,1137.7333,873.8667,575.2857,750.7143,220794.00,129079.00,9234.0,12594.0,618.3333,603.6667
2025-12-01,405,224,199,163,92,94,68673.00,-10860.00,85357.00,209702.00,1184.1,912.3333,579,747.2857,77133.00,156666.00,9212.0,12471.0,601,617.6667
2025-11-28,844,1285,479,341,100,143,-32689.00,3033.00,1258974.00,542226.00,1214.3,928.2,516.2857,628.1429,331776.00,296054.00,8052.0,12095.0,245,475.3333
2025-11-26,562,346,274,252,80,239,20067.00,-41245.00,132422.00,236506.00,1233.1333,931.1667,529.8571,650.7143,138578.00,199890.00,7806.0,11853.0,245.6667,527
2025-11-25,447,172,221,196,59,79,17562.00,-37051.00,234776.00,99237.00,1248.0667,944.6667,548,678.2857,130435.00,185048.00,7820.0,11771.0,1076,589.6667
2025-11-24,417,217,196,155,76,116,21020.00,-9961.00,218701.00,134928.00,1262.7667,964.1333,891.5714,1292.8571,140849.00,171830.00,7744.0,11690.0,1070.3333,594.3333
2025-11-21,717,348,317,363,179,140,-52955.00,27468.00,206945.00,288533.00,1271.8333,976.3667,866.4286,1315.5714,267608.00,187185.00,9156.0,21381.0,1104.6667,490.3333
2025-11-20,635,2663,293,293,124,163,-26152.00,5030.00,20790871.00,268568.00,1278.4,903.7,942,1353.2857,227573.00,196391.00,9781.0,21325.0,385,497.6667
2025-11-19,431,200,176,212,97,94,-35269.00,13593.00,153801.00,147431.00,1281.3333,910.9333,1276.1429,1377,167247.00,118385.00,9825.0,21278.0,440,545.3333
2025-11-18,405,451,222,144,74,188,27908.00,-115193.00,1070863.00,114412.00,1417.4667,907.3667,1691.5714,1449.4286,110447.00,253548.00,9778.0,21100.0,1796,1351
2025-11-17,657,504,233,396,223,190,-116739.00,17996.00,400410.00,278642.00,1433.7,901.6667,2128,1764.7143,372111.00,237376.00,10144.0,20742.0,1797,1312.3333
2025-11-14,574,365,201,342,185,152,-342.00,59311.00,459118.00,221485.00,1461.8,905.6667,2533.8571,1916.1429,329453.00,269800.00,10076.0,20667.0,2651,1509
2025-11-13,2822,4519,534,2191,857,278,-445663.00,2554089.00,28216600.00,941806.00,1449.2333,775.9667,2247.1429,1339.5714,3585784.00,586032.00,11009.0,18905.0,1266.6667,1491.6667
2025-11-12,541,507,203,295,117,117,-11552.00,10282.00,2204059.00,143287.00,1473.3,777.3333,2358.1429,1376.8571,171695.00,149861.00,11001.0,18824.0,1417,2415.6667
2025-11-11,1164,2927,281,830,323,169,-242610.00,108886.00,6360217.00,399092.00,1461.4667,736.6,2300.4286,1065.1429,576890.00,225394.00,8992.0,18295.0,1345,3265
2025-11-10,2770,366,788,1827,190,131,-148438.00,163392.00,502949.00,622572.00,1431.7667,736.4333,2084.8571,1102.2857,675158.00,363328.00,9002.0,18342.0,1698,3480
2025-11-07,3313,958,1844,1261,406,471,423201.00,-2834.00,916910.00,1646991.00,1342.1667,711.1333,1773.8571,1069,966413.00,1392448.00,9211.0,16525.0,1539.6667,2647.3333
2025-11-06,3712,2711,1770,1815,1320,1193,37805.00,110626.00,1154076.00,1829031.00,1263.1333,648.7333,1310.2857,702.2857,1401979.00,1329158.00,8981.0,15076.0,892,1849.3333
2025-11-05,3415,1425,1140,2121,792,537,-746394.00,440789.00,1273260.00,2120786.00,1171.5667,664.3667,900.1429,574.4286,2192792.00,1005609.00,8142.0,15102.0,665.3333,964.3333
2025-11-04,815,483,508,274,201,137,-50699.00,70381.00,540499.00,438743.00,1225.0333,657.2333,892.4286,562.1429,450191.00,329111.00,8005.0,14614.0,713,1113
2025-11-03,1318,768,728,544,636,94,42272.00,231561.00,410058.00,783903.00,1248.7333,645.5333,769.1429,501.5714,650920.00,461631.00,7496.0,14773.0,698.6667,1052.3333
2025-10-31,760,745,296,413,358,259,-85934.00,19177.00,613666.00,480636.00,1287.4,643.2667,861.2857,499.8571,524629.00,419518.00,7409.0,14460.0,498.3333,954.6667
2025-10-30,1261,626,402,773,317,246,-240739.00,87542.00,435358.00,746932.00,1287.4,642.8333,711.8571,446.7143,704138.00,375857.00,7351.0,14068.0,466.3333,715.6667
2025-10-29,1136,725,393,689,462,219,-228614.00,193172.00,552833.00,951190.00,1274.3,627.7,715.8571,383,910552.00,488766.00,7290.0,13411.0,357,590.6667
2025-10-28,467,144,242,186,90,45,-2868.00,17662.00,145472.00,309957.00,1288.9333,633.7,905.7143,559.2857,215197.00,194667.00,7263.0,13188.0,423.6667,586.6667
2025-10-27,544,530,185,300,213,189,-73837.00,25305.00,439065.00,398259.00,1314.8667,629.3,1078,735.1429,395078.00,295936.00,6929.0,12967.0,491.3333,873.6667
2025-10-24,761,397,226,429,97,214,-85604.00,-65999.00,382645.00,451740.00,1329.5667,635.1333,1130.2857,740.5714,374595.00,354990.00,6944.0,12705.0,443.6667,691.6667
2025-10-23,455,344,221,128,125,171,49121.00,-49377.00,292247.00,278062.00,1400.6667,650.2333,1193.1429,773.8571,205733.00,304231.00,6866.0,12507.0,422,928
2025-10-22,1405,733,602,721,385,334,-214360.00,15805.00,688794.00,1312463.00,1429.2667,652,1115,783.5714,1070636.00,840471.00,6882.0,11406.0,637,1058.3333
2025-10-21,215,254,89,92,87,103,-306.00,1499.00,108767.00,147830.00,1475.7,735.7,1225.5714,849.4286,108901.00,107096.00,6862.0,11359.0,1139.3333,1570
2025-10-20,1164,279,453,558,136,112,-138259.00,5093.00,219103.00,1008940.00,1487.7667,759.2333,1178.1429,878.5714,610395.00,467043.00,6728.0,10641.0,1191.3333,1557.6667
2025-10-17,1796,1378,945,758,455,766,109741.00,-283815.00,1227284.00,1419013.00,1502.5,754.0667,995.7143,741.2857,1015988.00,1409544.00,9905.0,22575.0,924.3333,1257.3333
2025-10-16,1750,1761,926,777,1538,177,-16398.00,2713660.00,3182175.00,905567.00,1535.3333,757.5,1387,538.8571,3373335.00,643277.00,10998.0,21460.0,604.3333,960
2025-10-15,1127,435,384,620,144,179,-117706.00,-128597.00,480992.00,657554.00,1540.5,761.6667,1389.4286,524.2857,460575.00,493166.00,11063.0,21105.0,697.6667,914
2025-10-14,895,577,400,323,340,181,2768.00,8478.00,471353.00,446803.00,1562.8667,757.2333,1464,511.1429,401978.00,396268.00,11234.0,20985.0,666.3333,893
2025-10-13,858,801,328,400,294,377,52382.00,-103026.00,893928.00,597006.00,1643.4667,746.1333,1690.7143,486.4286,557143.00,712551.00,11002.0,20793.0,538.3333,780
2025-10-10,989,715,340,599,406,258,-24530.00,10232.00,399195.00,562618.00,1691.2,751.0333,1729.8571,462.5714,464220.00,429458.00,10732.0,20514.0,414.6667,1946.6667
2025-10-09,832,483,325,416,137,281,-27322.00,-332490.00,638227.00,404696.00,1683.6333,741.6667,1726.5714,637.1429,325580.00,630748.00,10667.0,20249.0,364.6667,2050.6667
2025-10-08,519,417,256,217,219,156,-39585.00,-132132.00,554300.00,307620.00,1700.3,738.1333,1920.8571,629.1429,311169.00,403716.00,10562.0,20155.0,387.3333,2350
2025-10-07,4489,344,1689,2167,137,154,-257563.00,-43385.00,360565.00,1641530.00,1597.9667,740.6,1368.8571,608.4286,973024.00,758846.00,10419.0,19890.0,482,1668.6667
2025-10-06,1144,333,509,526,183,138,18599.00,256853.00,634890.00,972384.00,1690.2333,773.0333,1397,680.7143,895344.00,657090.00,10369.0,19491.0,553.6667,1708.3333
2025-10-03,1417,485,831,418,221,209,216814.00,-10804.00,399752.00,930146.00,1683.7333,767.8667,1290,882,473295.00,700913.00,10206.0,18939.0,960.3333,1505.6667
2025-10-02,2445,628,1227,985,281,244,11156.00,-52243.00,580226.00,1103792.00,1678,761.1,1286.2857,830.7143,708047.00,771446.00,10121.0,17362.0,871.3333,1317
2025-10-01,1263,548,351,756,160,230,-76201.00,-31428.00,358889.00,564768.00,1716.5,763.2333,1395.7143,812,399955.00,355182.00,9820.0,17086.0,755,1104.3333
2025-09-30,809,1705,338,398,468,714,-77140.00,-64219.00,1273300.00,450334.00,1778.3667,770.8,1554.4286,665.1429,693230.00,680309.00,8849.0,16972.0,466.3333,1281.6667
2025-09-29,1879,361,831,979,128,149,-53485.00,116248.00,352447.00,1000823.00,1750.2667,776.8667,1466.1429,701.1429,709564.00,539831.00,8994.0,16023.0,977.3333,878
2025-09-26,625,199,262,280,87,64,-32889.00,16981.00,244377.00,396805.00,1796.2,1123.3,1483,711.4286,286461.00,236591.00,8926.0,15904.0,1000.6667,1476
2025-09-25,1341,839,625,564,354,359,182489.00,-30309.00,728148.00,1297701.00,1903.7,1410.5667,1420.8571,637.8571,779313.00,992111.00,8980.0,15364.0,860,1705.3333
2025-09-24,668,1894,285,301,793,961,27402.00,-4792.00,1118347.00,366097.00,1991.5,1664.2333,1514.2857,424.1429,642250.00,674444.00,8200.0,15206.0,454.3333,2122.6667
2025-09-23,2419,269,690,1522,119,103,-201525.00,-11915.00,184823.00,1335429.00,2050.8,1728.1333,1340.4286,467.4286,779476.00,589866.00,8062.0,14698.0,569,1736.6667
2025-09-22,2029,417,893,934,164,197,-38078.00,-18145.00,239882.00,1402500.00,2315.4,2121.4667,1420.2857,521.7143,770875.00,750942.00,7900.0,14324.0,520.3333,1308
2025-09-19,1920,677,1263,523,350,277,338525.00,861.00,317529.00,942398.00,2381.5,2365.3667,1469.2857,537.2857,430949.00,768613.00,13271.0,24704.0,402.6667,970
2025-09-18,1261,613,447,538,198,242,50469.00,15021.00,236876.00,660271.00,2408.1333,2417.2333,1518.8571,844.7143,343002.00,378450.00,13551.0,24433.0,331,990.3333
2025-09-17,743,271,380,242,114,126,76128.00,23340.00,141138.00,338909.00,2409.7667,2424.6333,1630.7143,946.7143,180242.00,233030.00,13489.0,24225.0,431.3333,1143.3333
2025-09-16,906,324,380,412,211,80,30407.00,269.00,149440.00,489560.00,2406.5667,2423.9667,1821,1075.1429,251851.00,281989.00,13461.0,24041.0,589,1704
2025-09-15,1322,398,581,695,155,191,-38279.00,-5332.00,175794.00,498639.00,2386.8333,2425.8333,2022.8571,1284.5714,332200.00,299253.00,13505.0,23609.0,718.3333,2017.6667
2025-09-12,1202,572,572,556,255,242,53493.00,22715.00,456854.00,429378.00,2380.5667,2425.6,2034.2857,1282.8571,396052.00,426830.00,13371.0,23372.0,1449.3333,2153
2025-09-11,2588,797,1469,968,230,512,246338.00,-384730.00,723782.00,1379443.00,2317.2,2416.2,1888.2857,1232.4286,695486.00,1326554.00,13099.0,22332.0,1512,1799
2025-09-10,2263,786,1245,841,257,339,-80301.00,-70039.00,409002.00,1187058.00,2261.1667,2397.2,2033,1187,710541.00,700279.00,13068.0,21483.0,1657.6667,1790.6667
2025-09-09,1608,2765,628,819,1423,1169,-419981.00,-65496.00,932330.00,1117234.00,2229.3667,2321.7333,2149.1429,915.1429,1119592.00,765107.00,11629.0,21141.0,1357.3333,2166.3333
2025-09-08,1526,985,947,399,486,393,205764.00,-31198.00,539477.00,701587.00,2214.2,2305.7333,2017.5714,803.2857,431006.00,667968.00,11178.0,20678.0,1215.6667,2085
2025-09-05,2238,1223,979,950,480,457,158319.00,13575.00,933564.00,1039706.00,2153,2271.8,1843.4286,673,710988.00,855732.00,10737.0,19407.0,956,1861
2025-09-04,2735,1864,1079,1504,407,956,29669.00,-316198.00,3065454.00,1562365.00,2078.8,2216.8,1655.4286,466.4286,949356.00,1295223.00,10130.0,18230.0,490.6667,2041.3333
2025-09-03,1282,560,817,415,205,235,138426.00,-83513.00,636051.00,543033.00,2065.1333,2217.8667,2031.1429,573,417560.00,639499.00,10053.0,17695.0,591.3333,2421
2025-09-02,1566,444,496,780,174,197,-76201.00,744.00,294314.00,630892.00,2044.7667,2223.3333,1982,556.7143,428468.00,351523.00,10092.0,17371.0,510.6667,2100.6667
2025-08-29,3276,468,965,2225,317,145,-967043.00,66411.00,174523.00,2236584.00,1970.5,2221.6333,1838.7143,550.5714,1689158.00,655704.00,10033.0,17814.0,458.3333,1348.3333
2025-08-28,2421,862,883,1242,291,306,-7962.00,15199.00,511820.00,1181407.00,1929.6667,2215.5667,1838.2857,514.8571,752694.00,729533.00,9915.0,17318.0,310.3333,1014.3333
2025-08-27,605,202,203,345,48,111,-68393.00,-57364.00,123021.00,427772.00,2113.8,2324.8,2132.5714,762,243546.00,232517.00,9844.0,17063.0,678.3333,2116.6667
2025-08-26,1019,311,254,659,115,121,-43322.00,-67117.00,304624.00,414967.00,2133.2,2344.1667,2135,795.1429,308558.00,332353.00,9764.0,16701.0,684.6667,2184.3333
2025-08-25,1419,418,643,676,179,155,61341.00,10791.00,314001.00,889986.00,2136.9667,2377.6333,2218.4286,2248.5714,521181.00,571731.00,9678.0,15923.0,687,2469
2025-08-22,3912,1306,2276,1443,350,761,610979.00,-224866.00,812921.00,2419523.00,2102.5667,2522.6667,2311.8571,3413,1092657.00,1928502.00,8964.0,14007.0,455.6667,1971
2025-08-21,1222,330,513,579,140,133,-87803.00,-43947.00,393683.00,652102.00,2150.7333,2588.3333,2609,4723.5714,486123.00,442267.00,8984.0,13488.0,989.6667,2452
2025-08-20,2273,425,673,1337,149,206,-373041.00,-176661.00,415043.00,1135125.00,2141.6667,2591.8,2884,4975.1429,788754.00,592374.00,8973.0,12247.0,1029,2039.6667
2025-08-19,2418,612,863,1417,312,176,-304614.00,77393.00,346841.00,1421156.00,2167.6667,2631.2333,3962.4286,6633,1005667.00,623660.00,8946.0,11447.0,4355.6667,1901.3333
2025-08-18,2665,1932,794,1678,297,1362,-499226.00,-796865.00,1337609.00,1836138.00,2135.2333,2595.8333,4139.2857,7499,1326284.00,1623923.00,7755.0,9784.0,6864,2535
2025-08-15,1036,543,403,535,199,233,-27683.00,-20989.00,388230.00,545688.00,2155.9333,2620.5667,4285.5714,7731.2857,405781.00,399087.00,10792.0,22346.0,9851,3290.3333
2025-08-14,2003,10592,1084,690,4124,5102,171373.00,-1810491.00,42970879.00,848430.00,2123.4,2300.9667,4112.5714,6288.5714,18219855.00,19776639.00,12066.0,22116.0,7049,4022
2025-08-13,4566,9457,2298,1640,4397,4421,459041.00,-3383254.00,40114257.00,1547371.00,2104,2030.3667,3576,4981,20500369.00,18499164.00,13773.0,20764.0,7969,5822.3333
2025-08-12,3302,9504,1613,1528,1723,7498,305522.00,-6564770.00,42706057.00,1691980.00,2056.4,1776.9333,3208.5714,3688.1429,8995560.00,35132352.00,15704.0,19627.0,7465.6667,6022.6667
2025-08-11,4198,2186,1816,2089,748,1201,-197521.00,-256806.00,2226152.00,1783885.00,1982.4667,1754.1667,2753.7143,3456.5714,1810606.00,1869891.00,15198.0,17971.0,7460,5310
2025-08-08,9967,12217,4729,4597,8211,2902,280806.00,30513262.00,39439833.00,5171055.00,1684.8,1357.6333,1428,1784.8571,36670012.00,6437556.00,15715.0,14334.0,3552,2251.6667
2025-08-07,3903,7994,1743,1835,4200,3057,-201049.00,4014676.00,17009395.00,4690943.00,1591.0333,1105.8667,953.5714,673.7143,12090334.00,7874609.00,11718.0,12989.0,988.6667,1220.6667
2025-08-06,2060,2169,968,903,1356,692,-230923.00,2203614.00,4328609.00,3032980.00,1568.9667,1066.5333,752.7143,435.4286,4713528.00,2278991.00,10420.0,12314.0,417,777.3333
2025-08-05,792,493,371,326,335,135,-95593.00,157325.00,399708.00,1213184.00,1563.6,1059.5333,792.5714,437.1429,866165.00,613247.00,10073.0,12065.0,441,851.3333
2025-08-04,810,304,333,299,112,122,21294.00,20712.00,169786.00,1221371.00,1579.3,1072.9667,734.2857,423,579805.00,580387.00,9973.0,11827.0,511.3333,810.3333
2025-08-01,730,454,284,344,244,174,-172652.00,312046.00,749214.00,1463686.00,1601.5333,1082.9333,702.7143,388.7143,1203319.00,718621.00,9730.0,11683.0,432,761
2025-07-31,1014,565,377,523,226,277,-214563.00,-65022.00,477451.00,1865513.00,1657.4,1115.7333,682.4286,392.5714,1135380.00,985839.00,9500.0,11434.0,410.6667,641
2025-07-30,687,515,353,232,251,187,54076.00,233815.00,550532.00,1192087.00,1715.4,1146.4,720.7143,405.8571,843769.00,664030.00,9331.0,11272.0,407.3333,769
2025-07-29,582,216,158,257,97,90,-46922.00,-61543.00,204316.00,600509.00,1896.8,1210.8333,787.2857,434.5714,317697.00,332318.00,9244.0,11114.0,403.6667,709
2025-07-28,654,501,302,222,172,265,14730.00,62326.00,642246.00,994514.00,1956.6,1296.8,864.7143,460.1429,735423.00,687827.00,8958.0,10859.0,308,660.6667
2025-07-25,1071,505,484,475,174,216,191259.00,-2072.00,455190.00,2014016.00,2024.0333,1315.0333,1587.2857,885,1042010.00,1235341.00,8836.0,10490.0,337,594.3333
2025-07-24,402,205,144,201,60,78,-182154.00,19667.00,225447.00,736913.00,2281.7333,1407.1,1758.5714,983.1429,526238.00,324417.00,8783.0,10346.0,471.3333,778.6667
2025-07-23,509,214,281,186,49,138,-84602.00,-80434.00,150658.00,728735.00,2304.4,1426.3333,1904.7143,1155.7143,396208.00,392040.00,8662.0,10169.0,539,958.3333
2025-07-22,872,592,403,296,423,109,95823.00,977919.00,1341480.00,1099592.00,2318.3667,1462.5667,2191.5714,1879.2857,1563939.00,681843.00,8326.0,10028.0,568.3333,1066.3333
2025-07-21,955,608,415,441,144,358,-280306.00,-320762.00,790966.00,1601383.00,2315.1333,1467.1,2436.1429,2121,1010584.00,1051040.00,8035.0,9742.0,1525.3333,2791
2025-07-18,1048,417,475,529,208,144,-223589.00,109913.00,390913.00,1713819.00,2310.5333,1469.1333,2572.2857,2137,1166832.00,833330.00,14079.0,18590.0,1683.6667,2975.3333
2025-07-17,1196,680,497,643,282,265,-277919.00,406086.00,1018198.00,1403526.00,2293.5333,1458.1,2858.2857,2296.2857,1409752.00,725747.00,14377.0,18382.0,1931,3087.3333
2025-07-16,6129,3479,2298,2341,1412,904,-512578.00,1082378.00,3966258.00,17331619.00,2107.7,1384.2667,2224.4286,1923.5714,8522484.00,6927528.00,14884.0,16290.0,2657,2004.3333
2025-07-15,1601,892,437,923,431,405,-1002235.00,97392.00,568236.00,2147144.00,2101.3,1374.7667,2232.4286,1979.7143,1712736.00,613109.00,14859.0,16161.0,3126.3333,2359.6667
2025-07-14,1532,1422,490,852,692,599,-88241.00,-100885.00,1442285.00,1246923.00,2081.9333,1346.1333,2160.2857,1920,1196507.00,1209151.00,14653.0,15885.0,2828.6667,2516
2025-07-11,2880,5657,1175,1491,2172,3071,-331718.00,-1634014.00,7758903.00,2597325.00,2008.0667,1172.3333,2318,1303.1429,4092856.00,5395152.00,11033.0,15351.0,1541.3333,2622
2025-07-10,2667,2300,931,1436,1584,483,-467791.00,1472285.00,2464127.00,2515202.00,1966.9,1114.3,2204.7143,1246.1429,3210755.00,1270679.00,10035.0,14589.0,1064.6667,2297
2025-07-09,2001,529,635,1110,313,164,-715427.00,123054.00,408725.00,3144765.00,1929.2667,1121.9,2201.7143,1385.2857,1823183.00,984702.00,9982.0,14470.0,1316.6667,2182.3333
2025-07-08,3198,1795,1298,1515,1111,481,-1254214.00,432180.00,1582711.00,5067971.00,1859.6,1083.4333,1893,1174.7143,3812988.00,2126594.00,9387.0,14258.0,1053,1458.6667
2025-07-07,1692,870,705,723,457,365,80367.00,274443.00,1034937.00,3749723.00,1846.3333,1072.8667,1807,1113.4286,2161988.00,1967912.00,8997.0,13600.0,1209.3333,2222.6667
2025-07-03,1657,1285,665,790,758,471,-271929.00,-6722.00,587915.00,2829312.00,1810.8333,1040.1,1770,1071.1429,1619037.00,1353830.00,8671.0,13272.0,1414.6667,2295
2025-07-02,1027,1004,382,512,149,788,-424123.00,5154.00,405688.00,2094978.00,1866.5,1029.0667,1713.4286,968.1429,1286094.00,856817.00,8436.0,13159.0,1581,2612.6667
2025-07-01,3984,1339,1399,2018,578,641,-555156.00,-134403.00,1699364.00,7889733.00,1817,995.7333,1327.2857,877.8571,4195440.00,3774687.00,8148.0,12732.0,1241.6667,1630.3333
2025-06-30,1874,1901,664,905,752,1062,-544041.00,-297769.00,1385680.00,4649846.00,1841.2667,983.2,1259.1429,713.8571,2717119.00,2470847.00,7217.0,12548.0,755,1369
2025-06-27,1980,1503,767,928,1042,398,-212711.00,1650833.00,2799615.00,4186353.00,1855.7333,996.6667,1360.5714,720.4286,4098131.00,2234587.00,6144.0,12254.0,583.6667,1175
2025-06-26,1037,321,537,445,141,152,-197789.00,-111876.00,289449.00,1818979.00,2015.1667,1014.0333,1559.1429,879.5714,1047938.00,962025.00,6004.0,11921.0,571,1039.6667
2025-06-25,1090,441,484,474,235,147,13952.00,217149.00,531636.00,1772589.00,2151.0333,1020.9,2264,1123.5714,1150801.00,947604.00,5896.0,11755.0,659.6667,1103.3333
2025-06-24,1398,989,654,433,361,559,509761.00,-206527.00,1033541.00,2567051.00,2353.2333,1052.2667,2414,1422.2857,1181342.00,1897630.00,5469.0,11434.0,581,1103
2025-06-23,631,283,249,270,144,122,-2544.00,-44083.00,358837.00,757211.00,2524.3333,1118.3,2765.8571,1532.1429,461407.00,502946.00,5435.0,11300.0,1003,1789.3333
2025-06-20,1281,707,561,619,292,359,-313625.00,-17532.00,320612.00,2439275.00,2668.0333,1104.1667,3744.7143,1855,1452230.00,1156137.00,11644.0,20309.0,1245.6667,2171.3333
2025-06-18,1397,753,501,565,437,281,-62995.00,7530.00,369874.00,1857118.00,2635.1,1080.4667,3715,1860.4286,932581.00,862056.00,11661.0,20117.0,1711,3713.6667
2025-06-17,2690,1549,1331,1128,643,801,196972.00,28781.00,1352107.00,3977138.00,2580.6,1031.1,3515.1429,1879,2339297.00,2507488.00,11210.0,19742.0,2221.3333,3633
2025-06-16,2427,1435,1182,965,425,837,-121976.00,35181.00,726446.00,2817189.00,2533.1667,990.1667,3291,1780.2857,1703421.00,1546264.00,10703.0,20065.0,2093.6667,3855.3333
2025-06-13,6024,2149,2175,3472,1066,1030,-3463809.00,-36766.00,1177994.00,7119620.00,2352.4333,919.2,2560.4286,1541.5714,5687451.00,2260408.00,9651.0,16805.0,2366.3333,4558.3333
2025-06-12,2448,3080,1296,958,1456,1436,440356.00,113163.00,2120338.00,2804529.00,2375.8333,817.1,2308.7143,1151.4286,2155457.00,2482650.00,7393.0,16268.0,1603.3333,4138.6667
2025-06-11,3094,1052,1545,1031,326,560,1983355.00,-49330.00,647947.00,6378183.00,2394.5667,783.1,1945.8571,1181.7143,1598665.00,3631350.00,7004.0,17104.0,1812.3333,3537.6667
2025-06-10,8133,2967,2785,3870,1581,1116,-722329.00,593115.00,2271584.00,11123877.00,2159.8667,684.4,985.2857,844.5714,5463220.00,4147776.00,7018.0,14523.0,1071.3333,1112.6667
2025-06-09,1189,791,410,627,317,387,-168400.00,-30695.00,507986.00,1357270.00,2127.2333,662.0333,951.2857,812,884568.00,746863.00,6902.0,13885.0,967,1019.6667
2025-06-06,1291,1679,684,447,714,754,191051.00,-183387.00,1179215.00,1819327.00,2156.5667,611.4667,861.7143,635.4286,1131727.00,1506165.00,5795.0,13583.0,523.6667,818
2025-06-05,858,744,486,197,299,328,313345.00,-77192.00,753632.00,1085652.00,2183.7333,587.7667,943.7143,609,575841.00,966378.00,5497.0,13384.0,697,716.6667
2025-06-04,910,478,336,409,154,228,20183.00,35405.00,489995.00,1345508.00,2164.3333,572.4,938.2857,648.8571,789170.00,773948.00,5246.0,13175.0,740,883
2025-06-03,686,349,284,304,138,148,142023.00,26614.00,320204.00,1129275.00,2194,562.2667,998.5714,690.5714,583350.00,698759.00,5076.0,13131.0,811.3333,971.3333
2025-06-02,554,1264,221,265,947,174,-63188.00,482040.00,647721.00,784757.00,2188.7333,520.3667,1104.2857,589,928073.00,382845.00,4206.0,12958.0,537.6667,1008
2025-05-30,1409,607,293,904,334,215,-745701.00,25145.00,416734.00,1519808.00,2170.7667,503,987.5714,545.4286,1244909.00,474063.00,4008.0,12194.0,521.6667,1015.6667
2025-05-29,951,563,212,632,279,268,-714096.00,228314.00,521873.00,1564538.00,2142.2333,484.6333,1237,561.1429,1437213.00,494803.00,3760.0,11993.0,586.3333,989.3333
2025-05-28,664,443,378,243,285,96,140097.00,139861.00,234116.00,1142453.00,2121.6,470.7,1499.1429,546.2857,653034.00,653270.00,3490.0,11816.0,652.3333,1137.3333
2025-05-27,1432,559,613,630,293,226,223805.00,19231.00,427557.00,2070698.00,2074.8,452.1333,1666.2857,684.2857,1032013.00,1236587.00,3206.0,11720.0,650.3333,1091.3333
2025-05-23,872,757,364,376,275,382,-60889.00,-129676.00,528282.00,949424.00,2046.5333,427.0667,1886.5714,848.5714,592882.00,661669.00,2877.0,11278.0,498.6667,998
2025-05-22,1108,641,434,546,251,332,-203958.00,24647.00,391171.00,1057602.00,2013.5333,406.0333,2559.7143,877.2857,772519.00,543914.00,2627.0,10616.0,509.3333,1527.6667
2025-05-21,1294,553,444,719,184,333,-380565.00,-51367.00,388762.00,1478739.00,2038.3448,400.9655,3112.8571,890.7143,1017607.00,688409.00,2354.0,10063.0,438,1929.3333
2025-05-20,592,302,239,200,137,132,85476.00,72489.00,185866.00,642144.00,2090,404.5,4094.5714,1123.2857,335669.00,348656.00,2283.0,9851.0,845.6667,2599.3333
2025-05-19,2697,673,1996,451,296,344,1732217.00,68708.00,640513.00,3541081.00,2067.5185,394.5556,4532.7143,1350.5714,1124925.00,2788434.00,1975.0,8220.0,1257,2505
2025-05-16,2499,339,565,1805,167,154,-179407.00,-24079.00,178528.00,3241747.00,2050.9231,396.6923,4974.5714,1342.5714,1737669.00,1582341.00,4838.0,18677.0,1424.6667,3612
2025-05-15,2602,1525,1056,1227,420,1061,-243830.00,-106026.00,231142.00,6091461.00,2028.88,351.56,4661.2857,1130.7143,2708056.00,2570252.00,5034.0,19215.0,1132,4466.6667
2025-05-14,2414,1907,588,1598,998,721,-887320.00,30581.00,477276.00,2339213.00,2012.8333,286.75,4467.1429,868,1653585.00,735684.00,4030.0,19109.0,1139.6667,6150
2025-05-13,5820,842,2257,2969,402,411,-1224741.00,7087.00,466917.00,6479374.00,1847.3043,262.6087,3779.1429,777.2857,3745202.00,2513374.00,3669.0,16037.0,1613.6667,6131.3333
2025-05-12,5166,647,1934,2998,192,378,-761106.00,-86814.00,344225.00,4392272.00,1696.4545,245.1364,3127.1429,687.7143,2583042.00,1908750.00,3511.0,15475.0,1492.3333,6273.3333
2025-05-09,7464,1930,3084,1449,755,1022,3017119.00,-123849.00,943911.00,14149640.00,1421.8095,164.9048,2510.8571,414.4286,2595524.00,5736492.00,2416.0,14152.0,863,3921.6667
2025-05-08,5764,2264,3231,2265,943,1197,4146070.00,-78711.00,830428.00,16178384.00,,,2209.7143,95.5714,6205403.00,10430184.00,1032.0,15488.0,131,2352
2025-05-07,5592,283,2238,2900,115,128,141168.00,-31612.00,85962.00,4446621.00,,,1566.8571,56,2074219.00,2246999.00,782.0,12489.0,105.6667,822.6667
2025-05-06,409,42,209,155,18,20,73693.00,4536.00,16581.00,337823.00,,,1538.4286,67.1429,127146.00,196303.00,750.0,12326.0,98.3333,887
2025-05-05,1055,68,490,548,22,46,165757.00,2162.00,25078.00,1159101.00,,,1697.8571,80.5714,499852.00,663447.00,695.0,11647.0,81.3333,1585.3333
2025-05-02,1004,207,604,332,37,128,711953.00,14740.00,47948.00,1259006.00,,,1793.4286,55.7143,242563.00,939776.00,505.0,11089.0,23,2469.3333
2025-05-01,602,20,239,328,15,5,26348.00,4660.00,11862.00,689608.00,,,1754.2857,55.2857,315986.00,337674.00,497.0,10890.0,18.3333,2632.6667
2025-04-30,3150,17,2314,695,13,4,2539032.00,3655.00,6375.00,4233703.00,,,1529.4286,59.2857,756963.00,3292340.00,482.0,8114.0,52.6667,1652.6667
2025-04-29,3656,32,618,338,8,18,138711.00,-2691.00,14976.00,2910740.00,,,1063.7143,55.7143,340582.00,481984.00,453.0,7545.0,96,1157.6667
2025-04-28,1092,6,710,360,4,2,509958.00,187.00,2827.00,1314053.00,,,1032,67.1429,393477.00,903248.00,447.0,6731.0,105,1351.3333
2025-04-25,210,120,138,34,113,2,94638.00,26369.00,33119.00,207763.00,,,1015.5714,51.7143,66174.00,134443.00,347.0,6667.0,70.6667,1390.6667
2025-04-24,2171,162,985,1165,67,88,86968.00,-32052.00,111518.00,1827271.00,,,711.8571,32.1429,904092.00,1023112.00,187.0,4695.0,31.6667,1192.3333
2025-04-23,1673,33,186,109,2,31,74922.00,-3229.00,4759.00,631462.00,,,476.8571,27.7143,67720.00,145871.00,156.0,3087.0,23,766.6667
2025-04-22,328,17,166,162,4,11,-18928.00,3121.00,9959.00,290734.00,,,433.4286,26,160506.00,138457.00,144.0,2836.0,46,947.3333
2025-04-21,1576,45,33,1542,25,19,-1172592.00,17393.00,40739.00,1223408.00,,,225.1429,21,1226296.00,36311.00,109.0,1293.0,35,453.6667
2025-04-17,396,7,174,222,3,4,-32926.00,-1740.00,3940.00,473286.00,,,196.6667,23.3333,254206.00,223020.00,120.0,1061.0,41,336.6667
2025-04-16,870,86,4,866,85,1,-831337.00,68980.00,70070.00,840543.00,,,62,10.8,905465.00,5148.00,35.0,191.0,13,56
2025-04-15,95,12,22,73,6,6,-36340.00,1385.00,5105.00,66420.00,,,,,54625.00,16900.00,29.0,164.0,10.6667,32.3333
2025-04-14,45,25,18,21,10,15,-7591.00,-150.00,6150.00,32415.00,,,,,21638.00,14197.00,17.0,150.0,5.6667,56.6667
2025-04-11,28,2,20,8,2,0,3338.00,750.00,750.00,8538.00,,,,,3350.00,5938.00,15.0,133.0,,
2025-04-10,24,5,13,9,3,2,6410.00,844.00,2636.00,18085.00,,,,,5740.00,11306.00,10.0,117.0,,
2025-04-09,118,10,111,7,10,0,21270.00,2150.00,2150.00,29030.00,,,,,6030.00,25150.00,,,,
