si
"[{'total_volume': 182693, 'market_date': '2026-09-25', 'short_volume': 101015, 'short_volume_ratio': '0.5529206432396545105330701734'}, {'total_volume': 274563, 'market_date': '2026-09-24', 'short_volume': 166128, 'short_volume_ratio': '0.6050641357554930886414810370'}, {'total_volume': 363451, 'market_date': '2026-09-23', 'short_volume': 214585, 'short_volume_ratio': '0.5904094209071698015203769117'}, {'total_volume': 359148, 'market_date': '2026-09-22', 'short_volume': 205417, 'short_volume_ratio': '0.5719557314552847911536239363'}, {'total_volume': 309337, 'market_date': '2026-09-21', 'short_volume': 165580, 'short_volume_ratio': '0.5352743362306593332550023903'}, {'total_volume': 157538, 'market_date': '2026-09-18', 'short_volume': 77010, 'short_volume_ratio': '0.4888351110106993792800973772'}, {'total_volume': 163519, 'market_date': '2026-09-17', 'short_volume': 90245, 'short_volume_ratio': '0.5518922640068384203860885439'}, {'total_volume': 153064, 'market_date': '2026-09-16', 'short_volume': 93185, 'short_volume_ratio': '0.6087986666215095220904217779'}, {'total_volume': 122804, 'market_date': '2026-09-15', 'short_volume': 74183, 'short_volume_ratio': '0.6040757733040784423223521027'}, {'total_volume': 238640, 'market_date': '2026-09-14', 'short_volume': 110461, 'short_volume_ratio': '0.4628794597745871307139560570'}, {'total_volume': 224651, 'market_date': '2026-09-11', 'short_volume': 141932, 'short_volume_ratio': '0.6317873857395535673756971788'}, {'total_volume': 132176, 'market_date': '2026-09-10', 'short_volume': 89084, 'short_volume_ratio': '0.6739841569763817011953570653'}, {'total_volume': 151611, 'market_date': '2026-09-09', 'short_volume': 95612, 'short_volume_ratio': '0.6306439535624514487554405196'}, {'total_volume': 233187, 'market_date': '2026-09-08', 'short_volume': 132450, 'short_volume_ratio': '0.5679977410579687546442959496'}, {'total_volume': 276081, 'market_date': '2026-09-04', 'short_volume': 154737, 'short_volume_ratio': '0.5604772090903122870137452763'}, {'total_volume': 194939, 'market_date': '2026-09-03', 'short_volume': 119254, 'short_volume_ratio': '0.6117529522697200993485933252'}, {'total_volume': 212683, 'market_date': '2026-09-02', 'short_volume': 160106, 'short_volume_ratio': '0.7527905960824992185923760013'}, {'total_volume': 216315, 'market_date': '2026-09-01', 'short_volume': 146251, 'short_volume_ratio': '0.6761005280151971073614371659'}, {'total_volume': 259979, 'market_date': '2026-08-31', 'short_volume': 159015, 'short_volume_ratio': '0.6116455600007365023522242121'}, {'total_volume': 217154, 'market_date': '2026-08-28', 'short_volume': 135122, 'short_volume_ratio': '0.6222415856057825287250148037'}, {'total_volume': 129511, 'market_date': '2026-08-27', 'short_volume': 90338, 'short_volume_ratio': '0.6975319092076041113185580114'}, {'total_volume': 192860, 'market_date': '2026-08-26', 'short_volume': 123050, 'short_volume_ratio': '0.6380266453638493680255135518'}, {'total_volume': 161328, 'market_date': '2026-08-25', 'short_volume': 100816, 'short_volume_ratio': '0.6249130749882539106051634715'}, {'total_volume': 142553, 'market_date': '2026-08-24', 'short_volume': 91019, 'short_volume_ratio': '0.6384912912734923420026187241'}, {'total_volume': 140280, 'market_date': '2026-08-21', 'short_volume': 95231, 'short_volume_ratio': '0.6788634027314459038901700062'}, {'total_volume': 197450, 'market_date': '2026-08-20', 'short_volume': 136420, 'short_volume_ratio': '0.6909095501089093014551253836'}, {'total_volume': 153444, 'market_date': '2026-08-19', 'short_volume': 88265, 'short_volume_ratio': '0.5752260730479074497977601438'}, {'total_volume': 162629, 'market_date': '2026-08-18', 'short_volume': 76952, 'short_volume_ratio': '0.4731764788944743676576678876'}, {'total_volume': 126194, 'market_date': '2026-08-17', 'short_volume': 63711, 'short_volume_ratio': '0.5048676179111648393575493386'}, {'total_volume': 131212, 'market_date': '2026-08-14', 'short_volume': 60846, 'short_volume_ratio': '0.4637232724819314975547858135'}, {'total_volume': 121191, 'market_date': '2026-08-13', 'short_volume': 53882, 'short_volume_ratio': '0.4446064801067516076761770949'}, {'total_volume': 81145, 'market_date': '2026-08-12', 'short_volume': 47054, 'short_volume_ratio': '0.5798829385472252283376137297'}, {'total_volume': 42403, 'market_date': '2026-08-11', 'short_volume': 28273, 'short_volume_ratio': '0.6667632547911964531232985989'}, {'total_volume': 56980, 'market_date': '2026-08-10', 'short_volume': 41506, 'short_volume_ratio': '0.7284270446466802915693638703'}, {'total_volume': 101893, 'market_date': '2026-08-07', 'short_volume': 57725, 'short_volume_ratio': '0.5665234399831867958576210510'}, {'total_volume': 63722, 'market_date': '2026-08-06', 'short_volume': 27727, 'short_volume_ratio': '0.4351157094972226936340429179'}, {'total_volume': 56761, 'market_date': '2026-08-05', 'short_volume': 28133, 'short_volume_ratio': '0.4956409189865202871913354011'}, {'total_volume': 58159, 'market_date': '2026-08-04', 'short_volume': 26267, 'short_volume_ratio': '0.4516531811007807172972241102'}, {'total_volume': 85522, 'market_date': '2026-08-03', 'short_volume': 46265, 'short_volume_ratio': '0.5409701896413944935389187686'}, {'total_volume': 44519, 'market_date': '2026-07-31', 'short_volume': 29430, 'short_volume_ratio': '0.6610611301029392615905676593'}, {'total_volume': 66669, 'market_date': '2026-07-30', 'short_volume': 39023, 'short_volume_ratio': '0.5853244947585127496868681330'}, {'total_volume': 48663, 'market_date': '2026-07-29', 'short_volume': 32218, 'short_volume_ratio': '0.6620589510965679611192858762'}, {'total_volume': 45866, 'market_date': '2026-07-28', 'short_volume': 27316, 'short_volume_ratio': '0.5955735251554096886161278381'}, {'total_volume': 51011, 'market_date': '2026-07-27', 'short_volume': 28418, 'short_volume_ratio': '0.5571066987317138764957239800'}, {'total_volume': 58181, 'market_date': '2026-07-24', 'short_volume': 36695, 'short_volume_ratio': '0.6307083738749288939237895130'}, {'total_volume': 51763, 'market_date': '2026-07-23', 'short_volume': 32715, 'short_volume_ratio': '0.6320175687026954534246176524'}, {'total_volume': 38749, 'market_date': '2026-07-22', 'short_volume': 24340, 'short_volume_ratio': '0.6281331873176460842826213716'}, {'total_volume': 54655, 'market_date': '2026-07-21', 'short_volume': 35966, 'short_volume_ratio': '0.6580464122724004314824711032'}, {'total_volume': 53712, 'market_date': '2026-07-20', 'short_volume': 31537, 'short_volume_ratio': '0.5871446270861766226033580555'}, {'total_volume': 68913, 'market_date': '2026-07-17', 'short_volume': 42064, 'short_volume_ratio': '0.6103888666770826338268308943'}, {'total_volume': 52261, 'market_date': '2026-07-16', 'short_volume': 35669, 'short_volume_ratio': '0.6825231012294082465931292931'}, {'total_volume': 91941, 'market_date': '2026-07-15', 'short_volume': 59009, 'short_volume_ratio': '0.6418096963303522543914725721'}, {'total_volume': 115008, 'market_date': '2026-07-14', 'short_volume': 67653, 'short_volume_ratio': '0.5882490684560319547376706212'}, {'total_volume': 105096, 'market_date': '2026-07-13', 'short_volume': 61449, 'short_volume_ratio': '0.5846971276717346895372351915'}, {'total_volume': 113954, 'market_date': '2026-07-10', 'short_volume': 69186, 'short_volume_ratio': '0.6071441982836916808242066361'}, {'total_volume': 117517, 'market_date': '2026-07-09', 'short_volume': 68646, 'short_volume_ratio': '0.5841336531909212200735902160'}, {'total_volume': 118502, 'market_date': '2026-07-08', 'short_volume': 79666, 'short_volume_ratio': '0.6722802833147705350474998947'}, {'total_volume': 143247, 'market_date': '2026-07-07', 'short_volume': 87672, 'short_volume_ratio': '0.6120358985686896907899368706'}, {'total_volume': 140445, 'market_date': '2026-07-06', 'short_volume': 94125, 'short_volume_ratio': '0.6701913121852152859523912948'}, {'total_volume': 75294, 'market_date': '2026-07-02', 'short_volume': 41600, 'short_volume_ratio': '0.5524993106379722851704445082'}, {'total_volume': 337477, 'market_date': '2026-07-01', 'short_volume': 187230, 'short_volume_ratio': '0.5547933306083068534656109593'}, {'total_volume': 550768, 'market_date': '2026-06-30', 'short_volume': 289592, 'short_volume_ratio': '0.5257973729693569408758707669'}, {'total_volume': 535323, 'market_date': '2026-06-29', 'short_volume': 282286, 'short_volume_ratio': '0.5273190755468485085753488957'}, {'total_volume': 712142, 'market_date': '2026-06-26', 'short_volume': 414165, 'short_volume_ratio': '0.5815773392125432536831266221'}, {'total_volume': 595435, 'market_date': '2026-06-25', 'short_volume': 370571, 'short_volume_ratio': '0.6223535974765175621763141971'}, {'total_volume': 732281, 'market_date': '2026-06-24', 'short_volume': 421693, 'short_volume_ratio': '0.5758614934818529294986091270'}, {'total_volume': 606971, 'market_date': '2026-06-23', 'short_volume': 329244, 'short_volume_ratio': '0.5424368651108008300971761021'}, {'total_volume': 757908, 'market_date': '2026-06-22', 'short_volume': 427149, 'short_volume_ratio': '0.5635895677354592975902244477'}, {'total_volume': 760101, 'market_date': '2026-06-18', 'short_volume': 437839, 'short_volume_ratio': '0.5760278382110824741043607335'}, {'total_volume': 427286, 'market_date': '2026-06-17', 'short_volume': 203904, 'short_volume_ratio': '0.4772068220129700413921383016'}, {'total_volume': 475930, 'market_date': '2026-06-16', 'short_volume': 282899, 'short_volume_ratio': '0.5944133677507125825281490659'}, {'total_volume': 80697, 'market_date': '2026-06-15', 'short_volume': 53566, 'short_volume_ratio': '0.6637867640691065026883678377'}, {'total_volume': 55895, 'market_date': '2026-06-12', 'short_volume': 28605, 'short_volume_ratio': '0.5117661756242358226665354804'}, {'total_volume': 56390, 'market_date': '2026-06-11', 'short_volume': 33481, 'short_volume_ratio': '0.5937498492421152472942351486'}, {'total_volume': 49162, 'market_date': '2026-06-10', 'short_volume': 29187, 'short_volume_ratio': '0.5936863324874335270108218502'}, {'total_volume': 247974, 'market_date': '2026-06-09', 'short_volume': 152432, 'short_volume_ratio': '0.6147101999197386681257594446'}, {'total_volume': 579427, 'market_date': '2026-06-08', 'short_volume': 352366, 'short_volume_ratio': '0.6081275359622090081602221990'}, {'total_volume': 266134, 'market_date': '2026-06-05', 'short_volume': 160858, 'short_volume_ratio': '0.6044248722657140037136732888'}, {'total_volume': 284930, 'market_date': '2026-06-04', 'short_volume': 184299, 'short_volume_ratio': '0.6468232878581581656801885960'}, {'total_volume': 277281, 'market_date': '2026-06-03', 'short_volume': 165445, 'short_volume_ratio': '0.5966698966839262522550720229'}, {'total_volume': 64999, 'market_date': '2026-06-02', 'short_volume': 43852, 'short_volume_ratio': '0.6746526988846508688689960357'}, {'total_volume': 248341, 'market_date': '2026-06-01', 'short_volume': 150676, 'short_volume_ratio': '0.6067298076412544263982062670'}, {'total_volume': 298951, 'market_date': '2026-05-29', 'short_volume': 178866, 'short_volume_ratio': '0.5983128242472687929768370555'}, {'total_volume': 394885, 'market_date': '2026-05-28', 'short_volume': 216855, 'short_volume_ratio': '0.5491604339190161982387664169'}, {'total_volume': 117896, 'market_date': '2026-05-27', 'short_volume': 64937, 'short_volume_ratio': '0.5507957861613756939926231823'}, {'total_volume': 249295, 'market_date': '2026-05-26', 'short_volume': 164683, 'short_volume_ratio': '0.6605931461054738570891145910'}, {'total_volume': 335774, 'market_date': '2026-05-22', 'short_volume': 194640, 'short_volume_ratio': '0.5796757312000779779771649132'}, {'total_volume': 190941, 'market_date': '2026-05-21', 'short_volume': 103439, 'short_volume_ratio': '0.5417337469651364800445748392'}, {'total_volume': 273049, 'market_date': '2026-05-20', 'short_volume': 123306, 'short_volume_ratio': '0.4515905709047845968747615613'}, {'total_volume': 126143, 'market_date': '2026-05-19', 'short_volume': 70267, 'short_volume_ratio': '0.5570415265660457391623246807'}, {'total_volume': 189090, 'market_date': '2026-05-18', 'short_volume': 101156, 'short_volume_ratio': '0.5349618957308187300072660930'}, {'total_volume': 155826, 'market_date': '2026-05-15', 'short_volume': 76620, 'short_volume_ratio': '0.4917027745282553232771777617'}, {'total_volume': 217764, 'market_date': '2026-05-14', 'short_volume': 114216, 'short_volume_ratio': '0.5244961273422600618132709072'}, {'total_volume': 176277, 'market_date': '2026-05-13', 'short_volume': 89091, 'short_volume_ratio': '0.5054022594733892842713221848'}, {'total_volume': 252192, 'market_date': '2026-05-12', 'short_volume': 102281, 'short_volume_ratio': '0.4055679434534873931738804256'}, {'total_volume': 183959, 'market_date': '2026-05-11', 'short_volume': 96896, 'short_volume_ratio': '0.5267256986600527004027480167'}, {'total_volume': 166526, 'market_date': '2026-05-08', 'short_volume': 96967, 'short_volume_ratio': '0.5822941516087415552368374216'}, {'total_volume': 151818, 'market_date': '2026-05-07', 'short_volume': 88029, 'short_volume_ratio': '0.5798367971144544602453821384'}, {'total_volume': 165901, 'market_date': '2026-05-06', 'short_volume': 93749, 'short_volume_ratio': '0.5650870246967739207270220703'}, {'total_volume': 171199, 'market_date': '2026-05-05', 'short_volume': 92974, 'short_volume_ratio': '0.5430761227809651921305765504'}, {'total_volume': 116162, 'market_date': '2026-05-04', 'short_volume': 50854, 'short_volume_ratio': '0.4377855705586983325350503874'}, {'total_volume': 160406, 'market_date': '2026-05-01', 'short_volume': 88581, 'short_volume_ratio': '0.5522316779936872944802810696'}, {'total_volume': 233076, 'market_date': '2026-04-30', 'short_volume': 128769, 'short_volume_ratio': '0.5524756945254263335372361920'}, {'total_volume': 160697, 'market_date': '2026-04-29', 'short_volume': 83781, 'short_volume_ratio': '0.5213595592482227454259075862'}, {'total_volume': 261943, 'market_date': '2026-04-28', 'short_volume': 142021, 'short_volume_ratio': '0.5421832116057659123278216755'}, {'total_volume': 201580, 'market_date': '2026-04-27', 'short_volume': 113483, 'short_volume_ratio': '0.5629648235031449791044148638'}, {'total_volume': 209751, 'market_date': '2026-04-24', 'short_volume': 111905, 'short_volume_ratio': '0.5335126758881424481442587250'}, {'total_volume': 134695, 'market_date': '2026-04-23', 'short_volume': 73772, 'short_volume_ratio': '0.5476938673312813559617890091'}, {'total_volume': 159082, 'market_date': '2026-04-22', 'short_volume': 85383, 'short_volume_ratio': '0.5367262656945028942082032054'}, {'total_volume': 90955, 'market_date': '2026-04-21', 'short_volume': 53106, 'short_volume_ratio': '0.5838681318980141599839131976'}, {'total_volume': 185791, 'market_date': '2026-04-20', 'short_volume': 103293, 'short_volume_ratio': '0.5559661840454505741661413660'}, {'total_volume': 132824, 'market_date': '2026-04-17', 'short_volume': 74769, 'short_volume_ratio': '0.5629215653433245442578072011'}, {'total_volume': 185833, 'market_date': '2026-04-16', 'short_volume': 119832, 'short_volume_ratio': '0.6448360907611019395795608852'}, {'total_volume': 109832, 'market_date': '2026-04-15', 'short_volume': 55137, 'short_volume_ratio': '0.5020131493971575762334335755'}, {'total_volume': 130175, 'market_date': '2026-04-14', 'short_volume': 57389, 'short_volume_ratio': '0.4408594734703278368726502228'}, {'total_volume': 131634, 'market_date': '2026-04-13', 'short_volume': 55485, 'short_volume_ratio': '0.4215123717050985786115565580'}, {'total_volume': 130442, 'market_date': '2026-04-10', 'short_volume': 75187, 'short_volume_ratio': '0.5763997482548829395392258424'}, {'total_volume': 101714, 'market_date': '2026-04-09', 'short_volume': 56907, 'short_volume_ratio': '0.5594817518596193022087627575'}, {'total_volume': 63037, 'market_date': '2026-04-08', 'short_volume': 29964, 'short_volume_ratio': '0.4753456256326614419705192778'}, {'total_volume': 22160, 'market_date': '2026-04-07', 'short_volume': 13840, 'short_volume_ratio': '0.6245569800912833714008271614'}, {'total_volume': 19145, 'market_date': '2026-04-06', 'short_volume': 9963, 'short_volume_ratio': '0.5203933710355856271602006005'}, {'total_volume': 26426, 'market_date': '2026-04-02', 'short_volume': 13004, 'short_volume_ratio': '0.4921126896920408110543887065'}, {'total_volume': 31865, 'market_date': '2026-04-01', 'short_volume': 15970, 'short_volume_ratio': '0.5011937032013837612105894213'}, {'total_volume': 33141, 'market_date': '2026-03-31', 'short_volume': 15874, 'short_volume_ratio': '0.4789827717842721382879397822'}, {'total_volume': 36767, 'market_date': '2026-03-30', 'short_volume': 14579, 'short_volume_ratio': '0.3965297611907252772338092756'}, {'total_volume': 48033, 'market_date': '2026-03-27', 'short_volume': 12223, 'short_volume_ratio': '0.2544748050769401930810939581'}, {'total_volume': 35707, 'market_date': '2026-03-26', 'short_volume': 15844, 'short_volume_ratio': '0.4437255951219238476698835535'}, {'total_volume': 35761, 'market_date': '2026-03-25', 'short_volume': 19145, 'short_volume_ratio': '0.5353643769171621162771593018'}, {'total_volume': 30855, 'market_date': '2026-03-24', 'short_volume': 13225, 'short_volume_ratio': '0.4286212792191495197693596130'}, {'total_volume': 39708, 'market_date': '2026-03-23', 'short_volume': 18863, 'short_volume_ratio': '0.4750430577731845325149779389'}, {'total_volume': 50383, 'market_date': '2026-03-20', 'short_volume': 24225, 'short_volume_ratio': '0.4808174931064316840981335577'}, {'total_volume': 58391, 'market_date': '2026-03-19', 'short_volume': 27612, 'short_volume_ratio': '0.4728816757372585301133467956'}, {'total_volume': 35495, 'market_date': '2026-03-18', 'short_volume': 18677, 'short_volume_ratio': '0.5261741535677509457079293815'}, {'total_volume': 39020, 'market_date': '2026-03-17', 'short_volume': 19068, 'short_volume_ratio': '0.4886679552113496308379872199'}, {'total_volume': 43840, 'market_date': '2026-03-16', 'short_volume': 20960, 'short_volume_ratio': '0.4781074461402408510196382161'}, {'total_volume': 38848, 'market_date': '2026-03-13', 'short_volume': 23079, 'short_volume_ratio': '0.5940862150367083660531670486'}, {'total_volume': 32971, 'market_date': '2026-03-12', 'short_volume': 20605, 'short_volume_ratio': '0.6249251398159531161380344004'}, {'total_volume': 35919, 'market_date': '2026-03-11', 'short_volume': 25420, 'short_volume_ratio': '0.7077017952502590084149861346'}, {'total_volume': 36398, 'market_date': '2026-03-10', 'short_volume': 21691, 'short_volume_ratio': '0.5959329467137965878275534094'}, {'total_volume': 41094, 'market_date': '2026-03-09', 'short_volume': 27021, 'short_volume_ratio': '0.6575292851341608342645901676'}, {'total_volume': 27129, 'market_date': '2026-03-06', 'short_volume': 16939, 'short_volume_ratio': '0.6243916771388024635479269584'}, {'total_volume': 56388, 'market_date': '2026-03-05', 'short_volume': 37670, 'short_volume_ratio': '0.6680554876714507141127057181'}, {'total_volume': 50058, 'market_date': '2026-03-04', 'short_volume': 31109, 'short_volume_ratio': '0.6214492246099817117781262530'}, {'total_volume': 106771, 'market_date': '2026-03-03', 'short_volume': 68274, 'short_volume_ratio': '0.6394429364137325668822146836'}, {'total_volume': 101806, 'market_date': '2026-03-02', 'short_volume': 59601, 'short_volume_ratio': '0.5854375116031142578059215608'}, {'total_volume': 39103, 'market_date': '2026-02-27', 'short_volume': 17265, 'short_volume_ratio': '0.4415118031357830655925235521'}, {'total_volume': 37988, 'market_date': '2026-02-26', 'short_volume': 12577, 'short_volume_ratio': '0.3310921280581207043930189247'}, {'total_volume': 46926, 'market_date': '2026-02-25', 'short_volume': 19376, 'short_volume_ratio': '0.4129078628554886851619374487'}, {'total_volume': 31025, 'market_date': '2026-02-24', 'short_volume': 13235, 'short_volume_ratio': '0.4265884943883202728526710778'}, {'total_volume': 40322, 'market_date': '2026-02-23', 'short_volume': 23982, 'short_volume_ratio': '0.5947482230090337507794180752'}, {'total_volume': 36384, 'market_date': '2026-02-20', 'short_volume': 21664, 'short_volume_ratio': '0.5954265611257695690413368514'}, {'total_volume': 37090, 'market_date': '2026-02-19', 'short_volume': 15579, 'short_volume_ratio': '0.4200323537341601509840927474'}, {'total_volume': 28330, 'market_date': '2026-02-18', 'short_volume': 18673, 'short_volume_ratio': '0.6591246028944581715495940699'}, {'total_volume': 40003, 'market_date': '2026-02-17', 'short_volume': 29756, 'short_volume_ratio': '0.7438442116841236907231957603'}, {'total_volume': 30121, 'market_date': '2026-02-13', 'short_volume': 15721, 'short_volume_ratio': '0.5219282228345672454433783739'}, {'total_volume': 49466, 'market_date': '2026-02-12', 'short_volume': 27742, 'short_volume_ratio': '0.5608296607770994218250919824'}, {'total_volume': 31782, 'market_date': '2026-02-11', 'short_volume': 17624, 'short_volume_ratio': '0.5545277200931344786357057454'}, {'total_volume': 34456, 'market_date': '2026-02-10', 'short_volume': 21295, 'short_volume_ratio': '0.6180345948456001857441374507'}, {'total_volume': 41488, 'market_date': '2026-02-09', 'short_volume': 24325, 'short_volume_ratio': '0.5863141149247975318164288469'}, {'total_volume': 51619, 'market_date': '2026-02-06', 'short_volume': 27047, 'short_volume_ratio': '0.5239737306030725120595129700'}, {'total_volume': 60256, 'market_date': '2026-02-05', 'short_volume': 26159, 'short_volume_ratio': '0.4341310408921933085501858736'}, {'total_volume': 71666, 'market_date': '2026-02-04', 'short_volume': 40641, 'short_volume_ratio': '0.5670889961767086205453073982'}, {'total_volume': 55726, 'market_date': '2026-02-03', 'short_volume': 23897, 'short_volume_ratio': '0.4288303484908301331514912249'}, {'total_volume': 63429, 'market_date': '2026-02-02', 'short_volume': 41311, 'short_volume_ratio': '0.6512951489066515316337952671'}, {'total_volume': 49278, 'market_date': '2026-01-30', 'short_volume': 35380, 'short_volume_ratio': '0.7179674499776776654896708470'}, {'total_volume': 50527, 'market_date': '2026-01-29', 'short_volume': 27178, 'short_volume_ratio': '0.5378906327310151008371761632'}, {'total_volume': 42704, 'market_date': '2026-01-28', 'short_volume': 22724, 'short_volume_ratio': '0.5321281378793555638816035969'}, {'total_volume': 47226, 'market_date': '2026-01-27', 'short_volume': 30219, 'short_volume_ratio': '0.6398805742599415576165671452'}, {'total_volume': 67059, 'market_date': '2026-01-26', 'short_volume': 45453, 'short_volume_ratio': '0.6778061110365499038160425894'}, {'total_volume': 59473, 'market_date': '2026-01-23', 'short_volume': 36017, 'short_volume_ratio': '0.6056025423301330015301060986'}, {'total_volume': 63776, 'market_date': '2026-01-22', 'short_volume': 45689, 'short_volume_ratio': '0.7163980180632212744606121425'}, {'total_volume': 88862, 'market_date': '2026-01-21', 'short_volume': 61041, 'short_volume_ratio': '0.6869190430105106794805428642'}, {'total_volume': 90662, 'market_date': '2026-01-20', 'short_volume': 62432, 'short_volume_ratio': '0.6886236791599567624804217864'}, {'total_volume': 51944, 'market_date': '2026-01-16', 'short_volume': 31445, 'short_volume_ratio': '0.6053634683505313414446326813'}, {'total_volume': 55733, 'market_date': '2026-01-15', 'short_volume': 30807, 'short_volume_ratio': '0.5527604830172429260940555865'}, {'total_volume': 41816, 'market_date': '2026-01-14', 'short_volume': 12534, 'short_volume_ratio': '0.2997417256552515783432179070'}, {'total_volume': 39725, 'market_date': '2026-01-13', 'short_volume': 19192, 'short_volume_ratio': '0.4831214600377595972309628697'}, {'total_volume': 93627, 'market_date': '2026-01-12', 'short_volume': 46070, 'short_volume_ratio': '0.4920589146293270103709400066'}, {'total_volume': 100200, 'market_date': '2026-01-09', 'short_volume': 27293, 'short_volume_ratio': '0.2723852295409181636726546906'}, {'total_volume': 87924, 'market_date': '2026-01-08', 'short_volume': 24140, 'short_volume_ratio': '0.2745552977571539056457849961'}, {'total_volume': 163983, 'market_date': '2026-01-07', 'short_volume': 53621, 'short_volume_ratio': '0.3269912125037351432770470110'}, {'total_volume': 60836, 'market_date': '2026-01-06', 'short_volume': 24566, 'short_volume_ratio': '0.4038069564073903609704780064'}, {'total_volume': 51642, 'market_date': '2026-01-05', 'short_volume': 21550, 'short_volume_ratio': '0.4172959993803493280663026219'}, {'total_volume': 68736, 'market_date': '2026-01-02', 'short_volume': 24862, 'short_volume_ratio': '0.3617027467411545623836126629'}, {'total_volume': 25683, 'market_date': '2025-12-31', 'short_volume': 14056, 'short_volume_ratio': '0.5472880893976560370673207959'}, {'total_volume': 35495, 'market_date': '2025-12-30', 'short_volume': 16749, 'short_volume_ratio': '0.4718692773630088744893646993'}, {'total_volume': 50103, 'market_date': '2025-12-29', 'short_volume': 31851, 'short_volume_ratio': '0.6357104365008083348302496856'}, {'total_volume': 20333, 'market_date': '2025-12-26', 'short_volume': 11689, 'short_volume_ratio': '0.5748782766930605419760979688'}, {'total_volume': 37084, 'market_date': '2025-12-24', 'short_volume': 19197, 'short_volume_ratio': '0.5176626038183583216481501456'}, {'total_volume': 65393, 'market_date': '2025-12-23', 'short_volume': 44244, 'short_volume_ratio': '0.6765861789488171516829018396'}, {'total_volume': 42722, 'market_date': '2025-12-22', 'short_volume': 19552, 'short_volume_ratio': '0.4576564767567061467159777164'}, {'total_volume': 66214, 'market_date': '2025-12-19', 'short_volume': 29531, 'short_volume_ratio': '0.4459932944694475488567372459'}, {'total_volume': 101360, 'market_date': '2025-12-18', 'short_volume': 50868, 'short_volume_ratio': '0.5018547750591949486977111287'}, {'total_volume': 65202, 'market_date': '2025-12-17', 'short_volume': 22343, 'short_volume_ratio': '0.3426735376215453513695898899'}, {'total_volume': 64529, 'market_date': '2025-12-16', 'short_volume': 32348, 'short_volume_ratio': '0.5012939918486261990732848797'}, {'total_volume': 79391, 'market_date': '2025-12-15', 'short_volume': 34299, 'short_volume_ratio': '0.4320263002103512992656598355'}, {'total_volume': 54943, 'market_date': '2025-12-12', 'short_volume': 30689, 'short_volume_ratio': '0.5585606901698123509819267241'}, {'total_volume': 121651, 'market_date': '2025-12-11', 'short_volume': 66441, 'short_volume_ratio': '0.5461607385060542042399980271'}, {'total_volume': 107480, 'market_date': '2025-12-10', 'short_volume': 43840, 'short_volume_ratio': '0.4078898399702270189802754001'}, {'total_volume': 140485, 'market_date': '2025-12-09', 'short_volume': 80819, 'short_volume_ratio': '0.5752856176816030181158130761'}, {'total_volume': 71926, 'market_date': '2025-12-08', 'short_volume': 28647, 'short_volume_ratio': '0.3982843478019075160581708979'}, {'total_volume': 35536, 'market_date': '2025-12-05', 'short_volume': 14244, 'short_volume_ratio': '0.4008329581269698334083746060'}, {'total_volume': 34998, 'market_date': '2025-12-04', 'short_volume': 17001, 'short_volume_ratio': '0.4857706154637407851877250129'}, {'total_volume': 33378, 'market_date': '2025-12-03', 'short_volume': 17907, 'short_volume_ratio': '0.5364911019234226136976451555'}, {'total_volume': 54433, 'market_date': '2025-12-02', 'short_volume': 33607, 'short_volume_ratio': '0.6174012088255286315286682711'}, {'total_volume': 31096, 'market_date': '2025-12-01', 'short_volume': 16538, 'short_volume_ratio': '0.5318368922047851813738101364'}, {'total_volume': 17477, 'market_date': '2025-11-28', 'short_volume': 7474, 'short_volume_ratio': '0.4276477656348343537220346741'}, {'total_volume': 22331, 'market_date': '2025-11-26', 'short_volume': 12639, 'short_volume_ratio': '0.5659845058438941381935426089'}, {'total_volume': 36872, 'market_date': '2025-11-25', 'short_volume': 17875, 'short_volume_ratio': '0.4847852028639618138424821002'}, {'total_volume': 34987, 'market_date': '2025-11-24', 'short_volume': 20075, 'short_volume_ratio': '0.5737845485466030239803355532'}, {'total_volume': 37430, 'market_date': '2025-11-21', 'short_volume': 19869, 'short_volume_ratio': '0.5308308843173924659364146407'}, {'total_volume': 39878, 'market_date': '2025-11-20', 'short_volume': 22259, 'short_volume_ratio': '0.5581774411956467225036360901'}, {'total_volume': 33830, 'market_date': '2025-11-19', 'short_volume': 17013, 'short_volume_ratio': '0.5028968371268105232042565770'}, {'total_volume': 33780, 'market_date': '2025-11-18', 'short_volume': 18256, 'short_volume_ratio': '0.5404381290704558910597986975'}, {'total_volume': 43670, 'market_date': '2025-11-17', 'short_volume': 22325, 'short_volume_ratio': '0.5112205175177467368903137165'}, {'total_volume': 43860, 'market_date': '2025-11-14', 'short_volume': 23991, 'short_volume_ratio': '0.5469904240766073871409028728'}, {'total_volume': 34184, 'market_date': '2025-11-13', 'short_volume': 19853, 'short_volume_ratio': '0.5807687807161245026913175755'}, {'total_volume': 30243, 'market_date': '2025-11-12', 'short_volume': 16458, 'short_volume_ratio': '0.5441920444400357107429818470'}, {'total_volume': 23099, 'market_date': '2025-11-11', 'short_volume': 9847, 'short_volume_ratio': '0.4262955106281657214598034547'}, {'total_volume': 33078, 'market_date': '2025-11-10', 'short_volume': 15597, 'short_volume_ratio': '0.4715218574278976963540721930'}, {'total_volume': 33130, 'market_date': '2025-11-07', 'short_volume': 19502, 'short_volume_ratio': '0.5886507696951403561726531844'}, {'total_volume': 39684, 'market_date': '2025-11-06', 'short_volume': 16343, 'short_volume_ratio': '0.4118284447132345529684507610'}, {'total_volume': 41356, 'market_date': '2025-11-05', 'short_volume': 16377, 'short_volume_ratio': '0.3960005803269174968565625302'}, {'total_volume': 54402, 'market_date': '2025-11-04', 'short_volume': 27553, 'short_volume_ratio': '0.5064703503547663688834969303'}, {'total_volume': 88970, 'market_date': '2025-11-03', 'short_volume': 46769, 'short_volume_ratio': '0.5256715746880971113858604024'}, {'total_volume': 50937, 'market_date': '2025-10-31', 'short_volume': 30914, 'short_volume_ratio': '0.6069065708620452716100280739'}, {'total_volume': 40499, 'market_date': '2025-10-30', 'short_volume': 25892, 'short_volume_ratio': '0.6393244277636484851477814267'}, {'total_volume': 49927, 'market_date': '2025-10-29', 'short_volume': 31703, 'short_volume_ratio': '0.6349870811384621547459290564'}, {'total_volume': 50513, 'market_date': '2025-10-28', 'short_volume': 32100, 'short_volume_ratio': '0.6354799754518638766258190961'}, {'total_volume': 49578, 'market_date': '2025-10-27', 'short_volume': 26524, 'short_volume_ratio': '0.5349953608455363265964742426'}, {'total_volume': 46720, 'market_date': '2025-10-24', 'short_volume': 26430, 'short_volume_ratio': '0.5657106164383561643835616438'}, {'total_volume': 130976, 'market_date': '2025-10-23', 'short_volume': 86128, 'short_volume_ratio': '0.6575861226484241387735157586'}, {'total_volume': 29439, 'market_date': '2025-10-22', 'short_volume': 15242, 'short_volume_ratio': '0.5177485648289683752844865654'}, {'total_volume': 35185, 'market_date': '2025-10-21', 'short_volume': 19262, 'short_volume_ratio': '0.5474491971010373738809151627'}, {'total_volume': 48148, 'market_date': '2025-10-20', 'short_volume': 22549, 'short_volume_ratio': '0.4683268256210019107751100773'}, {'total_volume': 42747, 'market_date': '2025-10-17', 'short_volume': 20083, 'short_volume_ratio': '0.4698107469530025498865417456'}, {'total_volume': 29824, 'market_date': '2025-10-16', 'short_volume': 14722, 'short_volume_ratio': '0.4936292918454935622317596567'}, {'total_volume': 48565, 'market_date': '2025-10-15', 'short_volume': 24440, 'short_volume_ratio': '0.5032430762895089055904457943'}, {'total_volume': 36405, 'market_date': '2025-10-14', 'short_volume': 18287, 'short_volume_ratio': '0.5023211097376733965114682049'}, {'total_volume': 33129, 'market_date': '2025-10-13', 'short_volume': 18555, 'short_volume_ratio': '0.5600833106945576383229194965'}, {'total_volume': 54368, 'market_date': '2025-10-10', 'short_volume': 30843, 'short_volume_ratio': '0.5673006180105944673337257210'}, {'total_volume': 64907, 'market_date': '2025-10-09', 'short_volume': 28493, 'short_volume_ratio': '0.4389819279892769655044910410'}, {'total_volume': 34044, 'market_date': '2025-10-08', 'short_volume': 19352, 'short_volume_ratio': '0.5684408412642462695335448243'}, {'total_volume': 39779, 'market_date': '2025-10-07', 'short_volume': 21952, 'short_volume_ratio': '0.5518489655345785464692425652'}, {'total_volume': 50377, 'market_date': '2025-10-06', 'short_volume': 33034, 'short_volume_ratio': '0.6557357524267026619290549259'}, {'total_volume': 26961, 'market_date': '2025-10-03', 'short_volume': 14251, 'short_volume_ratio': '0.5285783168280108304588108750'}, {'total_volume': 47004, 'market_date': '2025-10-02', 'short_volume': 29565, 'short_volume_ratio': '0.6289890222108756701557314271'}, {'total_volume': 46422, 'market_date': '2025-10-01', 'short_volume': 22535, 'short_volume_ratio': '0.4854379389082762483305329370'}, {'total_volume': 37406, 'market_date': '2025-09-30', 'short_volume': 21735, 'short_volume_ratio': '0.5810565149975939688819975405'}, {'total_volume': 43641, 'market_date': '2025-09-29', 'short_volume': 24483, 'short_volume_ratio': '0.5610091427785797758988107514'}, {'total_volume': 36382, 'market_date': '2025-09-26', 'short_volume': 23222, 'short_volume_ratio': '0.6382826672530372162058160629'}, {'total_volume': 59924, 'market_date': '2025-09-25', 'short_volume': 28388, 'short_volume_ratio': '0.4737333956344703290835057740'}, {'total_volume': 60248, 'market_date': '2025-09-24', 'short_volume': 41320, 'short_volume_ratio': '0.6858318948346833089895100252'}, {'total_volume': 91116, 'market_date': '2025-09-23', 'short_volume': 58427, 'short_volume_ratio': '0.6412375433513323675314983098'}, {'total_volume': 59425, 'market_date': '2025-09-22', 'short_volume': 36991, 'short_volume_ratio': '0.6224821203197307530500631048'}, {'total_volume': 49038, 'market_date': '2025-09-19', 'short_volume': 33421, 'short_volume_ratio': '0.6815326889351115461478853134'}, {'total_volume': 70393, 'market_date': '2025-09-18', 'short_volume': 51018, 'short_volume_ratio': '0.7247595641612092111431534386'}, {'total_volume': 45754, 'market_date': '2025-09-17', 'short_volume': 26547, 'short_volume_ratio': '0.5802115662018621322725881890'}, {'total_volume': 54248, 'market_date': '2025-09-16', 'short_volume': 32352, 'short_volume_ratio': '0.5963722164872437693555522784'}, {'total_volume': 64631, 'market_date': '2025-09-15', 'short_volume': 32256, 'short_volume_ratio': '0.4990793891476226578576843929'}, {'total_volume': 35146, 'market_date': '2025-09-12', 'short_volume': 21201, 'short_volume_ratio': '0.6032265407158709383713651625'}, {'total_volume': 63249, 'market_date': '2025-09-11', 'short_volume': 33497, 'short_volume_ratio': '0.5296052111495833926228082657'}, {'total_volume': 34225, 'market_date': '2025-09-10', 'short_volume': 22342, 'short_volume_ratio': '0.6527976625273922571219868517'}, {'total_volume': 39529, 'market_date': '2025-09-09', 'short_volume': 25675, 'short_volume_ratio': '0.6495231349136077310329125452'}, {'total_volume': 42461, 'market_date': '2025-09-08', 'short_volume': 24912, 'short_volume_ratio': '0.5867030922493582346152940345'}, {'total_volume': 40087, 'market_date': '2025-09-05', 'short_volume': 20010, 'short_volume_ratio': '0.4991643176091999900217027964'}, {'total_volume': 27402, 'market_date': '2025-09-04', 'short_volume': 16179, 'short_volume_ratio': '0.5904313553755200350339391285'}, {'total_volume': 33415, 'market_date': '2025-09-03', 'short_volume': 15158, 'short_volume_ratio': '0.4536286099057309591500822984'}, {'total_volume': 37539, 'market_date': '2025-09-02', 'short_volume': 18991, 'short_volume_ratio': '0.5059005301153467060923306428'}, {'total_volume': 28188, 'market_date': '2025-08-29', 'short_volume': 14860, 'short_volume_ratio': '0.5271746842628068681708528452'}, {'total_volume': 27703, 'market_date': '2025-08-28', 'short_volume': 14768, 'short_volume_ratio': '0.5330830595964335992491787893'}, {'total_volume': 43333, 'market_date': '2025-08-27', 'short_volume': 23509, 'short_volume_ratio': '0.5425195578427526365587427596'}, {'total_volume': 38089, 'market_date': '2025-08-26', 'short_volume': 23642, 'short_volume_ratio': '0.6207041403029746120927301846'}, {'total_volume': 38039, 'market_date': '2025-08-25', 'short_volume': 19116, 'short_volume_ratio': '0.5025368700544178343279266016'}, {'total_volume': 46634, 'market_date': '2025-08-22', 'short_volume': 24152, 'short_volume_ratio': '0.5179053909164986919415019085'}, {'total_volume': 33027, 'market_date': '2025-08-21', 'short_volume': 18338, 'short_volume_ratio': '0.5552426802313258848820661883'}, {'total_volume': 40183, 'market_date': '2025-08-20', 'short_volume': 27634, 'short_volume_ratio': '0.6877037553194136824030062464'}, {'total_volume': 31750, 'market_date': '2025-08-19', 'short_volume': 19582, 'short_volume_ratio': '0.6167559055118110236220472441'}, {'total_volume': 59365, 'market_date': '2025-08-18', 'short_volume': 43771, 'short_volume_ratio': '0.7373199696791038490693169376'}, {'total_volume': 34763, 'market_date': '2025-08-15', 'short_volume': 19891, 'short_volume_ratio': '0.5721888214480913615050484711'}, {'total_volume': 29868, 'market_date': '2025-08-14', 'short_volume': 12352, 'short_volume_ratio': '0.4135529663854292219097361725'}, {'total_volume': 33578, 'market_date': '2025-08-13', 'short_volume': 17283, 'short_volume_ratio': '0.5147120138185716838406099232'}, {'total_volume': 37254, 'market_date': '2025-08-12', 'short_volume': 21119, 'short_volume_ratio': '0.5668921458098459225854941751'}, {'total_volume': 35627, 'market_date': '2025-08-11', 'short_volume': 21276, 'short_volume_ratio': '0.5971875263143121789653914166'}, {'total_volume': 31258, 'market_date': '2025-08-08', 'short_volume': 16403, 'short_volume_ratio': '0.5247616610147802162646362531'}, {'total_volume': 27774, 'market_date': '2025-08-07', 'short_volume': 16205, 'short_volume_ratio': '0.5834593504716641463239000504'}, {'total_volume': 50913, 'market_date': '2025-08-06', 'short_volume': 27734, 'short_volume_ratio': '0.5447331722742717969870170683'}, {'total_volume': 59538, 'market_date': '2025-08-05', 'short_volume': 33767, 'short_volume_ratio': '0.5671503913467029460176693876'}, {'total_volume': 44126, 'market_date': '2025-08-04', 'short_volume': 30223, 'short_volume_ratio': '0.6849249875356932420794996147'}, {'total_volume': 33424, 'market_date': '2025-08-01', 'short_volume': 21286, 'short_volume_ratio': '0.6368477740545715653422690282'}, {'total_volume': 43555, 'market_date': '2025-07-31', 'short_volume': 23843, 'short_volume_ratio': '0.5474227987601882677074962691'}, {'total_volume': 35378, 'market_date': '2025-07-30', 'short_volume': 19350, 'short_volume_ratio': '0.5469500819718469105093560970'}, {'total_volume': 57231, 'market_date': '2025-07-29', 'short_volume': 41862, 'short_volume_ratio': '0.7314567279970645279656130419'}, {'total_volume': 27667, 'market_date': '2025-07-28', 'short_volume': 16765, 'short_volume_ratio': '0.6059565547403043336827267141'}, {'total_volume': 31579, 'market_date': '2025-07-25', 'short_volume': 17857, 'short_volume_ratio': '0.5654707242154596409005984990'}, {'total_volume': 66875, 'market_date': '2025-07-24', 'short_volume': 42539, 'short_volume_ratio': '0.6360971962616822429906542056'}, {'total_volume': 32810, 'market_date': '2025-07-23', 'short_volume': 21265, 'short_volume_ratio': '0.6481255714721121609265467845'}, {'total_volume': 35968, 'market_date': '2025-07-22', 'short_volume': 20598, 'short_volume_ratio': '0.5726757117437722419928825623'}, {'total_volume': 35591, 'market_date': '2025-07-21', 'short_volume': 21274, 'short_volume_ratio': '0.5977353825405299092467196763'}, {'total_volume': 36798, 'market_date': '2025-07-18', 'short_volume': 22922, 'short_volume_ratio': '0.6229142888200445676395456275'}, {'total_volume': 33065, 'market_date': '2025-07-17', 'short_volume': 19020, 'short_volume_ratio': '0.5752306063813700287312868592'}, {'total_volume': 29909, 'market_date': '2025-07-16', 'short_volume': 18747, 'short_volume_ratio': '0.6268012972683807549567019961'}, {'total_volume': 24655, 'market_date': '2025-07-15', 'short_volume': 14590, 'short_volume_ratio': '0.5917663759886432772257148651'}, {'total_volume': 48076, 'market_date': '2025-07-14', 'short_volume': 21951, 'short_volume_ratio': '0.4565895665196771778018137948'}, {'total_volume': 37618, 'market_date': '2025-07-11', 'short_volume': 19983, 'short_volume_ratio': '0.5312084640331756074219788399'}, {'total_volume': 27991, 'market_date': '2025-07-10', 'short_volume': 12226, 'short_volume_ratio': '0.4367832517594941231109999643'}, {'total_volume': 26766, 'market_date': '2025-07-09', 'short_volume': 18147, 'short_volume_ratio': '0.6779869984308451019950683703'}, {'total_volume': 32392, 'market_date': '2025-07-08', 'short_volume': 21677, 'short_volume_ratio': '0.6692084465300074092368486046'}, {'total_volume': 46534, 'market_date': '2025-07-07', 'short_volume': 29953, 'short_volume_ratio': '0.6436798899729230240254437616'}, {'total_volume': 26373, 'market_date': '2025-07-03', 'short_volume': 19303, 'short_volume_ratio': '0.7319227998331627042808933379'}, {'total_volume': 47953, 'market_date': '2025-07-02', 'short_volume': 32571, 'short_volume_ratio': '0.6792275770024815965633015661'}, {'total_volume': 57717, 'market_date': '2025-07-01', 'short_volume': 32272, 'short_volume_ratio': '0.5591420205485385588301540274'}, {'total_volume': 61240, 'market_date': '2025-06-30', 'short_volume': 40527, 'short_volume_ratio': '0.6617733507511430437622468975'}, {'total_volume': 55647, 'market_date': '2025-06-27', 'short_volume': 38153, 'short_volume_ratio': '0.6856254604920301184250723309'}, {'total_volume': 69588, 'market_date': '2025-06-26', 'short_volume': 43902, 'short_volume_ratio': '0.6308846352819451629591308846'}, {'total_volume': 87958, 'market_date': '2025-06-25', 'short_volume': 29816, 'short_volume_ratio': '0.3389799677118624798199140499'}, {'total_volume': 62708, 'market_date': '2025-06-24', 'short_volume': 34990, 'short_volume_ratio': '0.5579830324679466734706895452'}, {'total_volume': 60382, 'market_date': '2025-06-23', 'short_volume': 32860, 'short_volume_ratio': '0.5442019144778245172402371568'}, {'total_volume': 50762, 'market_date': '2025-06-20', 'short_volume': 37458, 'short_volume_ratio': '0.7379141877782593278436625822'}, {'total_volume': 53871, 'market_date': '2025-06-18', 'short_volume': 37471, 'short_volume_ratio': '0.6955690445694343895602457723'}, {'total_volume': 54532, 'market_date': '2025-06-17', 'short_volume': 42211, 'short_volume_ratio': '0.7740592679527616812146996259'}, {'total_volume': 53710, 'market_date': '2025-06-16', 'short_volume': 35396, 'short_volume_ratio': '0.6590206665425432880283001303'}, {'total_volume': 41836, 'market_date': '2025-06-13', 'short_volume': 28129, 'short_volume_ratio': '0.6723635146763552920929343149'}, {'total_volume': 60719, 'market_date': '2025-06-12', 'short_volume': 37807, 'short_volume_ratio': '0.6226551820682158797081638367'}, {'total_volume': 46361, 'market_date': '2025-06-11', 'short_volume': 29313, 'short_volume_ratio': '0.6322771294838333944479195876'}, {'total_volume': 64719, 'market_date': '2025-06-10', 'short_volume': 39396, 'short_volume_ratio': '0.6087238677977101005886988365'}, {'total_volume': 56030, 'market_date': '2025-06-09', 'short_volume': 45180, 'short_volume_ratio': '0.8063537390683562377297876138'}, {'total_volume': 32121, 'market_date': '2025-06-06', 'short_volume': 21058, 'short_volume_ratio': '0.6555835746085115656424146197'}, {'total_volume': 25492, 'market_date': '2025-06-05', 'short_volume': 16378, 'short_volume_ratio': '0.6424760709242115173387729484'}, {'total_volume': 32744, 'market_date': '2025-06-04', 'short_volume': 19313, 'short_volume_ratio': '0.5898179819203518201807964818'}, {'total_volume': 29135, 'market_date': '2025-06-03', 'short_volume': 18457, 'short_volume_ratio': '0.6334992277329672215548309593'}, {'total_volume': 52561, 'market_date': '2025-06-02', 'short_volume': 32413, 'short_volume_ratio': '0.6166739597800650672551892087'}, {'total_volume': 38616, 'market_date': '2025-05-30', 'short_volume': 26361, 'short_volume_ratio': '0.6826444996892479801118707272'}, {'total_volume': 45605, 'market_date': '2025-05-29', 'short_volume': 24922, 'short_volume_ratio': '0.5464751671965793224427146146'}, {'total_volume': 62009, 'market_date': '2025-05-28', 'short_volume': 35336, 'short_volume_ratio': '0.5698527633085519843893628344'}, {'total_volume': 113784, 'market_date': '2025-05-27', 'short_volume': 63681, 'short_volume_ratio': '0.5596656823454967306475427125'}, {'total_volume': 46522, 'market_date': '2025-05-23', 'short_volume': 18973, 'short_volume_ratio': '0.4078285542324061734233265982'}, {'total_volume': 39235, 'market_date': '2025-05-22', 'short_volume': 21671, 'short_volume_ratio': '0.5523384733018988148336944055'}, {'total_volume': 36458, 'market_date': '2025-05-21', 'short_volume': 22468, 'short_volume_ratio': '0.6162707773328213286521476768'}, {'total_volume': 37516, 'market_date': '2025-05-20', 'short_volume': 19926, 'short_volume_ratio': '0.5311333830898816504957884636'}, {'total_volume': 54171, 'market_date': '2025-05-19', 'short_volume': 26662, 'short_volume_ratio': '0.4921821638884273873474737406'}, {'total_volume': 31303, 'market_date': '2025-05-16', 'short_volume': 13947, 'short_volume_ratio': '0.4455483499984027090055266268'}, {'total_volume': 34311, 'market_date': '2025-05-15', 'short_volume': 17521, 'short_volume_ratio': '0.5106525604033691818950190901'}, {'total_volume': 27659, 'market_date': '2025-05-14', 'short_volume': 14648, 'short_volume_ratio': '0.5295925376911674319389710402'}, {'total_volume': 25830, 'market_date': '2025-05-13', 'short_volume': 13266, 'short_volume_ratio': '0.5135888501742160278745644599'}, {'total_volume': 46335, 'market_date': '2025-05-12', 'short_volume': 24208, 'short_volume_ratio': '0.5224560267616272795942591993'}, {'total_volume': 31807, 'market_date': '2025-05-09', 'short_volume': 16261, 'short_volume_ratio': '0.5112396642248561637375420505'}, {'total_volume': 27721, 'market_date': '2025-05-08', 'short_volume': 17610, 'short_volume_ratio': '0.6352584683092240539663071318'}, {'total_volume': 28167, 'market_date': '2025-05-07', 'short_volume': 17883, 'short_volume_ratio': '0.6348918947704760890403663862'}, {'total_volume': 28189, 'market_date': '2025-05-06', 'short_volume': 17372, 'short_volume_ratio': '0.6162687573166838128347937139'}, {'total_volume': 40718, 'market_date': '2025-05-05', 'short_volume': 20078, 'short_volume_ratio': '0.4930988751903335134338621740'}, {'total_volume': 27608, 'market_date': '2025-05-02', 'short_volume': 12764, 'short_volume_ratio': '0.4623297594900028977108084613'}, {'total_volume': 22942, 'market_date': '2025-05-01', 'short_volume': 15875, 'short_volume_ratio': '0.6919623398134425943684072879'}, {'total_volume': 40197, 'market_date': '2025-04-30', 'short_volume': 29579, 'short_volume_ratio': '0.7358509341493146254695624052'}, {'total_volume': 36672, 'market_date': '2025-04-29', 'short_volume': 21002, 'short_volume_ratio': '0.5726985165794066317626527051'}, {'total_volume': 32672, 'market_date': '2025-04-28', 'short_volume': 16924, 'short_volume_ratio': '0.5179970617042115572967678746'}, {'total_volume': 35383, 'market_date': '2025-04-25', 'short_volume': 15257, 'short_volume_ratio': '0.4311957719808947799790860018'}, {'total_volume': 49095, 'market_date': '2025-04-24', 'short_volume': 22248, 'short_volume_ratio': '0.4531622364802933088909257562'}, {'total_volume': 33125, 'market_date': '2025-04-23', 'short_volume': 17966, 'short_volume_ratio': '0.5423698113207547169811320755'}, {'total_volume': 37228, 'market_date': '2025-04-22', 'short_volume': 25026, 'short_volume_ratio': '0.6722359514344042118835285269'}, {'total_volume': 40862, 'market_date': '2025-04-21', 'short_volume': 21783, 'short_volume_ratio': '0.5330869756742205472076746121'}, {'total_volume': 25126, 'market_date': '2025-04-17', 'short_volume': 12922, 'short_volume_ratio': '0.5142879885377696410093130622'}, {'total_volume': 28004, 'market_date': '2025-04-16', 'short_volume': 19296, 'short_volume_ratio': '0.6890444222253963719468647336'}, {'total_volume': 31213, 'market_date': '2025-04-15', 'short_volume': 14482, 'short_volume_ratio': '0.4639733444398167430237401083'}, {'total_volume': 30053, 'market_date': '2025-04-14', 'short_volume': 17427, 'short_volume_ratio': '0.5798755531893654543639570093'}, {'total_volume': 47490, 'market_date': '2025-04-11', 'short_volume': 26813, 'short_volume_ratio': '0.5646030743314381975152663719'}, {'total_volume': 50340, 'market_date': '2025-04-10', 'short_volume': 29289, 'short_volume_ratio': '0.5818235995232419547079856973'}, {'total_volume': 84815, 'market_date': '2025-04-09', 'short_volume': 37512, 'short_volume_ratio': '0.4422802570300064847019984673'}, {'total_volume': 48430, 'market_date': '2025-04-08', 'short_volume': 28329, 'short_volume_ratio': '0.5849473466859384678918026017'}, {'total_volume': 86413, 'market_date': '2025-04-07', 'short_volume': 27571, 'short_volume_ratio': '0.3190607894645481582632242834'}, {'total_volume': 52784, 'market_date': '2025-04-04', 'short_volume': 24596, 'short_volume_ratio': '0.4659745377387086996059411943'}, {'total_volume': 64869, 'market_date': '2025-04-03', 'short_volume': 32927, 'short_volume_ratio': '0.5075922243290323575205413988'}, {'total_volume': 33384, 'market_date': '2025-04-02', 'short_volume': 14200, 'short_volume_ratio': '0.4253534627366403067337646777'}, {'total_volume': 52076, 'market_date': '2025-04-01', 'short_volume': 20456, 'short_volume_ratio': '0.3928105077194869037560488517'}, {'total_volume': 65582, 'market_date': '2025-03-31', 'short_volume': 33800, 'short_volume_ratio': '0.5153853191424476228233356714'}, {'total_volume': 55384, 'market_date': '2025-03-28', 'short_volume': 25986, 'short_volume_ratio': '0.4691968799653329481438682652'}, {'total_volume': 115320, 'market_date': '2025-03-27', 'short_volume': 64743, 'short_volume_ratio': '0.5614203954214360041623309053'}, {'total_volume': 49235, 'market_date': '2025-03-26', 'short_volume': 24436, 'short_volume_ratio': '0.4963135980501675637249923835'}, {'total_volume': 56888, 'market_date': '2025-03-25', 'short_volume': 32632, 'short_volume_ratio': '0.5736183377865279144986640416'}, {'total_volume': 33719, 'market_date': '2025-03-24', 'short_volume': 21980, 'short_volume_ratio': '0.6518580029063732613659954328'}, {'total_volume': 53734, 'market_date': '2025-03-21', 'short_volume': 33219, 'short_volume_ratio': '0.6182119328544310864629471098'}, {'total_volume': 25064, 'market_date': '2025-03-20', 'short_volume': 11126, 'short_volume_ratio': '0.4439036067666773060963932333'}, {'total_volume': 40689, 'market_date': '2025-03-19', 'short_volume': 17012, 'short_volume_ratio': '0.4180982575143159084764924181'}, {'total_volume': 31053, 'market_date': '2025-03-18', 'short_volume': 15149, 'short_volume_ratio': '0.4878433645702508614304576047'}, {'total_volume': 47789, 'market_date': '2025-03-17', 'short_volume': 27292, 'short_volume_ratio': '0.5710937663479043294481993764'}, {'total_volume': 62048, 'market_date': '2025-03-14', 'short_volume': 30264, 'short_volume_ratio': '0.4877514182568334192882929345'}, {'total_volume': 43702, 'market_date': '2025-03-13', 'short_volume': 23057, 'short_volume_ratio': '0.5275959910301588028007871493'}, {'total_volume': 39751, 'market_date': '2025-03-12', 'short_volume': 22744, 'short_volume_ratio': '0.5721617066237327362833639405'}, {'total_volume': 73260, 'market_date': '2025-03-11', 'short_volume': 31041, 'short_volume_ratio': '0.4237100737100737100737100737'}, {'total_volume': 71520, 'market_date': '2025-03-10', 'short_volume': 46590, 'short_volume_ratio': '0.6514261744966442953020134228'}, {'total_volume': 72559, 'market_date': '2025-03-07', 'short_volume': 43178, 'short_volume_ratio': '0.5950743532849129673782714756'}, {'total_volume': 58668, 'market_date': '2025-03-06', 'short_volume': 38931, 'short_volume_ratio': '0.6635815095111474739210472489'}, {'total_volume': 49253, 'market_date': '2025-03-05', 'short_volume': 31966, 'short_volume_ratio': '0.6490163035754167258847176822'}, {'total_volume': 106355, 'market_date': '2025-03-04', 'short_volume': 73590, 'short_volume_ratio': '0.6919279770579662451224672089'}, {'total_volume': 57142, 'market_date': '2025-03-03', 'short_volume': 30974, 'short_volume_ratio': '0.5420531307969619544293164397'}, {'total_volume': 35464, 'market_date': '2025-02-28', 'short_volume': 21933, 'short_volume_ratio': '0.6184581547484773291224904128'}, {'total_volume': 45615, 'market_date': '2025-02-27', 'short_volume': 26103, 'short_volume_ratio': '0.5722459717198290036172311740'}, {'total_volume': 30487, 'market_date': '2025-02-26', 'short_volume': 12399, 'short_volume_ratio': '0.4066979368255321940499229180'}, {'total_volume': 45949, 'market_date': '2025-02-25', 'short_volume': 20686, 'short_volume_ratio': '0.4501947811704280833097564691'}, {'total_volume': 24558, 'market_date': '2025-02-24', 'short_volume': 16825, 'short_volume_ratio': '0.6851127942014822053913185113'}, {'total_volume': 18128, 'market_date': '2025-02-21', 'short_volume': 10743, 'short_volume_ratio': '0.5926191526919682259488084731'}, {'total_volume': 26069, 'market_date': '2025-02-20', 'short_volume': 18447, 'short_volume_ratio': '0.7076220798649737235797307146'}, {'total_volume': 21644, 'market_date': '2025-02-19', 'short_volume': 13528, 'short_volume_ratio': '0.6250231010903714655331731658'}, {'total_volume': 31512, 'market_date': '2025-02-18', 'short_volume': 13656, 'short_volume_ratio': '0.4333587204874333587204874334'}, {'total_volume': 24349, 'market_date': '2025-02-14', 'short_volume': 14233, 'short_volume_ratio': '0.5845414596081974619080865744'}, {'total_volume': 20676, 'market_date': '2025-02-13', 'short_volume': 12923, 'short_volume_ratio': '0.6250241826272006190752563358'}, {'total_volume': 19984, 'market_date': '2025-02-12', 'short_volume': 12153, 'short_volume_ratio': '0.6081365092073658927141713371'}, {'total_volume': 30802, 'market_date': '2025-02-11', 'short_volume': 16426, 'short_volume_ratio': '0.5332770599311733004350366859'}, {'total_volume': 21758, 'market_date': '2025-02-10', 'short_volume': 14172, 'short_volume_ratio': '0.6513466311241842081073628091'}, {'total_volume': 23951, 'market_date': '2025-02-07', 'short_volume': 14140, 'short_volume_ratio': '0.5903720095194355141747734959'}, {'total_volume': 20278, 'market_date': '2025-02-06', 'short_volume': 11944, 'short_volume_ratio': '0.5890127231482394713482591972'}, {'total_volume': 25184, 'market_date': '2025-02-05', 'short_volume': 12634, 'short_volume_ratio': '0.5016677255400254129606099111'}, {'total_volume': 44856, 'market_date': '2025-02-04', 'short_volume': 25755, 'short_volume_ratio': '0.5741706795077581594435527020'}, {'total_volume': 62231, 'market_date': '2025-02-03', 'short_volume': 41970, 'short_volume_ratio': '0.6744227153669393067763654770'}, {'total_volume': 21439, 'market_date': '2025-01-31', 'short_volume': 13416, 'short_volume_ratio': '0.6257754559447735435421428238'}, {'total_volume': 22730, 'market_date': '2025-01-30', 'short_volume': 14792, 'short_volume_ratio': '0.6507699076110866695996480422'}, {'total_volume': 26502, 'market_date': '2025-01-29', 'short_volume': 14670, 'short_volume_ratio': '0.5535431288204663798958569165'}, {'total_volume': 29624, 'market_date': '2025-01-28', 'short_volume': 14137, 'short_volume_ratio': '0.4772144207399405887118552525'}, {'total_volume': 43010, 'market_date': '2025-01-27', 'short_volume': 17902, 'short_volume_ratio': '0.4162287840037200651011392699'}, {'total_volume': 25093, 'market_date': '2025-01-24', 'short_volume': 10023, 'short_volume_ratio': '0.3994341051289204160522854979'}, {'total_volume': 32025, 'market_date': '2025-01-23', 'short_volume': 19698, 'short_volume_ratio': '0.6150819672131147540983606557'}, {'total_volume': 31282, 'market_date': '2025-01-22', 'short_volume': 19764, 'short_volume_ratio': '0.6318010357394028514800843936'}, {'total_volume': 36625, 'market_date': '2025-01-21', 'short_volume': 18993, 'short_volume_ratio': '0.5185802047781569965870307167'}, {'total_volume': 35714, 'market_date': '2025-01-17', 'short_volume': 13997, 'short_volume_ratio': '0.3919191353530828246625973008'}, {'total_volume': 30757, 'market_date': '2025-01-16', 'short_volume': 11488, 'short_volume_ratio': '0.3735084696166726273693793283'}, {'total_volume': 26888, 'market_date': '2025-01-15', 'short_volume': 11394, 'short_volume_ratio': '0.4237578101755429931567985719'}, {'total_volume': 20725, 'market_date': '2025-01-14', 'short_volume': 9864, 'short_volume_ratio': '0.4759469240048250904704463209'}, {'total_volume': 33760, 'market_date': '2025-01-13', 'short_volume': 15233, 'short_volume_ratio': '0.4512144549763033175355450237'}, {'total_volume': 36954, 'market_date': '2025-01-10', 'short_volume': 14072, 'short_volume_ratio': '0.3807977485522541538128484061'}, {'total_volume': 17669, 'market_date': '2025-01-08', 'short_volume': 10192, 'short_volume_ratio': '0.5768294753523119587978946177'}, {'total_volume': 32438, 'market_date': '2025-01-07', 'short_volume': 18698, 'short_volume_ratio': '0.5764227141007460385967075652'}, {'total_volume': 36351, 'market_date': '2025-01-06', 'short_volume': 22859, 'short_volume_ratio': '0.6288410222552336937085637259'}, {'total_volume': 31949, 'market_date': '2025-01-03', 'short_volume': 17992, 'short_volume_ratio': '0.5631475163541894894988888541'}, {'total_volume': 28779, 'market_date': '2025-01-02', 'short_volume': 19481, 'short_volume_ratio': '0.6769171965669411723826401195'}, {'total_volume': 24418, 'market_date': '2024-12-31', 'short_volume': 15311, 'short_volume_ratio': '0.6270374314030633139487263494'}, {'total_volume': 28647, 'market_date': '2024-12-30', 'short_volume': 16273, 'short_volume_ratio': '0.5680525011344992494851118791'}, {'total_volume': 19079, 'market_date': '2024-12-27', 'short_volume': 13958, 'short_volume_ratio': '0.7315897059594318360501074480'}, {'total_volume': 19147, 'market_date': '2024-12-26', 'short_volume': 12576, 'short_volume_ratio': '0.6568130777667519715882383663'}, {'total_volume': 14029, 'market_date': '2024-12-24', 'short_volume': 10656, 'short_volume_ratio': '0.7595694632546867203649583007'}, {'total_volume': 38794, 'market_date': '2024-12-23', 'short_volume': 27282, 'short_volume_ratio': '0.7032530803732535959168943651'}, {'total_volume': 31883, 'market_date': '2024-12-20', 'short_volume': 20172, 'short_volume_ratio': '0.6326882664742966471160179406'}, {'total_volume': 30729, 'market_date': '2024-12-19', 'short_volume': 18571, 'short_volume_ratio': '0.6043476845976113768752644082'}, {'total_volume': 30708, 'market_date': '2024-12-18', 'short_volume': 17137, 'short_volume_ratio': '0.5580630454604663279927054839'}, {'total_volume': 28282, 'market_date': '2024-12-17', 'short_volume': 20140, 'short_volume_ratio': '0.7121137119015628314829219999'}, {'total_volume': 33302, 'market_date': '2024-12-16', 'short_volume': 22293, 'short_volume_ratio': '0.6694192540988529217464416552'}, {'total_volume': 28509, 'market_date': '2024-12-13', 'short_volume': 17851, 'short_volume_ratio': '0.6261531446209968781788207233'}, {'total_volume': 44909, 'market_date': '2024-12-12', 'short_volume': 19364, 'short_volume_ratio': '0.4311830590750183704825313412'}, {'total_volume': 24210, 'market_date': '2024-12-11', 'short_volume': 17520, 'short_volume_ratio': '0.7236679058240396530359355638'}, {'total_volume': 67454, 'market_date': '2024-12-10', 'short_volume': 37135, 'short_volume_ratio': '0.5505233195955762445518427373'}, {'total_volume': 47278, 'market_date': '2024-12-09', 'short_volume': 24032, 'short_volume_ratio': '0.5083125343711662929903972249'}, {'total_volume': 47039, 'market_date': '2024-12-06', 'short_volume': 22470, 'short_volume_ratio': '0.4776887263759858840536576033'}, {'total_volume': 25606, 'market_date': '2024-12-05', 'short_volume': 11960, 'short_volume_ratio': '0.4670780285870499101773021948'}, {'total_volume': 45068, 'market_date': '2024-12-04', 'short_volume': 22209, 'short_volume_ratio': '0.4927886748912754060530753528'}, {'total_volume': 33347, 'market_date': '2024-12-03', 'short_volume': 14710, 'short_volume_ratio': '0.4411191411521276276726542118'}, {'total_volume': 49116, 'market_date': '2024-12-02', 'short_volume': 23703, 'short_volume_ratio': '0.4825922306376740776936232592'}, {'total_volume': 32577, 'market_date': '2024-11-29', 'short_volume': 10649, 'short_volume_ratio': '0.3268870675630045737790465666'}, {'total_volume': 52985, 'market_date': '2024-11-27', 'short_volume': 17652, 'short_volume_ratio': '0.3331508917618193828442011890'}, {'total_volume': 84912, 'market_date': '2024-11-26', 'short_volume': 32366, 'short_volume_ratio': '0.3811710947804786131524401734'}, {'total_volume': 48545, 'market_date': '2024-11-25', 'short_volume': 14510, 'short_volume_ratio': '0.2988979297558965907920486147'}, {'total_volume': 47517, 'market_date': '2024-11-22', 'short_volume': 16793, 'short_volume_ratio': '0.3534103583980470147526148536'}, {'total_volume': 22948, 'market_date': '2024-11-21', 'short_volume': 11346, 'short_volume_ratio': '0.4944221718668293533205508105'}, {'total_volume': 28163, 'market_date': '2024-11-20', 'short_volume': 14152, 'short_volume_ratio': '0.5025032844512303376770940596'}, {'total_volume': 32251, 'market_date': '2024-11-19', 'short_volume': 19252, 'short_volume_ratio': '0.5969427304579702954947133422'}, {'total_volume': 40799, 'market_date': '2024-11-18', 'short_volume': 26177, 'short_volume_ratio': '0.6416088629623275080271575284'}, {'total_volume': 41135, 'market_date': '2024-11-15', 'short_volume': 27503, 'short_volume_ratio': '0.6686033791175398079494347879'}, {'total_volume': 27404, 'market_date': '2024-11-14', 'short_volume': 16450, 'short_volume_ratio': '0.6002773317763830097795942198'}, {'total_volume': 24019, 'market_date': '2024-11-13', 'short_volume': 15584, 'short_volume_ratio': '0.6488196844165036013156251301'}, {'total_volume': 25190, 'market_date': '2024-11-12', 'short_volume': 15627, 'short_volume_ratio': '0.6203652242953552997221119492'}, {'total_volume': 47798, 'market_date': '2024-11-11', 'short_volume': 27010, 'short_volume_ratio': '0.5650864052889242227708272313'}, {'total_volume': 45547, 'market_date': '2024-11-08', 'short_volume': 15282, 'short_volume_ratio': '0.3355215491689902737831251235'}, {'total_volume': 42041, 'market_date': '2024-11-07', 'short_volume': 19404, 'short_volume_ratio': '0.4615494398325444209224328632'}, {'total_volume': 83777, 'market_date': '2024-11-06', 'short_volume': 35533, 'short_volume_ratio': '0.4241378898743091779366651945'}, {'total_volume': 34624, 'market_date': '2024-11-05', 'short_volume': 17686, 'short_volume_ratio': '0.5108017560073937153419593346'}, {'total_volume': 38306, 'market_date': '2024-11-04', 'short_volume': 19308, 'short_volume_ratio': '0.5040463634939696131154388346'}, {'total_volume': 37377, 'market_date': '2024-11-01', 'short_volume': 16115, 'short_volume_ratio': '0.4311474971238997244294619686'}, {'total_volume': 48050, 'market_date': '2024-10-31', 'short_volume': 17664, 'short_volume_ratio': '0.3676170655567117585848074922'}, {'total_volume': 29133, 'market_date': '2024-10-30', 'short_volume': 12640, 'short_volume_ratio': '0.4338722411011567638073662170'}, {'total_volume': 31678, 'market_date': '2024-10-29', 'short_volume': 15762, 'short_volume_ratio': '0.4975692909905928404570995644'}, {'total_volume': 28946, 'market_date': '2024-10-28', 'short_volume': 15586, 'short_volume_ratio': '0.5384509085884059973744213363'}, {'total_volume': 23815, 'market_date': '2024-10-25', 'short_volume': 10488, 'short_volume_ratio': '0.4403947092168801175729582196'}, {'total_volume': 37694, 'market_date': '2024-10-24', 'short_volume': 23004, 'short_volume_ratio': '0.6102828036292248103146389346'}, {'total_volume': 29777, 'market_date': '2024-10-23', 'short_volume': 23445, 'short_volume_ratio': '0.7873526547335191590825133492'}, {'total_volume': 19018, 'market_date': '2024-10-22', 'short_volume': 11508, 'short_volume_ratio': '0.6051109475233988852665895467'}, {'total_volume': 30441, 'market_date': '2024-10-21', 'short_volume': 17873, 'short_volume_ratio': '0.5871357708353864853322821195'}, {'total_volume': 29665, 'market_date': '2024-10-18', 'short_volume': 14100, 'short_volume_ratio': '0.4753076015506489128602730490'}, {'total_volume': 28636, 'market_date': '2024-10-17', 'short_volume': 14063, 'short_volume_ratio': '0.4910951250174605391814499232'}, {'total_volume': 49195, 'market_date': '2024-10-16', 'short_volume': 26885, 'short_volume_ratio': '0.5464986279093403801199308873'}, {'total_volume': 59650, 'market_date': '2024-10-15', 'short_volume': 16226, 'short_volume_ratio': '0.2720201173512154233025984912'}, {'total_volume': 34136, 'market_date': '2024-10-14', 'short_volume': 16830, 'short_volume_ratio': '0.4930278884462151394422310757'}, {'total_volume': 22206, 'market_date': '2024-10-11', 'short_volume': 12831, 'short_volume_ratio': '0.5778168062685760605241826533'}, {'total_volume': 31539, 'market_date': '2024-10-10', 'short_volume': 14089, 'short_volume_ratio': '0.4467167633723326674910428359'}, {'total_volume': 34369, 'market_date': '2024-10-09', 'short_volume': 21109, 'short_volume_ratio': '0.6141872035846256801187116297'}, {'total_volume': 36689, 'market_date': '2024-10-08', 'short_volume': 20585, 'short_volume_ratio': '0.5610673498868870778707514514'}, {'total_volume': 31308, 'market_date': '2024-10-07', 'short_volume': 15823, 'short_volume_ratio': '0.5053979813466206720327072953'}, {'total_volume': 30353, 'market_date': '2024-10-04', 'short_volume': 12134, 'short_volume_ratio': '0.3997627911573814779428722037'}, {'total_volume': 51338, 'market_date': '2024-10-03', 'short_volume': 22626, 'short_volume_ratio': '0.4407261677509836768086018154'}, {'total_volume': 67233, 'market_date': '2024-10-02', 'short_volume': 22153, 'short_volume_ratio': '0.3294959320571743042850980917'}, {'total_volume': 30584, 'market_date': '2024-10-01', 'short_volume': 19466, 'short_volume_ratio': '0.6364765890661783939314674340'}, {'total_volume': 23924, 'market_date': '2024-09-30', 'short_volume': 17093, 'short_volume_ratio': '0.7144708242768767764587861562'}, {'total_volume': 32772, 'market_date': '2024-09-27', 'short_volume': 15921, 'short_volume_ratio': '0.4858110582204320761625778103'}]"
