date,call_gamma,put_gamma,call_delta,put_delta,call_charm,put_charm,call_vanna,put_vanna
2023-09-29,7072.0677,-12067.2452,55023.0847,-79084.2414,0.0000,0.0000,0.0000,0.0000
2023-10-02,6910.6415,-11594.6492,52627.7409,-78757.7429,0.0000,0.0000,0.0000,0.0000
2023-10-03,7252.2672,-11908.4799,54072.7183,-87559.0219,0.0000,0.0000,0.0000,0.0000
2023-10-04,6673.8765,-11100.6762,49474.7756,-93448.5022,0.0000,0.0000,0.0000,0.0000
2023-10-05,8685.5857,-11379.0654,72005.9287,-64837.2015,0.0000,0.0000,0.0000,0.0000
2023-10-06,8222.0371,-10604.5518,64296.7841,-71913.8744,0.0000,0.0000,0.0000,0.0000
2023-10-09,8721.6066,-12019.0934,75411.2724,-60464.0433,-41640.0420,-11247.6427,170790.5043,-11080.0066
2023-10-10,9937.8014,-11157.9930,85907.4404,-42639.8113,0.0000,0.0000,0.0000,0.0000
2023-10-11,10507.1745,-12437.4343,84095.1963,-45594.3028,0.0000,0.0000,0.0000,0.0000
2023-10-12,25580.5047,-8330.1584,181985.0961,-25572.7859,0.0000,0.0000,0.0000,0.0000
2023-10-13,17105.3056,-5166.9208,182108.2580,-15200.8465,0.0000,0.0000,0.0000,0.0000
2023-10-16,15901.5398,-7009.6969,170530.3809,-21203.1972,0.0000,0.0000,0.0000,0.0000
2023-10-17,17083.9490,-6211.8577,168387.1141,-15884.6804,0.0000,0.0000,0.0000,0.0000
2023-10-18,17244.2597,-4997.7963,183135.1582,-14662.8773,0.0000,0.0000,0.0000,0.0000
2023-10-19,14607.0014,-20437.9338,122132.0083,-50174.2312,0.0000,0.0000,0.0000,0.0000
2023-10-20,12015.8693,-13544.6872,82628.7965,-92936.5810,0.0000,0.0000,0.0000,0.0000
2023-10-23,10407.3741,-876.1910,89072.3108,-11332.7561,-66986.7102,-1492.1207,243601.7384,2238.1555
2023-10-24,8084.1287,-959.5728,52664.0466,-12692.1942,0.0000,0.0000,0.0000,0.0000
2023-10-25,10154.8601,-3510.5000,70871.1330,-36189.5595,0.0000,0.0000,0.0000,0.0000
2023-10-26,7845.7822,-3920.8929,44465.9667,-47313.0055,0.0000,0.0000,0.0000,0.0000
2023-10-27,9209.6456,-4096.4769,56656.0871,-43121.0192,0.0000,0.0000,0.0000,0.0000
2023-10-30,8669.5106,-4335.5630,51581.5683,-41935.2598,0.0000,0.0000,0.0000,0.0000
2023-10-31,8894.6988,-4373.2213,51082.0361,-42411.1691,0.0000,0.0000,0.0000,0.0000
2023-11-01,9799.0585,-4904.0375,55002.9630,-39843.0459,0.0000,0.0000,0.0000,0.0000
2023-11-02,10798.8069,-4806.6080,58717.7439,-36340.5623,0.0000,0.0000,0.0000,0.0000
2023-11-03,12781.7875,-4863.9231,66028.4232,-28574.6983,0.0000,0.0000,0.0000,0.0000
2023-11-06,15480.9164,-4770.1065,78171.4865,-23865.6441,-112105.6001,-4160.5928,249161.5857,-15578.4238
2023-11-07,14348.5477,-5155.9593,69586.6239,-25127.1952,-141698.8626,-4343.3865,270161.6850,-13944.6459
2023-11-08,11803.0807,-5730.4124,59933.1048,-30198.6476,-157983.4285,-6180.4239,265735.9062,-8904.4635
2023-11-09,13394.9641,-5011.9064,62060.1802,-26354.2255,-178643.1381,-4127.8707,298130.9419,-13806.3225
2023-11-10,15039.4951,-5450.2821,64792.4736,-20521.2895,-195111.9185,-819.6211,287795.4175,-24695.7602
2023-11-13,14979.8389,-5514.6137,54800.6240,-20680.4846,0.0000,0.0000,0.0000,0.0000
2023-11-14,14568.1324,-5925.0925,55562.6518,-16014.0322,-342261.9562,10656.3213,214097.1107,-32542.7671
2023-11-15,23690.0028,-2492.1984,99505.4373,-6252.7280,-364155.2878,43481.6716,169571.3036,-40306.0658
2023-11-16,15565.4797,-4356.4121,63255.0308,-11935.1756,0.0000,0.0000,0.0000,0.0000
2023-11-17,8996.0023,-5589.6803,41621.3276,-17811.5546,-1067486.6135,76947.7229,202588.0632,-18149.6690
2023-11-20,4165.5936,-574.1022,37547.4671,-4051.5607,0.0000,0.0000,0.0000,0.0000
2023-11-21,4676.3659,-534.1906,40299.8642,-3502.0361,-17523.2096,-619.3201,93569.4518,-10486.7844
2023-11-22,4140.8581,-598.4740,36296.7254,-4048.0097,-18653.6464,-677.1016,103020.4992,-9058.5212
2023-11-24,4735.9623,-542.0545,39734.6408,-3293.1123,-18874.7778,-603.9753,95270.7429,-11222.4510
2023-11-27,4846.2835,-523.6538,42658.3171,-3131.5973,-18778.9697,-532.4002,84839.8824,-11425.3389
2023-11-28,4809.7277,-655.4551,38976.1012,-3801.9071,0.0000,0.0000,0.0000,0.0000
2023-11-29,4133.8624,-714.0309,33381.1044,-4506.0129,-23847.9323,-804.3930,108826.4098,-11027.2029
2023-11-30,4105.8356,-779.3515,33192.6601,-5121.3836,0.0000,0.0000,0.0000,0.0000
2023-12-01,4271.5891,-762.4419,33485.7199,-4887.6101,-25106.3715,-849.5481,104927.9035,-8543.5791
2023-12-04,5167.3288,-672.3261,41790.3463,-4112.6378,-23403.8522,-609.8410,83531.0701,-9093.5170
2023-12-05,5067.0392,-685.1413,40668.6811,-4330.2256,-26558.8217,-558.6540,82294.3188,-9090.0450
2023-12-06,4505.4763,-919.7093,35761.7429,-5610.4344,0.0000,0.0000,0.0000,0.0000
2023-12-07,4509.6736,-897.4594,35407.1441,-5170.1125,-32968.0895,-596.5184,91433.3671,-8657.1720
2023-12-08,5041.1583,-892.9727,38534.4413,-4495.5994,-34443.6090,-145.4688,84180.3774,-10811.3154
2023-12-11,5423.9314,-845.8301,40197.0102,-4227.9917,0.0000,0.0000,0.0000,0.0000
2023-12-12,6127.6142,-798.4694,45289.0524,-3534.9459,0.0000,0.0000,0.0000,0.0000
2023-12-13,8887.3485,-804.1675,53984.5682,-3231.4694,0.0000,0.0000,0.0000,0.0000
2023-12-14,7685.6425,-904.8544,50083.1905,-4845.7514,0.0000,0.0000,0.0000,0.0000
2023-12-15,9990.2401,-660.7374,79241.8055,-3887.1241,0.0000,0.0000,0.0000,0.0000
2023-12-18,6007.4228,-430.0281,56333.5461,-3493.5805,,,,
2023-12-19,6691.4574,-468.2616,55873.4945,-3584.8633,-17407.2466,-699.1572,82690.1967,-6538.1954
2023-12-20,6678.1186,-410.6882,57044.9774,-3465.2795,-17256.7998,-661.8715,80693.1698,-6845.6196
2023-12-21,6849.1039,-424.5156,59273.3651,-3368.4818,-16908.0800,-650.8426,81708.7957,-6428.1670
2023-12-22,7511.5420,-378.3117,72023.1804,-2938.1927,,,,
2023-12-26,8017.1670,-377.0290,75871.6216,-2890.2862,-16411.1163,-555.5144,60313.7288,-5922.2420
2023-12-27,8238.9311,-386.5942,70133.4521,-2926.9333,,,,
2023-12-28,7715.0341,-400.8854,65952.4464,-3036.7644,,,,
2023-12-29,7617.0193,-442.0082,61165.0381,-3340.5488,,,,
2024-01-02,7404.0835,-510.7543,58731.1013,-3961.4661,,,,
2024-01-03,6455.2102,-638.2407,48721.0311,-5061.2590,-27208.2908,-972.5041,102535.0750,-6979.9158
2024-01-04,5059.1972,-869.7142,39222.0525,-7326.1355,-30903.3808,-1350.1490,112969.7537,-6037.2914
2024-01-05,4876.2964,-1245.2564,37052.7026,-9306.0417,,,,
2024-01-08,4177.9150,-1559.4210,31465.6851,-13701.9705,,,,
2024-01-09,3409.1400,-9101.5213,21221.6773,-97027.0577,,,,
2024-01-10,4803.5187,-12053.0798,27202.7610,-68188.3105,-68690.8074,-21768.8434,159363.6935,-5472.9888
2024-01-11,5232.0254,-13057.7040,28402.0828,-53823.7554,,,,
2024-01-12,8112.7277,-14098.9335,39170.8809,-38350.2545,-85540.6645,-6409.6762,180345.0901,-54664.9184
2024-01-16,8696.0400,-12361.1491,43119.9647,-29580.2058,,,,
2024-01-17,8050.8553,-13645.1258,40133.4104,-28068.6595,,,,
2024-01-18,7709.1389,-17395.5688,31298.0594,-46513.1363,,,,
2024-01-19,9264.0862,-9338.0720,47371.8691,-15186.0493,,,,
2024-01-22,2683.6754,-1410.1569,29317.2208,-7356.5753,,,,
2024-01-23,2715.9722,-1284.3515,29192.9772,-6487.3397,,,,
2024-01-24,2710.7543,-4667.7766,27956.1477,-34477.1872,,,,
2024-01-25,2890.5038,-4679.9379,29384.5982,-35335.9141,-13247.6015,-6877.6198,71236.7730,-27266.8478
2024-01-26,3090.6824,-4625.0420,32655.2366,-32614.3223,,,,
2024-01-29,3098.1144,-5111.1255,32855.5397,-34599.8942,,,,
2024-01-30,3198.9580,-4973.9558,33110.8422,-33684.9023,,,,
2024-01-31,3409.0492,-4957.3367,40963.4143,-23289.4930,,,,
2024-02-01,3428.7850,-5196.8821,39107.8652,-28069.1103,-14397.1512,-3768.9950,67644.3162,-36993.5152
2024-02-02,3456.3248,-4572.9916,41878.7767,-21080.8473,-14757.0266,-394.3049,72522.2436,-50738.6475
2024-02-05,3780.0920,-4666.2734,45539.1051,-18249.2069,,,,
2024-02-06,3733.4065,-5324.9029,39696.7423,-26682.1770,-16448.4852,-682.6729,69690.1448,-38426.6946
2024-02-07,3804.4994,-5802.9604,37985.5334,-30128.6161,-17678.0289,-1196.1434,69580.0998,-31365.8506
2024-02-08,3739.3339,-5085.0643,36509.9214,-30253.4248,-18254.3057,376.4552,71849.3305,-42073.4786
2024-02-09,3984.4172,-6200.3148,37839.7404,-31067.1553,-18778.4960,-1526.2888,69677.0581,-27970.4772
2024-02-12,4238.4344,-6203.3627,38583.2037,-29403.5748,-19569.1413,1620.0666,64301.4564,-33361.6097
2024-02-13,4511.1289,-6455.6974,38337.6620,-26637.3484,,,,
2024-02-14,3420.7087,-4805.0635,33152.4932,-32390.6688,,,,
2024-02-15,4501.1190,-6596.5751,37536.1296,-33381.6645,,,,
2024-02-16,5909.4963,-10499.8852,40170.7539,-27323.9797,-44720.6810,103065.0695,68907.3968,-23183.9415
2024-02-20,2775.7056,-2606.0904,31859.5247,-15831.7725,,,,
2024-02-21,2698.7372,-2780.6096,29649.4130,-16853.3488,,,,
2024-02-22,2968.9167,-2551.2073,33423.3175,-13773.6333,,,,
2024-02-23,3193.8774,-2353.0785,36738.2289,-11645.3781,-17615.0365,70.4779,56992.5398,-30362.5917
2024-02-26,3287.6357,-2497.8198,36484.9034,-12177.2753,-18510.8683,-156.0070,57013.1160,-27727.8698
2024-02-27,3189.6278,-2671.4371,34163.2234,-12756.6217,-21097.4379,539.8692,57055.1806,-28372.9754
2024-02-28,3557.0358,-2684.7223,35912.2663,-12859.8694,-22546.8518,763.5863,57315.8029,-27854.5857
2024-02-29,3621.5856,-2630.7638,37279.5925,-11744.8442,-22855.7617,1480.0407,53029.5400,-28116.6590
2024-03-01,4259.7179,-2680.2610,41304.7876,-11414.8347,-23950.9460,1995.1077,50977.0898,-27984.2853
2024-03-04,4052.0598,-2908.7351,41903.3319,-12920.6588,-27295.0209,1854.1996,59542.4880,-25366.0733
2024-03-05,5480.8268,-11467.5869,63757.9410,-77043.6683,,,,
2024-03-06,4608.8877,-7534.7923,44746.2621,-98493.2544,,,,
2024-03-07,5079.7772,-7174.5498,46121.4488,-95948.1195,,,,
2024-03-08,4982.9027,-8093.4204,47721.0522,-91704.7562,-48938.9927,-23772.0023,85850.1750,8589.3052
2024-03-11,5176.7195,-7742.5730,45331.8901,-98451.7876,-55984.7450,-29466.3128,83471.6842,10310.6960
2024-03-12,4097.2718,-7553.9782,37801.0787,-109162.4464,,,,
2024-03-13,4373.3523,-7712.4729,38808.9769,-111513.0410,,,,
2024-03-14,4406.2796,-7499.1429,40818.8307,-105602.4992,,,,
2024-03-15,4314.4951,-7644.5637,40975.0022,-107726.0001,,,,
2024-03-18,2172.9648,-835.6485,22956.4274,-8334.8283,,,,
2024-03-19,2251.8696,-958.2839,21949.3969,-9495.3676,,,,
2024-03-20,2871.7772,-963.4349,27944.4122,-8551.4497,,,,
2024-03-21,3200.7649,-1094.9655,32299.0803,-8487.4643,,,,
2024-03-22,3486.5269,-1052.2651,36235.6246,-7925.9558,,,,
2024-03-25,3433.5172,-1234.1965,35383.2199,-9187.1617,,,,
2024-03-26,3515.6844,-1226.3988,37473.1313,-8820.5301,,,,
2024-03-27,3467.4987,-1444.0317,33473.9681,-11024.3677,,,,
2024-03-28,5525.9983,-2485.3118,50069.4871,-15410.5286,,,,
2024-04-01,4804.9977,-4163.9523,33424.3747,-20771.3386,,,,
2024-04-02,4112.4615,-4909.5080,27980.5199,-24928.4624,,,,
2024-04-03,4478.9537,-5567.2117,28606.3538,-32065.2246,,,,
2024-04-04,4438.6590,-5480.7830,30556.3741,-29565.5167,,,,
2024-04-05,4561.0397,-4967.9124,31954.8778,-27938.3249,,,,
2024-04-08,4138.2035,-5322.9224,26001.2707,-30955.6336,,,,
2024-04-09,4170.1251,-6667.3412,26538.4536,-29015.0430,,,,
2024-04-10,4448.1363,-7257.9775,27226.9682,-31841.6445,,,,
2024-04-11,3871.1964,-7842.1243,22437.5147,-47019.9238,,,,
2024-04-12,3783.1028,-8278.3907,21388.4174,-45456.8537,,,,
2024-04-15,3902.5613,-8209.6025,21956.6787,-46190.4907,,,,
2024-04-16,3792.7392,-8445.7517,21720.8967,-48669.2267,,,,
2024-04-17,2707.8136,-9686.3733,17027.6711,-55019.7252,,,,
2024-04-18,2676.4056,-10214.1441,16669.3054,-54291.1048,,,,
2024-04-19,2782.5425,-10173.6327,17362.2207,-47306.0015,,,,
2024-04-22,2524.7378,-2339.7220,19416.7759,-16754.8184,,,,
2024-04-23,2840.8695,-2473.4005,20478.6621,-16684.6438,,,,
2024-04-24,3172.6055,-2935.3589,23482.3304,-23334.0449,,,,
2024-04-25,3286.8233,-3115.1216,23590.7203,-23606.5184,,,,
2024-04-26,3221.6404,-3469.4699,22934.7483,-25603.9554,,,,
2024-04-29,3265.9622,-4088.0196,22506.3294,-30526.2455,,,,
2024-04-30,3223.5775,-4234.3801,21507.0196,-31190.8175,,,,
2024-05-01,2905.2877,-4508.7692,18597.9670,-38841.1309,,,,
2024-05-02,2908.4557,-4876.5459,17821.7741,-39978.1151,,,,
2024-05-03,3002.3875,-4920.1595,17871.4380,-39377.7301,,,,
2024-05-06,3508.6241,-5022.4591,21827.9328,-36930.5566,,,,
2024-05-07,3466.1513,-5204.2858,21202.4926,-35757.4290,,,,
2024-05-08,3412.8914,-5132.8605,20613.2000,-34306.2699,,,,
2024-05-09,3221.2916,-5296.3605,19392.2418,-34626.5177,,,,
2024-05-10,3755.6167,-4989.2641,21628.2954,-31244.3768,,,,
2024-05-13,3953.5184,-4710.4608,22051.5312,-29827.3951,,,,
2024-05-14,3897.0097,-4887.3176,21879.4574,-30361.6149,-30924.1787,-3789.5491,60709.9757,-24437.5778
2024-05-15,2973.7769,-2008.2060,11826.0000,-10724.5687,,,,
2024-05-16,4135.5741,-5264.6449,23537.4734,-30906.7554,,,,
2024-05-17,3254.1786,-6086.5005,20406.5835,-35430.8883,-105440.4848,918.1315,60243.5012,-22549.2015
2024-05-20,2527.0468,-4473.0514,17203.5928,-32117.4441,-9631.1677,-4977.9138,53090.5371,-17121.4533
2024-05-21,3130.3446,-4179.6541,22030.3487,-26127.8939,-10397.5993,-4574.6563,50266.1772,-26559.5943
2024-05-22,2806.2568,-4510.3944,17974.5294,-32005.7537,-11569.5321,-5144.7458,61222.2645,-16865.4220
2024-05-23,6928.7620,-5625.9246,31770.1797,-36597.5310,-20969.0090,-4784.9197,96973.8448,-43469.1420
2024-05-24,5011.5835,-6739.3174,21415.9029,-49117.2712,,,,
2024-05-28,4879.2088,-6511.3737,19926.4276,-49361.3662,,,,
2024-05-29,3831.1524,-6777.7599,15983.6222,-63726.8835,,,,
2024-05-30,3367.7113,-7837.3846,13962.6615,-69876.1530,-29879.1536,-10237.8571,125362.6757,-15905.0357
2024-05-31,3686.9230,-7795.0957,16697.0452,-73657.4400,,,,
2024-06-03,4288.1762,-7382.5445,20106.6052,-67946.3417,,,,
2024-06-04,3761.5357,-7404.5852,16801.3375,-71594.8335,-34290.5004,-8798.9179,110537.2014,-10561.9307
2024-06-05,2600.4302,-8339.8284,10884.5940,-73806.3226,,,,
2024-06-06,3347.9920,-8180.2011,14468.8830,-73815.3539,-38584.1081,-7335.7438,111609.8371,-22942.8654
2024-06-07,3198.0966,-7785.5816,13464.3594,-68787.7048,-41484.8516,-5108.0182,117733.3108,-36215.3209
2024-06-10,3489.6306,-6349.7715,15771.9029,-47379.7374,-42819.3572,1925.7734,110400.3114,-49599.3050
2024-06-11,3134.2003,-7650.2140,14305.9460,-53779.4462,-52361.0924,2958.7191,103287.5773,-36513.8109
2024-06-12,2992.6932,-8482.7772,13909.3623,-58701.4774,-56693.3876,2449.8994,97931.1569,-28475.9249
2024-06-13,4067.4369,-6321.5711,19539.4848,-47053.5219,-58421.8602,10527.0367,90971.1304,-41782.3176
2024-06-14,1967.5948,-14444.0149,9584.6310,-112167.9424,-88348.8464,-26565.3626,89109.4362,40966.8629
2024-06-17,1797.3061,-18285.8956,9549.0351,-149358.0619,-103304.7210,-41096.7225,40599.3212,53677.3539
2024-06-18,2752.5396,-16323.9796,16287.4950,-108555.0982,-149077.3298,-14594.1493,105439.8236,32836.0221
2024-06-20,3300.5930,-19293.1152,18953.6132,-96107.0707,-191909.5177,-1170.0389,90443.7216,21712.6285
2024-06-21,2995.6603,-16201.3309,17950.6450,-103802.8832,,,,
2024-06-24,1912.0397,-4576.0912,17550.9670,-60609.4311,-6028.1258,-6263.3838,40020.4791,24203.8158
2024-06-25,2222.8357,-4499.7601,21868.8033,-55795.0787,-6721.5095,-5867.6028,46139.9733,25752.3961
2024-06-26,2543.2892,-6339.1129,22977.1083,-69167.0171,-7560.5921,-8043.7182,48604.3341,28985.7890
2024-06-27,2630.3076,-6503.3086,22559.8128,-74544.2584,-8109.9225,-8584.0615,50754.4117,35181.6464
2024-06-28,3440.2954,-6915.3004,28057.7071,-81239.4988,,,,
2024-07-01,4700.4878,-7517.5033,38494.5601,-75748.0217,,,,
2024-07-02,12087.3462,-22434.4544,63759.0326,-223985.8689,-71013.5458,-32753.1875,193836.7799,65228.5032
2024-07-03,14480.7116,-20727.1239,72904.5426,-129719.1959,-67210.9326,-2574.8891,227415.1288,-78445.6222
2024-07-05,11531.2609,-22211.1480,53931.7139,-152712.1250,,,,
2024-07-08,9784.1403,-22166.9308,43408.5227,-167959.1396,-87707.3011,-9059.8701,257141.2516,-41417.6515
2024-07-09,6842.3900,-23655.3788,24848.6777,-182876.1565,,,,
2024-07-10,6207.2077,-34346.3757,24067.6800,-201908.4862,-113907.9775,-18069.1333,234200.1266,-32704.7622
2024-07-11,6928.1364,-33532.1886,26139.2616,-173477.2693,-138268.1286,4122.9140,251082.2066,-55098.3380
2024-07-12,10513.8718,-28194.8330,42201.1859,-129276.1132,-140134.3843,43858.9891,212338.5707,-96904.0638
2024-07-15,13567.4568,-26820.9164,45219.3905,-106516.4322,-141767.1869,66750.7066,231493.8718,-165199.9515
2024-07-16,15263.0378,-23929.3121,60499.5869,-76005.3329,-209457.1122,186998.3003,191242.9029,-140830.2376
2024-07-17,34653.7689,-7506.2123,119487.5090,-32546.1077,,,,
2024-07-18,32787.8687,-7604.6159,127872.0649,-31996.9745,,,,
2024-07-19,26032.5674,-7821.1092,95299.7646,-34869.6623,,,,
2024-07-22,3376.2526,-5320.3414,35218.6685,-36038.3427,-8147.2841,-5400.9357,46962.3269,-13187.0769
2024-07-23,3573.4899,-4949.5131,38210.2574,-30537.8308,-8810.1301,-4816.4019,51517.3942,-21790.3692
2024-07-24,3616.2535,-5550.6136,35478.7027,-34502.8499,-9287.7819,-5464.3425,53521.1652,-17400.0955
2024-07-25,3315.6270,-6009.5317,31629.6961,-42911.4351,,,,
2024-07-26,3603.7836,-4075.7177,43403.9395,-25901.2093,-7950.5289,-3801.0973,42481.4906,-21499.3694
2024-07-29,3557.5938,-3092.4248,49522.0173,-19166.3224,,,,
2024-07-30,3780.4262,-3040.4834,53856.0758,-18853.6095,-7952.5285,-1888.7646,38155.9352,-31585.0056
2024-07-31,3860.3021,-2692.6843,58600.6973,-17805.1903,-7087.4906,-970.1037,31666.9152,-28405.2234
2024-08-01,4015.6950,-3050.2518,56638.0673,-19679.1099,-7612.0371,-1002.8696,33897.2196,-29797.9198
2024-08-02,4131.3506,-5415.2035,40489.9951,-35620.5989,-11024.1112,-4461.4471,52228.0756,-16353.0648
2024-08-05,4120.2269,-5639.9775,40540.7328,-43955.3983,-12128.9796,-5072.5983,54058.5095,1277.3369
2024-08-06,3847.9067,-6181.1414,37303.3397,-56655.2671,,,,
2024-08-07,3778.5071,-7324.5144,32424.3485,-59625.7209,,,,
2024-08-08,4474.1027,-8258.1520,41803.6180,-66408.7589,,,,
2024-08-09,4756.4890,-9329.7476,43108.6915,-67069.2950,,,,
2024-08-12,4944.6191,-9435.5885,43789.7511,-61293.6496,,,,
2024-08-13,4652.1552,-9901.8856,37274.1344,-73280.7726,,,,
2024-08-14,5298.6677,-10656.9798,41414.3962,-64155.3927,,,,
2024-08-15,5272.4610,-14065.5070,36129.1534,-78639.0792,,,,
2024-08-16,6730.3815,-11864.3856,43657.6576,-59022.8031,,,,
2024-08-19,3271.7543,-6167.1864,33378.8064,-48864.1156,,,,
2024-08-20,3533.2235,-6050.4675,36639.0510,-40866.9599,,,,
2024-08-21,3597.3750,-5966.0653,36937.6165,-43721.6792,,,,
2024-08-22,3693.9908,-5855.9884,38731.4414,-40640.7045,,,,
2024-08-23,3754.5399,-6192.0859,37717.9733,-43102.9961,,,,
2024-08-26,4177.9102,-5250.8029,44179.3005,-31092.7238,,,,
2024-08-27,4220.2826,-5728.6296,44774.4358,-34523.0916,,,,
2024-08-28,4243.5753,-5622.5299,45676.4064,-37943.4995,,,,
2024-08-29,4568.7785,-5736.2335,44894.9808,-37272.6734,,,,
2024-08-30,4334.3990,-6492.8864,45730.1200,-38046.1279,,,,
2024-09-03,4398.5673,-7452.1058,43172.8203,-36841.8675,-18653.2773,-6040.7652,75716.5671,-14778.7368
2024-09-04,3945.9353,-7374.2429,36630.8419,-51084.0496,-21168.6996,-10036.6273,85474.6001,11758.0510
2024-09-05,3623.1422,-8417.6230,32710.3987,-65656.4511,,,,
2024-09-06,3693.2099,-8485.6591,32343.4020,-73589.5417,-2028.4669,-575.0168,10655.8532,-1219.6324
2024-09-09,3765.5483,-7244.0538,33629.4577,-61259.6576,,,,
2024-09-10,3758.5914,-7658.7524,33688.2711,-61445.3690,-31999.7849,-14554.2574,86457.5894,19899.7583
2024-09-11,3778.2665,-8656.6194,31931.8181,-75169.9944,-973.9254,-113.5032,4570.6894,-628.9469
2024-09-12,3707.1203,-8895.0409,32430.4226,-73851.4781,,,,
2024-09-13,3922.3475,-11198.3894,33926.9675,-65057.6769,-35251.1316,1707.6453,65405.6557,-1414.1775
2024-09-16,4441.8239,-12551.9374,38934.4859,-55135.4460,-64588.0134,-12930.9360,78102.3454,6417.2817
2024-09-17,4803.8505,-9731.1264,42175.3349,-41116.3761,,,,
2024-09-18,5002.1184,-8370.7101,43869.1373,-36477.0662,,,,
2024-09-19,6248.1661,-6564.1863,51123.1596,-32235.7701,-127709.9220,97091.3188,45918.1507,-7848.7768
2024-09-20,15855.4957,-4427.7893,133451.2963,-24681.7502,-562644.8327,405119.3797,70766.6142,-3306.9169
2024-09-23,31533.7616,-2177.1156,208779.6780,-20130.8074,,,,
2024-09-24,35164.7292,-2515.2251,243240.4429,-21396.7140,,,,
2024-09-25,38573.5802,-2426.5816,240779.2529,-21198.9688,-85234.0533,-3069.8183,262716.6904,145.7464
2024-09-26,34280.7987,-3072.1016,190508.5534,-27936.7036,,,,
2024-09-27,40780.7403,-2802.3294,262070.2419,-23731.0686,-88312.8466,-3296.4913,245497.8918,-1015.7668
2024-09-30,36473.1233,-3197.0396,229750.0877,-25335.7762,-91674.5057,-3389.6474,201525.9145,1340.4629
2024-10-01,34365.3988,-3772.9988,210739.6167,-33393.3948,,,,
2024-10-02,31068.1214,-4404.6652,188229.0610,-36038.5566,,,,
2024-10-03,27558.2932,-4434.7058,163467.6936,-39885.4331,-2551.7711,-56.3144,6760.5765,153.1663
2024-10-04,31086.0055,-4312.8532,160142.4764,-37814.5988,-118819.7578,-942.7243,284197.8383,443.3217
2024-10-07,24069.4523,-4317.6225,145787.6090,-46331.2861,-142536.3027,-306.9795,200746.9014,1424.5114
2024-10-08,22784.1545,-5194.4636,116816.7970,-52756.0135,,,,
2024-10-09,20518.0729,-5153.4065,113070.3868,-57668.3766,-217746.1103,-10808.5692,269496.2739,19708.1890
2024-10-10,43414.1279,-5278.5020,250010.6701,-60355.3370,-322673.3717,-9547.9980,640332.3127,20251.6105
2024-10-11,45494.9986,-5714.5483,295703.6106,-52519.7073,-355782.3895,-6606.2307,649250.9000,12117.8157
2024-10-14,61695.0667,-6563.1738,336227.7117,-50886.0172,,,,
2024-10-15,49631.8464,-6634.9808,273153.1311,-55027.0583,,,,
2024-10-16,61350.3824,-6074.7587,302080.8925,-46177.5676,,,,
2024-10-17,44433.3237,-6543.0704,265087.4066,-56877.6471,,,,
2024-10-18,56433.0374,-7782.0513,335118.7952,-44160.9364,,,,
2024-10-21,38571.1384,-2993.5644,266674.2070,-29923.3701,-127698.8686,-4481.2272,426876.1377,5761.3969
2024-10-22,32062.7438,-4315.9676,240583.6009,-44746.7808,-124721.6189,-1601.7962,345076.7157,92.3677
2024-10-23,30099.8093,-4662.9195,198769.0816,-54792.7004,-139437.4485,-0.2197,379914.2641,10.5956
2024-10-24,38804.8096,-16992.3619,196811.3299,-205107.5390,-360041.7106,-44251.1808,1093427.5193,101382.3774
2024-10-25,36831.2002,-19909.3471,177876.9178,-213814.0335,-355006.7696,-38871.2281,1001874.3650,73933.2113
2024-10-28,48041.8068,-17354.2392,298402.2796,-185753.8068,,,,
2024-10-29,53155.8612,-20123.7593,357372.8004,-165039.3962,-346556.0655,-30931.9066,686862.2238,39816.3900
2024-10-30,53944.8724,-19248.9706,217715.4106,-135247.2512,-401052.2981,-18121.8206,1015937.9281,-1226.4755
2024-10-31,58464.2001,-20092.3146,248861.7462,-127841.6867,-424224.3021,-20377.9147,975836.2967,-5017.4228
2024-11-01,45639.9730,-21573.9445,228039.1182,-187961.3482,-455686.0753,-38606.3673,808483.8649,48414.8498
2024-11-04,53824.0429,-21212.9384,323412.9860,-168997.5877,,,,
2024-11-05,48768.3576,-22507.5576,225148.4168,-172204.6181,,,,
2024-11-06,112885.3018,-11837.5667,569141.2915,-86373.8034,-19066.0759,-2853.3237,32746.5310,675.0965
2024-11-07,162269.7624,-6965.6979,796094.0960,-30918.3500,-374164.4770,58241.2513,431548.0758,-102895.8760
2024-11-08,177233.9090,-9174.6937,593501.8678,-43427.7737,-536238.6433,56940.1589,814815.5111,-78918.7850
2024-11-11,229681.2836,-5423.4176,1304065.0726,-25582.1528,-114206.4125,142547.4265,42436.5261,-71412.8753
2024-11-12,148787.1697,-8052.7612,942007.1845,-41701.8928,-443200.8429,160033.1583,429810.3173,-51312.9710
2024-11-13,168517.3963,-10238.6302,572544.8849,-47978.0940,-1250871.1991,264330.7931,680704.5873,-49734.2608
2024-11-14,147798.1953,-8874.0328,378779.4854,-33116.7998,-47865.9222,26109.2570,24728.6546,-19136.8787
2024-11-15,92928.5487,-7697.1125,421641.2212,-33288.2130,-10336609.0848,3821283.7132,557002.8751,-103439.1058
2024-11-18,19631.6312,-3900.2822,121598.4418,-33438.9870,,,,
2024-11-19,18452.6663,-4065.3712,123384.7617,-38794.4534,-119160.4102,-5536.4692,515063.3490,6224.9216
2024-11-20,17400.6428,-4597.8959,110453.9647,-43654.8463,,,,
2024-11-21,19253.9968,-5062.6943,128114.5161,-43279.2914,-123886.3735,-6284.8874,504274.6012,7144.7803
2024-11-22,26057.4154,-4341.1799,181386.5931,-30161.4009,-138751.5873,-6280.8592,624399.7424,8973.0751
2024-11-25,29416.5733,-3491.5810,250898.5329,-28244.9721,-112997.7827,-1962.9207,352138.7960,-8761.4582
2024-11-26,30633.2404,-3836.5682,254424.7293,-29979.3324,-123043.7967,-3772.3178,385731.7339,-2846.5862
2024-11-27,29761.5670,-3813.3284,214019.1168,-30417.1845,-140301.0816,-4314.7607,479925.9700,1061.4029
2024-11-29,29705.2253,-4061.8768,230739.5964,-31948.8074,-136583.2829,-3854.0525,386600.2400,-1217.0269
2024-12-02,28629.2366,-4062.2315,225434.0639,-33354.9006,-150834.0208,-3825.3759,359086.5983,922.3051
2024-12-03,29865.6198,-4226.9410,223880.3748,-34187.4479,,,,
2024-12-04,27562.8262,-5115.2916,191589.9681,-37997.9982,-179047.8317,-5116.3263,388016.2445,3289.1528
2024-12-05,26931.5554,-4947.5204,196145.0346,-39044.9013,,,,
2024-12-06,27475.6636,-4658.8276,188041.2627,-37769.6659,-192717.5316,-975.0390,342524.5660,-4562.7255
2024-12-09,25481.5694,-5965.2099,175503.2571,-41433.6992,-244430.4687,-5272.2494,338566.8057,10131.9730
2024-12-10,24739.3290,-5166.2804,156948.8288,-41512.6256,-270772.8471,-2436.1618,351483.4376,2355.7354
2024-12-11,31263.6008,-4805.3273,187643.4905,-34198.6689,-275849.4323,448.5453,329602.5174,-1829.3141
2024-12-12,26579.3039,-6211.9661,192617.0136,-47812.2602,-285985.4401,789.9032,251019.2344,16.4037
2024-12-13,24753.0619,-6591.5607,162954.7469,-53043.1035,-366258.9232,-4504.6625,290258.5659,13302.7244
2024-12-16,23096.5048,-6434.3110,132128.6164,-49569.9123,-648403.0635,1087.4529,300262.3032,8592.4123
2024-12-17,20122.4744,-6699.3346,114965.3217,-55103.8932,-887433.5188,1013.4906,279668.0104,10663.3470
2024-12-18,18126.2965,-6891.7502,102366.1347,-58137.5013,-1363490.8982,7423.7589,262497.5178,12131.8050
2024-12-19,10564.8777,-7210.7050,63083.5290,-73253.3377,-3083188.3775,-9602.5382,257882.5838,18041.6911
2024-12-20,7876.0102,-7313.4931,46508.7647,-71696.3193,-162821.1549,3537774.7090,116889.2653,17576.2097
2024-12-23,4134.8107,-2591.8911,33976.1721,-38052.1949,-15470.9800,-5052.7713,123793.6728,17245.1238
2024-12-24,4277.8442,-2652.2925,33139.4643,-41701.1198,-750.6055,-548.1611,2453.3795,753.8395
2024-12-26,4275.8830,-3048.5342,34939.6160,-41504.9776,-18385.5739,-6328.6534,132032.8836,20153.1142
2024-12-27,4752.6006,-2904.6541,39152.2408,-43286.9171,-19891.7431,-6837.1018,130155.8728,23075.1767
2024-12-30,4263.3004,-3129.1906,33635.6267,-48154.9769,-23312.2639,-7970.7591,134925.2051,24136.7293
2024-12-31,4023.5226,-6868.0475,27125.3025,-70592.0272,-26122.3485,-12544.0016,149195.7895,25712.7076
2025-01-02,5012.2398,-5456.6904,39550.7186,-60427.7069,-25251.9030,-11008.5099,130507.4212,19989.2548
2025-01-03,5329.4693,-5441.5685,43623.1858,-57321.3714,-25476.9904,-9981.9207,124942.5098,16321.8849
2025-01-06,11670.4572,-4505.6910,71730.4030,-44288.0994,-62502.0255,-5644.0048,166871.1718,7147.1391
2025-01-07,12108.0571,-4315.5642,86775.0171,-44279.7880,-57867.8088,-6337.5135,139142.0574,8953.6738
2025-01-08,19631.8229,-4872.3665,138200.8218,-40234.5100,-65620.8443,4524.0036,142455.3798,-7778.7700
2025-01-10,21066.5245,-4578.3197,150747.2004,-39680.1265,-65299.8587,15752.3042,122940.8586,-11178.2893
2025-01-13,14952.4130,-5579.5938,89726.9530,-48134.0148,-121546.9528,29631.6563,130428.7967,-5978.1471
2025-01-14,22442.4875,-4862.1894,105547.1481,-35666.7513,,,,
2025-01-15,18662.6490,-4983.9742,74577.3440,-36353.6774,,,,
2025-01-16,14939.8423,-5091.8974,81113.7776,-36483.7325,-379873.9360,273514.8958,116248.3808,-17947.7044
2025-01-17,9814.2826,-5039.5917,50573.8074,-37207.8999,,,,
2025-01-21,4464.3486,-1815.7848,48514.6265,-18839.6137,-10529.7632,-1111.7899,74415.5676,3691.8384
2025-01-22,4869.4847,-1888.5090,53021.5603,-18163.8531,-11425.1153,-2306.8380,93433.8917,1237.4931
2025-01-23,5019.2076,-1828.0810,54156.5334,-18014.9749,,,,
2025-01-24,4947.1876,-1910.6974,52691.1926,-18805.2509,-12173.0740,-2509.3668,95754.4481,3019.2355
2025-01-27,5020.9510,-1831.2990,55531.1931,-17763.0972,-12483.8363,-2420.2358,93791.5177,2950.8245
2025-01-28,5270.8940,-1878.7550,53714.0025,-16698.5647,-13083.1809,-2297.6690,98984.7696,-666.7245
2025-01-29,5227.7623,-2206.5777,51149.0892,-19315.5520,-13583.1976,-2814.4996,100794.9574,1154.8599
2025-01-30,4959.5534,-2315.0717,47308.9305,-20922.1640,,,,
2025-01-31,9562.7812,-2287.7380,61107.1844,-21374.7494,-36822.8063,-1347.3116,130330.7989,-3377.4592
2025-02-03,8396.8526,-2519.4139,53606.0395,-24072.1567,,,,
2025-02-04,8608.2230,-2548.0399,58478.8894,-25784.1712,,,,
2025-02-05,8964.8609,-2616.8150,59693.1457,-25238.2624,-54920.4992,-3975.0853,180895.5148,7131.4254
2025-02-06,8944.6232,-2770.7636,58893.2594,-24739.6589,-57978.5210,-4028.7744,183935.6971,6421.8969
2025-02-07,9191.8476,-2917.1307,56784.3584,-23247.8905,-59730.5275,-3595.1163,195964.1697,1936.0196
2025-02-10,8911.6193,-3086.9327,54000.3602,-25134.6136,,,,
2025-02-11,8905.8286,-3786.9879,55735.2773,-26241.4805,-10810.1316,-3820.3130,83084.3354,5082.2727
2025-02-12,9264.2855,-3072.7439,62530.4772,-26428.3330,-73513.0727,-3186.5793,132638.1664,1514.5948
2025-02-13,10234.7662,-2827.1397,64567.6325,-23722.5575,-87443.8846,-4031.8622,150952.8017,4435.9549
2025-02-14,11237.4826,-2616.6501,70819.7529,-21578.8975,,,,
2025-02-18,10487.5624,-3133.2912,64089.1970,-23215.7567,-201615.7547,-4712.9205,136376.5999,2853.2409
2025-02-19,11099.6126,-2933.3360,60945.5859,-21619.3275,-288865.5012,-434.7389,136775.2375,1078.6217
2025-02-20,13223.9916,-6248.4257,77852.2136,-34786.6290,-576013.8879,7888.3567,137375.1419,-3420.0084
2025-02-21,15341.8669,-5306.1305,81788.8168,-29330.1866,-1907275.6446,44310.9716,118325.4225,-8000.4437
2025-02-24,6383.4223,-4461.3519,47350.0418,-36444.8835,,,,
2025-02-25,5887.6677,-4439.7166,40536.0322,-42263.8357,-26973.5640,-7540.5977,120929.7619,16731.9806
2025-02-26,5334.1573,-5131.6833,42890.7921,-46755.6087,-26151.6882,-8240.7229,105548.1711,17761.2843
2025-02-27,5170.7540,-5246.2143,34312.5872,-49640.7697,,,,
2025-02-28,6092.4847,-4475.1366,48821.1026,-40686.1969,-26901.2009,-7145.9597,101275.1425,12076.4029
2025-03-03,7129.1358,-30772.8394,59114.1509,-201023.3454,-31422.2890,-38593.8108,104082.6170,-41580.2375
2025-03-04,5966.5696,-31389.2547,47148.1918,-281362.8296,,,,
2025-03-05,5834.9038,-32128.2204,45142.0063,-295394.8151,-39316.2107,-49449.0278,116818.0373,47393.0759
2025-03-06,5830.2726,-32480.1867,40330.8414,-274633.4587,-23481.8356,-50803.9998,103843.8721,44091.5203
2025-03-07,7679.2538,-29681.9562,60378.3282,-248730.1340,-41015.1394,-43184.5343,112761.9064,5816.4615
2025-03-10,8386.8250,-27759.5533,77925.2129,-226023.6200,-43815.2001,-39859.1034,93335.4400,5973.1885
2025-03-11,8778.4861,-27507.7167,69022.3183,-241240.4259,-51884.6010,-42281.4420,107427.1746,17560.1965
2025-03-12,7407.6456,-32090.0933,58613.5763,-314735.1715,-61589.6458,-59926.3750,110981.7681,81920.3594
2025-03-13,6009.8575,-37684.0119,44002.5741,-389906.2732,-74471.3126,-77811.9733,121902.4581,121367.8959
2025-03-14,5522.1597,-40953.8509,45566.4842,-420952.6861,,,,
2025-03-17,6288.4804,-36886.0766,45462.8641,-358167.7051,-132012.3696,-87975.2271,108683.7349,78806.4477
2025-03-18,6134.6308,-38340.2115,46268.1825,-349995.7066,-174627.9169,-52590.5881,108114.8449,28059.7308
2025-03-19,6695.0127,-39065.7479,51293.7880,-293958.2745,-240115.0030,-73553.8024,100789.6590,12714.7073
2025-03-20,6898.2982,-42676.2992,49661.8031,-289583.8171,-466529.7704,-122221.4467,97050.2488,5679.6223
2025-03-21,6481.0061,-38341.8825,46934.2684,-333538.3401,-1708808.4933,-355638.0391,83938.0910,32350.7474
2025-03-24,4320.8814,-30862.4387,39558.9624,-231792.8252,-12771.5161,-42590.0352,79468.3679,16308.8714
2025-03-25,4422.7614,-27232.3493,52484.3930,-197920.0185,-12663.4836,-26136.6424,72706.5034,-28407.3377
2025-03-26,4854.5243,-28899.7783,47371.0043,-203555.5425,-13707.8111,-25113.8248,77939.7769,-35397.4582
2025-03-27,5323.5134,-27695.9871,48399.4672,-185344.2240,-15407.9518,-14657.9573,84076.9945,-70836.3644
2025-03-28,5381.9903,-27752.9497,50078.2863,-194445.8893,-15464.5530,-21450.7375,80799.1374,-37547.6920
2025-03-31,4618.9057,-34442.4246,36038.9609,-288850.0310,-19702.4947,-43949.5209,90649.2173,12815.5432
2025-04-01,5071.6048,-33090.0114,39502.1505,-264853.3568,-21131.0533,-36831.5199,90883.7689,-370.6560
2025-04-02,4982.1463,-35259.5221,37736.5611,-297753.2098,-23363.6276,-53644.8603,93186.9726,31023.1760
2025-04-03,6200.9886,-44492.9713,41049.4195,-325086.1898,-31484.2105,-51848.0481,108922.5208,18038.5604
2025-04-04,3561.9334,-60573.5433,26469.3565,-607263.1801,-33479.4335,-155675.6848,100740.7161,211818.2194
2025-04-07,3222.6523,-49767.9463,21363.4873,-507197.1499,-39482.0701,-181931.4573,132985.6275,215367.4015
2025-04-08,3710.5687,-46468.2936,25887.8979,-493376.1162,-45573.2135,-160326.3151,103516.0951,107873.6414
2025-04-09,2975.4575,-50511.7323,24219.4054,-711546.0782,-53731.9377,-294912.3816,92066.6614,217151.8450
2025-04-10,4365.9243,-67471.6319,33488.5016,-420853.6019,-50235.9327,-102085.2291,94632.3559,55188.7612
2025-04-11,5537.0304,-51700.7352,43340.7373,-343838.6825,-49898.4412,-94410.3594,81391.2452,39140.5400
2025-04-14,7926.7240,-45501.9117,43028.2360,-231536.6131,-86921.5307,139349.7865,85354.1287,-28473.1102
2025-04-15,6690.8064,-58110.5569,40804.0261,-254247.7386,-114671.0740,403047.1896,76289.6979,-48704.9324
2025-04-16,6087.2317,-62177.7177,38887.5442,-250698.2642,-239572.1457,1421801.1534,78924.7186,-69242.7759
2025-04-17,6106.1500,-69149.2640,39551.0673,-272860.6922,-892272.5634,4179875.8365,75342.3588,-19333.7827
2025-04-21,2372.3791,-1623.7040,25362.4045,-18393.2218,-7343.2642,-2504.5969,69766.9257,8859.5903
2025-04-22,2430.8952,-1729.9318,25457.5231,-20070.9955,-7764.3454,-2805.7782,73148.9351,9730.3757
2025-04-23,2547.5276,-1849.6330,26194.0763,-17598.5130,-7879.3201,-2359.5102,73756.5368,4722.3653
2025-04-24,2371.5346,-1855.7043,22645.0327,-20269.6660,-8260.1972,-2759.7642,76918.4863,7474.4548
2025-04-25,2524.8078,-1808.7345,26510.5458,-17742.1476,-8260.5441,-2474.8611,74334.5438,5236.6243
2025-04-28,2840.3936,-1750.8732,27410.7025,-17543.0069,-8667.7611,-2446.9865,71262.6850,5058.0652
2025-04-29,2650.3512,-2075.1824,23615.6852,-20422.5483,-8814.3775,-2530.7403,72839.9819,4362.5940
2025-04-30,2574.8815,-2197.6516,24109.7544,-21002.2973,-9132.4655,-2837.4456,73076.8616,6075.0391
2025-05-01,2660.6418,-2262.7893,23425.5746,-20606.7264,-9545.3628,-2941.4837,75940.6027,5877.8645
2025-05-02,2835.3385,-2084.0312,25548.1460,-18836.6872,-9498.1398,-2572.7833,72784.4755,2795.6278
2025-05-05,3004.4732,-2244.2348,24704.5473,-18945.9224,-10065.1917,-1959.5440,73536.5627,1545.8000
2025-05-06,2913.8619,-2497.9437,23722.8844,-22530.0341,-11175.5097,-2913.5745,75741.1220,4829.4581
2025-05-07,2648.0711,-2609.9775,21757.9741,-24101.6965,-11878.3376,-3891.9439,81554.7398,8435.0674
2025-05-08,2930.8589,-2726.9046,21955.8588,-23709.1522,-12190.6435,-2621.7201,80153.9565,4693.2132
2025-05-09,2866.2416,-2670.4302,22400.2006,-22683.4962,-12025.0126,-2667.3670,77629.6486,4518.8007
2025-05-12,3374.1794,-2693.6491,27779.2200,-16144.4825,-11404.5662,1945.7296,71776.4945,-2851.1304
2025-05-13,3324.6702,-2268.4581,28514.8040,-15860.9698,-12941.3751,5608.4785,74775.3255,-1198.0992
2025-05-14,3240.3029,-2065.3222,28305.0205,-15639.0141,-13547.9330,19715.8044,70461.1648,-4686.9126
2025-05-15,3330.1136,-2336.7393,30766.4602,-17187.0662,-17185.6124,37041.6052,64120.5294,-1118.2184
2025-05-16,3675.3157,-1866.4912,32196.9398,-14438.9884,-26705.4592,155931.8138,65260.4230,-1497.5945
2025-05-19,2939.2094,-1330.3335,28991.5857,-11517.7545,-9543.3436,-1609.5091,63644.5262,441.1928
2025-05-20,3084.7304,-1345.4963,30725.9578,-10337.0834,-9171.2946,-1245.4120,61003.6938,-2705.6003
2025-05-21,3045.9750,-1392.5383,27234.8141,-11376.7436,-9886.5951,-1101.7448,67583.9567,-2687.5597
2025-05-22,2630.2003,-1523.2140,30655.2932,-16566.7626,-9615.6009,-2508.3708,58180.2716,7303.3502
2025-05-23,2683.2075,-1568.0063,24127.5328,-13992.8630,-10788.1545,-1723.1255,67572.4507,-29.4182
2025-05-27,3050.1376,-1457.3653,28139.1132,-11780.8239,-11382.6939,-1060.6344,64206.8191,-1713.2836
2025-05-28,6200.7523,-1087.0645,65363.9634,-8516.0069,-14325.7181,-199.2907,74681.5605,-3753.7026
2025-05-29,6192.7712,-1145.9856,60557.4395,-8014.9737,-15763.0323,439.8474,83182.3220,-9491.1533
2025-05-30,6066.2120,-1368.6870,52476.5316,-10393.8214,-17163.1245,-1021.2556,92778.2477,-1327.8320
2025-06-02,5768.7531,-1524.5929,49317.3690,-11000.0149,-18816.0533,-689.9026,92041.3638,-1978.5247
2025-06-03,5595.5425,-1768.1463,43393.0135,-12404.1539,-20471.8406,-993.8787,98303.4701,-2287.6531
2025-06-04,6335.1574,-1509.3369,51049.5682,-10066.2925,-20033.6079,341.1375,90132.1559,-5228.5824
2025-06-05,5489.8408,-1757.4037,50635.4718,-11469.0340,-20203.9083,-506.5117,86603.7100,-2719.8431
2025-06-06,6495.9415,-1594.8168,51434.3041,-10240.4723,-23169.5278,-868.2179,98294.5988,-693.6283
2025-06-09,9050.8594,-1695.4085,57544.5554,-10190.3128,-34950.6764,917.5388,104432.6210,-3595.9470
2025-06-10,9876.7805,-1633.3179,58649.0242,-9255.6028,-37766.4132,2339.2498,106415.5287,-5227.9749
2025-06-11,10693.2854,-1256.0926,76840.5993,-7539.3668,-33149.9883,5946.8308,81221.9399,-10198.9290
2025-06-12,8642.4535,-1948.2387,62127.8379,-11998.7563,-37686.9459,4519.6937,85429.4230,-5924.0548
2025-06-13,8292.7060,-1862.2364,61908.3781,-13745.1488,-44326.7028,4040.8780,87376.8010,-1977.3927
2025-06-16,9632.5031,-1815.7234,58353.3264,-12254.4270,-70294.1739,10619.1216,93490.6471,-2501.0384
2025-06-17,9378.3902,-1914.4758,61234.4668,-12098.0280,-84675.6341,18893.2853,84194.6905,-2916.9922
2025-06-18,9469.8566,-1779.9771,55135.1445,-11623.0919,-128122.9229,30231.2231,95849.9479,-1741.9085
2025-06-20,12137.0188,-1433.7681,62859.3083,-9325.6241,-705161.1102,302006.5047,77497.7593,-928.2441
2025-06-23,4897.5399,-663.0024,35844.3680,-8023.6177,-13231.4045,-1238.0669,78048.8721,2117.6481
2025-06-24,5564.2223,-830.9941,39883.2313,-7970.9419,-13431.1091,-1355.3136,77741.0161,605.1566
2025-06-25,5177.5773,-814.4764,41862.4556,-8260.5386,-13207.3860,-1380.1143,76448.8553,1092.5712
2025-06-26,5605.3536,-877.3259,39203.6328,-8496.5244,-14095.2138,-1427.8375,80047.7489,657.7847
2025-06-27,6919.0247,-808.3177,59743.9822,-6779.3626,-12477.6656,-1135.3463,59280.5505,-732.4508
2025-06-30,7649.7339,-944.4728,70926.9665,-8208.3855,-14852.8109,-1351.2966,61125.5497,-1313.7380
2025-07-01,19655.7360,-9605.6550,190052.1312,-114759.3639,-46410.4281,-22368.7244,91498.4581,13279.6904
2025-07-02,15053.1827,-11937.2036,165335.2846,-73976.7063,-40332.7320,14374.3708,96745.9462,-81046.5822
2025-07-03,17220.5959,-10196.7319,162102.5808,-57790.4648,-44747.9631,30307.2048,85526.6942,-138419.5249
2025-07-07,16975.7671,-12212.9224,150135.3316,-72897.6251,-50865.5353,38913.2135,93869.1971,-80372.2690
2025-07-08,14876.0783,-10337.7284,143853.6120,-56668.6820,-52682.0322,72820.1737,100144.0207,-143659.9607
2025-07-09,14363.7504,-9513.0312,99886.5540,-47925.7037,-52422.4533,96264.7063,97519.1433,-161737.0049
2025-07-10,12999.4696,-9697.6602,94797.5208,-50767.8440,-55366.8972,88913.2062,102696.6154,-107474.0628
2025-07-11,12103.9153,-8329.7253,97944.0191,-42866.8773,-59227.4155,138504.2592,101325.0257,-150245.8872
2025-07-14,12835.6458,-10666.3599,90965.6030,-51500.2695,-91949.6652,238573.0952,90254.2835,-95992.7625
2025-07-15,13254.7465,-8276.9791,87945.2152,-40114.2777,-127357.9603,422275.0791,99711.3304,-157480.0786
2025-07-16,9403.8015,-12758.3020,61243.2937,-65234.2569,-208469.6993,669132.2280,98962.5867,-128750.5994
2025-07-17,7942.6409,-14287.6558,54916.3520,-68438.5355,-478616.0949,1197874.4720,107742.0854,-101706.8728
2025-07-18,10095.2369,-11750.8389,65820.6520,-56819.5294,-1444915.5496,4900969.0555,78910.9114,-37496.2672
2025-07-21,6176.7457,-3713.7060,56965.2890,-47756.8622,-13009.4943,-7948.3746,73592.6014,18896.9205
2025-07-22,5533.6283,-5337.0525,49640.9768,-55877.4262,-13995.4958,-11167.5498,86382.7462,27426.0359
2025-07-23,5939.7142,-6387.2285,57129.5758,-52161.4477,-13089.1010,-11106.7497,73146.3512,21253.2783
2025-07-24,6285.7775,-5585.0124,56828.9838,-50058.9454,-13860.4515,-9729.5967,75561.5703,14921.2557
2025-07-25,6478.1810,-5239.9851,56098.6644,-49878.2901,-15030.3278,-9862.7028,82188.4880,16114.4356
2025-07-28,6219.9782,-6355.0019,54721.6010,-56228.5048,-15528.0963,-13613.7155,80480.9664,29003.8814
2025-07-29,7258.7754,-5611.2788,65478.0120,-43207.3263,-14858.4783,-9165.5559,66646.9945,8050.4355
2025-07-30,6734.4674,-5081.1356,56741.8243,-48022.6683,-16096.8014,-9752.4972,78451.0758,11034.4842
2025-07-31,6397.5725,-5582.9809,54129.1317,-56508.9381,-18547.9617,-13526.7624,81897.4817,23964.8147
2025-08-01,5875.9532,-5033.2743,47751.0848,-67079.6982,-21407.8592,-18391.1228,92463.4341,41493.9950
2025-08-04,6353.7136,-5320.0100,48811.2525,-64376.9537,-24855.3325,-19936.1524,94996.6847,33439.2590
2025-08-05,6637.7269,-5271.4484,50821.6795,-64325.6768,-25476.5043,-20502.8892,90346.2158,32081.4542
2025-08-06,6939.6626,-5853.1630,52062.4134,-61443.4792,-27144.0271,-20658.5893,93103.2010,27077.2488
2025-08-07,7140.1700,-5820.9104,54438.5589,-62558.1952,-28528.4362,-22360.5017,87532.6913,27864.4041
2025-08-08,7374.1523,-6032.6091,56018.7965,-61998.5182,-30467.1255,-24555.7706,85445.4528,28608.3656
2025-08-11,2880.3922,-987.6171,28074.2541,-6415.7351,-22327.9017,3042.7246,44779.6129,-2052.2089
2025-08-12,6771.5333,-5434.0898,46846.9939,-67467.0093,-61108.5611,-51040.0470,90382.4241,22189.6059
2025-08-13,7512.6607,-6429.4989,53790.0102,-60760.6542,-75343.9225,-54750.7077,83286.6264,12481.3891
2025-08-14,442.5985,-542.0208,2989.5833,-3299.9213,-60642.2278,14025.5484,10612.5173,-1930.4159
2025-08-15,8546.3370,-6414.9107,60844.1278,-60128.6136,-313767.2653,-268394.7032,68020.2687,5881.4321
2025-08-18,4703.0561,-1478.6089,43617.4964,-11310.5435,-11348.3470,-1697.3521,72953.4455,-3415.3516
2025-08-19,948.2137,-968.0907,5381.6337,-7536.5827,,,,
2025-08-20,5551.0418,-1266.0702,56815.7993,-10103.7249,-10968.8481,-1197.7525,57785.2790,-3528.6742
2025-08-21,5296.0144,-1480.8431,49332.7936,-10971.6313,-11973.4240,-1513.2373,69748.7168,-3112.3154
2025-08-22,5228.4157,-1456.6052,47878.0137,-11436.1508,-13041.2784,-1622.3092,73579.2412,-2325.3668
2025-08-25,5784.4599,-1230.8567,62419.9447,-7686.0027,-11706.5730,-740.3569,51960.3346,-8759.1346
2025-08-26,5924.0055,-1139.8037,63868.1033,-7584.0768,-12354.3892,-555.5402,55322.8210,-8182.6026
2025-08-27,4985.9848,-1091.9605,57564.8232,-6959.3803,-9787.6773,-551.2687,38267.3521,-6967.8638
2025-08-28,6381.9389,-991.6658,70820.0341,-7422.7679,-11810.4793,-209.5237,40513.2437,-7363.4194
2025-08-29,6151.9900,-1172.8131,65169.7748,-7301.3616,-12674.3470,-428.7332,52764.1751,-8249.3311
2025-09-02,5774.6266,-1452.0591,54798.1439,-10729.5238,-14337.3190,-850.9483,58989.6231,-3050.3482
2025-09-03,5825.2154,-1499.2109,57018.6351,-10293.9472,-14052.8722,-769.2017,55182.3469,-3613.8085
2025-09-04,6177.4879,-1384.1524,61461.4659,-7828.3890,-14102.6649,84.4315,53777.3253,-7778.4850
2025-09-05,6289.1501,-981.0973,76127.1106,-5911.0973,-11694.3332,905.2537,34442.3690,-9029.7754
2025-09-08,6445.0592,-1031.7766,79513.6624,-6780.6669,-12737.0153,2138.0365,42577.4248,-8235.9282
2025-09-09,6755.1321,-1177.2562,78883.9618,-8240.9115,-11402.8106,3135.8536,33948.3292,-11559.3540
2025-09-10,6532.7579,-1361.4098,70362.2115,-9382.8245,-13986.4759,2989.5340,48754.6419,-10071.2740
2025-09-11,7075.4058,-1324.6530,73168.9435,-8569.9844,-14665.8713,3382.6143,49296.0119,-8028.1138
2025-09-12,7099.0215,-1240.5561,72131.6148,-8303.2437,-14231.7831,4558.8591,45150.7446,-8172.3225
2025-09-15,7268.9889,-1419.0978,70576.0393,-8684.7092,-18656.0794,9234.6334,52123.8060,-6845.4031
2025-09-16,7518.5508,-1272.6987,74700.6934,-8005.9927,-16396.1811,13919.7409,47473.6112,-6432.7334
2025-09-17,7707.7174,-1346.8954,76208.4573,-7561.3124,-18303.2976,23350.6140,52313.8433,-7394.1565
2025-09-18,7635.5244,-1762.8961,68330.7006,-7518.7617,-30994.6278,57937.2959,56189.1067,-8809.5726
2025-09-19,6465.2755,-1015.2841,82560.1583,-5646.1399,30963.6696,56133.2559,28781.6831,-10132.7741
2025-09-22,5609.6985,-515.7754,51740.1702,-5425.9246,-12581.8073,19.6252,54203.0615,-4580.6059
2025-09-23,5708.7237,-516.1752,52822.0655,-5855.9461,-13766.9061,157.2407,58638.5889,-2680.4266
2025-09-24,5737.6983,-643.6445,51693.6268,-7045.3076,-14270.8041,-75.8884,60478.3462,-1580.1745
2025-09-25,4818.4737,-758.6682,41617.1325,-8492.8941,-15969.2117,-348.8650,71395.0786,-476.6165
2025-09-26,5137.3534,-706.5936,47242.8276,-7943.1376,-15443.3411,-24.1799,61926.7848,-1571.3749
2025-09-29,6399.8316,-724.4572,54613.6424,-6623.2910,-16429.8707,355.8315,60575.2650,-3531.4644
2025-09-30,5289.3159,-677.0973,55343.6059,-7195.5910,-17014.7334,716.0504,64827.4527,-4233.2190
2025-10-01,6470.0221,-700.9700,55057.4442,-6428.0632,-17530.4741,720.7058,61021.5079,-3967.9739
2025-10-02,6348.6383,-760.8379,52202.9415,-7023.6412,-18070.6394,639.0799,59937.7371,-3078.9030
2025-10-03,6627.5844,-697.2424,55948.1742,-6643.0713,-17410.9542,1361.6877,53543.6042,-4831.1529
2025-10-06,7169.7948,-670.5297,57879.6727,-6167.4380,-21098.6955,2136.3600,57393.4633,-4606.4895
2025-10-07,6837.9887,-751.9661,56343.4677,-6621.8001,-20683.5109,2531.5015,51097.4451,-5234.5380
2025-10-08,5342.5715,-1070.6160,38812.9213,-10045.3148,-30813.2587,1496.7920,70191.6427,-238.0925
2025-10-09,7669.6504,-883.8726,46845.8726,-8093.6292,-32877.4822,2220.8426,70682.0394,-1276.8654
2025-10-10,6870.0586,-928.7160,45288.8413,-8589.8268,-33755.2040,2794.5170,63389.1596,-1089.7122
2025-10-13,4829.4162,-1114.4759,28181.1614,-11383.7381,-68608.4043,6204.9916,75780.8182,1600.9335
2025-10-14,13471.8913,-28606.2042,71546.8458,-263740.2065,-131177.7789,-33541.3253,290987.8974,70676.1542
2025-10-15,22870.5999,-39652.8130,109925.2954,-302939.8848,-193656.7718,-38202.8212,400277.2478,5296.0012
2025-10-16,18906.6473,-41313.0112,100992.3519,-376754.3488,-289303.4945,-26136.5408,370565.3268,73811.5777
2025-10-17,18798.7674,-41303.5984,96756.9985,-374650.6023,-921313.8256,67953.1236,373960.8791,83880.1102
2025-10-20,16141.2214,-40860.6131,66691.4486,-336843.8198,-91022.8132,-62327.1886,468970.8115,56090.1702
2025-10-21,18894.3366,-42936.0092,81508.5682,-322381.7530,-97855.7889,-55410.4742,460940.8423,-7174.4654
2025-10-22,24466.4787,-37433.0248,136453.2519,-266719.6810,-87747.5401,-45937.4137,367884.0120,-23825.7158
2025-10-23,25620.6888,-35743.5750,144382.7209,-292147.8046,-86765.8160,-43499.1987,339114.4820,-25745.4861
2025-10-24,31513.8862,-33200.9907,184365.7064,-194182.7259,-86033.2931,-30164.8792,317589.8466,-124611.3895
2025-10-27,24000.2780,-41790.7626,88430.4581,-260306.1995,-120071.2725,-44601.1301,528198.3451,-65052.4035
2025-10-28,17843.3263,-48048.1784,86730.2080,-399709.3130,-113107.1576,-69071.2611,401325.8993,66193.6152
2025-10-29,13641.0214,-53558.4322,58310.0027,-466408.1376,-127111.3492,-87165.0014,460663.1831,119695.3772
2025-10-30,13683.8445,-60368.2223,58834.4938,-483413.0213,-129776.6682,-93019.0554,438314.9035,121825.6721
2025-10-31,15676.7445,-53319.4831,71219.6687,-455608.6154,-127492.8129,-82907.9176,397215.5208,98072.4666
2025-11-03,15692.5148,-71158.4964,68402.6510,-422126.1127,-150822.2257,-100357.4775,415862.8016,101608.2504
2025-11-04,18670.5836,-47855.3923,107108.3374,-373338.8421,-139141.9969,-72390.1013,308164.8617,11146.2060
2025-11-05,21107.6636,-45108.1552,94780.4588,-313804.9104,-151569.5332,-50427.1521,369147.1554,-26502.6023
2025-11-06,21610.2041,-49225.1128,112147.0408,-277854.9062,-149081.4807,-34245.2686,312865.5781,-136181.9602
2025-11-07,17663.0264,-60701.3688,77575.4813,-378748.8215,-174160.8434,-77071.9695,365258.5118,28515.3860
2025-11-10,25802.4922,-40080.9615,125706.2904,-281855.9979,-180738.9251,-37197.0100,280123.9068,-18274.4755
2025-11-11,29810.6759,-39196.6141,117797.4708,-201847.6471,-214002.3312,22855.2307,338065.6432,-115178.6001
2025-11-12,27043.7102,-45675.2548,128193.1946,-199485.4664,-223972.2794,40902.0094,280240.3753,-154561.9046
2025-11-13,30621.7750,-38922.0776,111507.8263,-182491.4225,-265768.1771,70075.3382,336369.1906,-142079.8674
2025-11-14,29073.9668,-43315.6914,111556.7480,-151578.2267,-282708.3328,144385.4556,297632.7656,-230451.5345
2025-11-17,14915.4109,-96190.6855,62617.4895,-363437.0313,-572141.5326,69529.0195,258034.9530,-97038.0604
2025-11-18,13495.1822,-72279.6402,46634.2419,-225758.1198,-802962.3979,293200.7393,317636.6768,-142566.9941
2025-11-19,10825.2689,-101127.9967,40296.5482,-383676.1658,-1221471.9275,144028.6437,253855.8914,-45652.1781
2025-11-20,15970.2171,-111226.5764,62366.7322,-277498.7878,-2220244.4968,1120825.6603,182717.5049,-122217.3889
2025-11-21,6935.8636,-95765.4906,27130.2873,-402998.3952,-9131703.3602,1223173.4429,145495.3481,-9414.5595
2025-11-24,3706.1534,-752.8070,29139.4334,-6657.4909,-12907.6127,-759.1193,51226.3824,-244.2566
2025-11-25,3920.9031,-820.5400,25045.6232,-6692.0062,-15068.0918,-842.6631,63498.7728,-462.9023
2025-11-26,4573.1508,-775.0277,26875.5163,-6181.8028,-15256.9410,-726.6947,59504.8322,-832.3997
2025-11-28,4782.2901,-596.7120,31417.9772,-5562.1704,-16314.6160,-576.5082,63148.1377,-128.6573
2025-12-01,3447.6250,-916.1330,23827.9375,-7078.2742,-17902.7115,-848.8539,59700.0397,-146.4368
2025-12-02,3341.5782,-989.3183,22647.2768,-8171.7539,-18804.8099,-1086.1862,58964.9343,626.3360
2025-12-03,3304.1892,-975.5271,20815.0170,-8154.8116,-20078.7746,-927.6551,60313.6779,272.1621
2025-12-04,12726.7681,-28248.7346,64135.2845,-229962.1395,-86511.7914,-36997.4008,417039.2602,-40219.9553
2025-12-05,10565.1655,-38096.7846,48741.1206,-266198.4600,-92503.2489,-47150.3778,455111.6980,-5297.9314
2025-12-08,12644.9289,-30703.7955,69184.0499,-252162.7349,-95566.8831,-41140.8701,377895.1675,4266.0676
2025-12-09,12681.1825,-32088.3073,74160.9746,-261622.4516,-97541.1745,-42523.9734,349947.6560,5338.6838
2025-12-10,12274.3450,-32438.1438,73283.6053,-272892.5913,-102771.8789,-44415.0790,342715.9891,21829.7952
2025-12-11,17424.3263,-23655.3893,88614.6719,-195893.3207,-103093.1140,-33495.6122,367338.1964,-2887.4726
2025-12-12,19898.0564,-19879.2127,141131.1946,-160118.5331,-91324.0338,-23485.8445,262039.6284,-41445.9044
2025-12-15,19923.3777,-20670.4882,129174.5196,-155211.0947,-117897.8109,-20975.6595,273315.1181,-47205.4804
2025-12-16,15626.2539,-23705.6268,62859.0099,-158621.0082,-162921.7150,-14522.8714,415111.1454,-104716.7465
2025-12-17,17488.9300,-22474.7587,104057.1010,-176713.9105,-192168.9048,-16667.6928,298285.3738,-33998.0905
2025-12-18,18987.6754,-22163.9826,109182.5731,-150647.3662,-290477.7869,3893.4010,293091.3527,-67811.4471
2025-12-19,17751.8158,-22357.5642,87870.2173,-173296.6378,-808485.6508,30586.0666,317350.9353,-38617.8889
2025-12-22,16528.8898,-23234.4013,78333.3692,-126206.0538,-89123.4934,-13888.2398,319624.7768,-113693.1200
2025-12-23,19303.6429,-19839.4275,88349.9506,-141839.5035,-90983.6990,-18165.3188,320042.8607,-45091.3103
2025-12-24,17745.3278,-20404.7268,78537.8244,-163980.6331,-96075.6161,-25253.8550,331510.3621,-14061.4154
2025-12-26,17136.1891,-20763.2623,66458.2335,-121688.0759,-108212.6560,-4142.4374,367408.8437,-97436.8189
2025-12-29,19107.5235,-19564.8941,83869.1945,-128062.9420,-111620.0022,-3273.8967,296644.8169,-65573.6363
2025-12-30,17329.0640,-21507.1554,80349.1427,-134025.8964,-118222.1949,-1064.7270,281207.3730,-71989.4457
2025-12-31,15075.0436,-24109.9669,61630.0830,-118279.4430,-130974.3765,9361.1406,313226.9205,-120659.8073
2026-01-02,13159.7848,-28697.8991,63509.4346,-187329.6257,-145346.7351,-15043.7706,259769.2443,-34840.0050
2026-01-05,17399.8280,-21466.1932,69260.0577,-113841.5114,-170606.8374,29036.3990,268432.5329,-85624.0544
2026-01-06,11509.1678,-34271.5980,42860.5464,-159137.6641,-205830.9242,51279.0899,298509.7817,-143986.7680
2026-01-07,6278.8948,-87135.2755,23006.2223,-615449.8245,-253222.3018,-118042.6318,326293.1390,162395.0425
2026-01-08,4804.5548,-54089.4900,19787.5774,-515996.4367,-305521.3023,-96182.1200,353360.7802,8559.1702
2026-01-09,10568.4647,-57559.5206,33698.9199,-349853.4675,-316962.8827,41237.6600,343106.5033,-83556.6245
2026-01-12,11071.6266,-56932.7811,37563.6162,-358619.7061,-508305.2278,129979.1629,243047.8256,-64216.4816
2026-01-13,11275.1963,-74805.9875,45180.4882,-388100.6756,-654729.0453,124297.4634,191383.6119,-22019.0678
2026-01-14,9232.4410,-102041.5301,31668.7451,-413892.0502,-1006666.4041,402014.5874,191209.9653,-24972.2873
2026-01-15,9047.0727,-99898.4825,31006.3978,-256139.5266,-2051972.9614,2186831.9417,198757.7078,-165196.7324
2026-01-16,7327.6313,-53444.1854,31429.6723,-254653.2418,-7321285.8463,7683295.4201,108887.9578,-81734.9263
2026-01-20,1281.7265,-855.7723,14126.5861,-7566.6935,-4817.5877,-1064.5992,33973.8502,-219.5698
2026-01-21,1646.5245,-708.1344,17793.7190,-5784.4840,-5020.7528,-825.0718,31670.3020,-2070.2071
2026-01-22,1857.2069,-625.9794,19460.6382,-4875.8117,-5158.9204,-647.6189,30708.2467,-3667.9566
2026-01-23,1790.9466,-629.6762,19996.0288,-4897.5968,-5130.4025,-618.2114,30653.5287,-3439.0500
2026-01-26,1641.3882,-711.2742,17985.8441,-5482.9615,-5477.1167,-690.6960,31691.5693,-3811.3810
2026-01-27,1467.4638,-957.0401,14358.7568,-7490.4505,-5956.8479,-958.8777,36021.8933,-1765.1091
2026-01-28,1576.9219,-968.7347,15473.7037,-7725.8697,-5806.0695,-975.3889,30939.2370,-1447.0983
2026-01-29,1486.6840,-926.8663,15812.3357,-7437.6781,-6086.4299,-1059.7568,34160.5554,-521.3653
2026-01-30,1563.2690,-937.9001,15147.4625,-7875.5146,-6105.8033,-909.9412,33157.1168,-1165.6475
2026-02-02,1708.2936,-808.2859,17828.7107,-6628.9000,-6193.4015,-710.5198,29061.0402,-1571.7136
2026-02-03,2313.6080,-639.5691,23217.4645,-5230.1776,-6349.6796,-493.0713,29145.4531,-2307.1361
2026-02-04,2090.0004,-440.4238,31031.8385,-3459.6500,-5030.4189,64.9986,22985.0021,-3482.7167
2026-02-05,2205.2217,-386.1489,31673.1779,-3065.2912,-4928.1148,1116.5085,22082.7064,-6066.6889
2026-02-06,2170.9431,-380.3254,34915.0867,-3325.2294,-4427.9489,631.4902,17656.9543,-3051.6359
2026-02-09,1975.0794,-317.0486,33728.5633,-2648.3454,-4485.6664,2531.1127,18707.2007,-7119.8783
2026-02-10,2209.5016,-376.2648,33216.4218,-3080.8609,-4407.4387,1625.4398,18686.6382,-3976.0110
2026-02-11,2357.2428,-291.3028,37416.4068,-2352.1290,-3615.2766,3370.7847,14714.6887,-7176.0596
2026-02-12,2227.5459,-294.1675,37179.7227,-2508.8847,-3453.2963,3791.0581,16599.1235,-6094.5500
2026-02-13,2518.2437,-403.6444,32371.2692,-3192.1570,-5063.6924,3694.1189,19780.5076,-5036.0681
2026-02-17,2507.6786,-349.2943,34502.6663,-2838.1767,-2375.4088,12024.4886,15780.5144,-5140.1743
2026-02-18,2550.0956,-425.8160,35040.1083,-3139.0572,-175.8438,18947.3967,14729.7628,-4248.2704
2026-02-19,2435.3838,-415.2311,33976.5764,-2994.6295,4094.6975,40324.8456,17273.0564,-3959.6522
2026-02-20,2493.3987,-428.8917,34252.1935,-3804.2693,41431.3780,126373.9365,17963.6116,-966.0200
2026-02-23,2037.4729,-250.2717,26852.8988,-2321.1047,-5835.3299,89.9504,12476.8698,-2536.6012
2026-02-24,2042.7173,-365.0544,22888.7921,-3195.4096,-7043.8828,-274.7706,25194.7628,-1140.1409
2026-02-25,2039.4723,-282.2025,27158.7871,-2563.9857,-6323.5118,45.9864,13720.7190,-1995.6953
2026-02-26,1896.7366,-290.1400,26894.4853,-2666.6486,-6284.7488,54.3686,15119.0636,-1733.1809
2026-02-27,2163.2738,-368.3198,24732.2147,-3158.9630,-6933.0692,-249.3963,21430.5255,-742.6880
2026-03-02,1809.9580,-325.0042,23762.0709,-2780.6880,-7652.6842,301.5278,22258.0736,-2183.9803
2026-03-03,1740.2398,-395.3006,21471.9722,-3385.3810,-8521.6026,-41.2546,24169.4354,-1111.6048
2026-03-04,1799.1892,-371.3181,23239.9761,-2594.9339,-8579.7280,325.2387,23465.3152,-2685.4463
2026-03-05,2007.6559,-319.4473,24959.7684,-2514.8447,-8532.2405,673.6080,21319.1244,-2569.4871
2026-03-06,1823.0411,-528.2212,20501.4880,-4089.0621,-10109.9883,246.7050,22334.9863,-1638.9592
2026-03-09,1805.3039,-544.8184,18778.1870,-4320.3157,-12633.1116,697.9408,23470.7621,-1488.6465
2026-03-10,1919.0648,-544.9297,19130.9742,-4045.2277,-13416.7203,735.2628,22623.0941,-1522.8896
2026-03-11,1714.0317,-516.4433,17491.6096,-4183.8710,-15884.8476,1030.2851,26266.3404,-1214.8022
2026-03-12,2391.9445,-393.4225,22455.9256,-2954.0877,-12926.6517,3072.5713,16870.1141,-3107.3140
2026-03-13,2101.2626,-448.3061,20325.8300,-3104.8173,-17471.6928,4088.6930,22792.2985,-4200.7255
2026-03-16,2113.6532,-521.1492,20438.3997,-3324.5192,-26370.3549,6997.0192,18206.7044,-2340.9001
2026-03-17,1916.8468,-644.8393,18995.0700,-4154.0616,-36838.6469,9114.2127,17942.0611,-1660.4008
2026-03-18,2185.0944,-612.6834,18167.8314,-3875.7245,-55549.7375,21033.6023,18038.3680,-3285.9398
2026-03-19,1563.5268,-860.5697,15101.7301,-6681.7338,-123650.5887,32799.3936,16801.7812,-831.4960
2026-03-20,1469.5224,-954.7869,13221.9142,-5678.8777,-503174.4056,155748.9981,15760.4311,-495.8873
2026-03-23,553.6889,-274.1229,9548.4725,-2819.9613,-1761.9805,-309.2901,12479.2133,-96.6094
2026-03-24,767.1871,-1363.2937,12314.4759,-14788.8401,-2270.5929,-2611.4989,15808.5042,4136.5572
2026-03-25,843.1515,-1162.6207,16042.6883,-10816.2221,-2089.0165,-1759.0277,13169.4115,1512.1840
2026-03-26,842.8905,-1134.0244,16363.8289,-9664.6652,-2060.6223,-1254.6214,12633.7432,-454.5881
2026-03-27,810.0297,-1300.9612,14315.1507,-13033.4447,-2230.9037,-1952.9515,13267.8202,1951.6668
2026-03-30,795.7533,-1318.7404,15046.4295,-11964.1787,-2350.9499,-2039.6527,13201.5556,1911.3852
2026-03-31,914.0256,-1017.0566,16368.3761,-10006.3735,-2455.0559,-1695.1792,12298.2213,1627.0000
2026-04-01,1018.9006,-1998.5090,16250.1716,-15459.4641,-3242.1501,-2227.8749,14779.8049,679.1714
2026-04-02,1205.6909,-1293.9461,19095.4734,-10031.2508,-3662.9711,125.1188,12844.6032,-3713.3209
2026-04-06,1139.9702,-1728.2526,16138.4873,-11555.3240,-4970.1860,-324.5186,15618.5279,-2661.5044
2026-04-07,1201.4317,-1451.0150,17028.8764,-11070.2187,-5249.6915,849.1412,14694.0180,-2754.2553
2026-04-08,1551.2982,-1034.0157,22016.9008,-7228.4943,-4730.6297,3245.1844,12284.6237,-4097.7437
2026-04-09,1414.8995,-833.9676,21232.7827,-4664.7374,-4889.1946,8528.2830,12481.6906,-11386.1698
2026-04-10,1938.0955,-1612.0270,29424.7544,-8685.4206,-5669.5998,9978.9829,15566.0746,-17285.0163
2026-04-13,2088.4216,-1850.7409,26637.1845,-11663.9274,-7837.3809,18816.6350,17289.9196,-9090.6940
2026-04-14,2041.0466,-1700.5269,26691.7312,-10614.0364,-9010.1888,29542.7919,17125.3479,-10601.6528
2026-04-15,2182.2601,-1673.1571,25733.6025,-10201.2826,-14846.3257,46811.8495,18997.3165,-8279.6998
2026-04-16,2004.5295,-1880.0709,24766.6229,-11595.9850,-28639.6739,102447.1178,18553.0777,-6667.0241
2026-04-17,2299.2411,-1479.9215,26539.8903,-9149.4249,-78450.7249,436815.9598,16635.9235,-4949.7964
2026-04-20,1525.8305,-977.7106,27772.6705,-6030.3477,-3166.5243,-918.2540,14850.7079,-4580.4865
2026-04-21,1557.8236,-935.3024,27720.8399,-5957.3508,-3473.9323,-852.1397,17543.2105,-4411.2353
2026-04-22,1865.1603,-788.6973,28249.1971,-7188.5819,-3650.9898,-1107.7106,15059.3057,-599.3138
2026-04-23,1656.0174,-801.7877,30296.4649,-5465.8352,-3439.4250,-761.9542,12401.3351,-2991.0161
2026-04-24,1652.8514,-802.0723,29109.9137,-6521.0994,-3520.4596,-887.3398,15692.3500,-1442.6195
2026-04-27,1564.2394,-505.9409,37750.7726,-4276.8158,-2646.0646,-46.7780,4186.2064,-2675.9927
2026-04-28,1723.0235,-403.8120,41414.7001,-2648.8553,-2948.3758,953.8423,6883.8297,-6398.4786
2026-04-29,1672.5165,-485.9863,39198.5109,-3339.7575,-3245.5931,673.2527,10691.2452,-4958.9036
2026-04-30,1752.3888,-529.0261,36853.7814,-3237.0402,-3573.5797,1028.4586,12139.7110,-6353.5916
2026-05-01,1643.8317,-1075.0287,36497.4594,-9042.1183,-3702.6910,-768.6628,14226.6501,-3598.9649
2026-05-04,1834.1972,-1034.0171,38099.2930,-8953.2677,-3606.5281,-481.0130,9932.7914,-2762.3184
2026-05-05,1830.0755,-1002.5226,36100.8041,-9325.2396,-4134.9261,305.4356,13178.3729,-2890.8842
2026-05-06,1985.5116,-842.3006,42931.4788,-7009.9348,-3320.8156,87.9631,5840.6136,-4192.4748
2026-05-07,1884.7542,-679.2344,45337.7155,-6230.7253,-3042.5278,1916.2882,6872.9780,-4811.0735
2026-05-08,1733.9037,-2571.2106,44167.6130,-23623.9364,-3198.7180,-1051.6952,6752.4488,-4776.4142
2026-05-11,1860.1805,-2494.8732,45711.6450,-22382.9578,-3217.1841,4332.4512,-2055.4243,-6987.7155
2026-05-12,1675.7694,-2202.2741,45855.6313,-17710.5966,-2421.6467,8145.3468,5373.0597,-11264.6373
2026-05-13,1782.2811,-2050.7953,48931.6414,-16718.5014,3.8061,17825.9702,-164.7238,-13930.8839
2026-05-14,1677.3555,-2022.4065,47538.5603,-17484.4611,617.2502,39009.9740,3820.1718,-10978.7982
2026-05-15,1846.0490,-2778.7049,42984.8217,-19979.1086,-4399.3065,151893.1422,8167.7839,-13664.2986
2026-05-18,1730.9127,-2284.7535,45220.3771,-21708.5477,-2237.3093,-3117.0678,-7020.0285,-3942.8693
2026-05-19,1755.9880,-3690.9030,36761.8157,-29731.6822,-3482.5357,-4806.9801,12100.6813,-666.8751
2026-05-20,1825.3448,-2706.5268,40999.0212,-23454.9280,-2870.7043,-3239.7459,6983.1031,-4195.8445
2026-05-21,1779.3195,-2497.4641,41820.7556,-22972.3458,-2887.8813,-3222.8188,7873.9233,-2433.0627
2026-05-22,1665.9572,-3139.7688,44365.2111,-22571.4211,-2531.7813,-2952.2765,4680.1817,-12571.5995
2026-05-26,1650.7549,-2898.0049,44159.1542,-20494.8982,-2892.9278,-1814.8049,7091.9291,-15483.1889
2026-05-27,1488.2063,-2250.0099,50181.4214,-12253.2769,-1303.7182,729.6084,-5392.4851,-28654.6747
2026-05-28,2505.3088,-2754.2251,59989.3917,-16840.3419,-4065.4602,-488.8673,9138.7538,-20425.6460
2026-05-29,3560.3549,-2231.2265,83466.0210,-16185.6810,-6251.8171,-70.7775,15715.6976,-15161.6037
2026-06-01,3616.3455,-2106.3301,87791.7050,-12374.7267,-4933.0640,2108.3967,7349.1238,-20570.2817
2026-06-02,3111.6177,-1221.1368,99963.2493,-7389.9870,-3391.2292,5446.6548,1913.8408,-23700.6392
2026-06-03,2872.1167,-1210.3534,102592.2334,-8559.5498,-2802.2146,4670.6055,1154.4328,-16055.1797
2026-06-04,2260.6057,-3004.8916,109022.3713,-17808.9320,-235.3626,7599.2392,-4936.3746,-35133.5731
2026-06-05,2470.1926,-3531.3599,107007.3683,-28133.5013,-585.6812,3257.3356,-4301.7312,-17171.4134
2026-06-08,2691.7280,-5425.9134,102283.2340,-33635.5082,-491.7966,11974.2615,3571.7340,-37376.9444
2026-06-09,2053.2078,-3613.9875,115391.8931,-34333.5440,4556.9276,5750.9728,-34632.6524,-10244.1130
2026-06-10,2462.3771,-3958.7531,111099.8156,-35141.0478,4653.3831,8339.6106,-6448.0016,-12604.4769
2026-06-11,2608.0554,-4782.4243,105197.4060,-21596.6956,2879.6474,34340.5796,3122.3455,-58948.8942
2026-06-12,2557.4215,-5218.2214,105484.8361,-48077.9640,5057.7896,25162.2842,2381.5025,-22443.4366
2026-06-15,2411.6569,-4146.1043,112358.9206,-41171.5365,26463.1758,81246.8463,-6189.8599,-24391.7015
2026-06-16,2795.0149,-5124.5481,110006.9128,-46238.9582,36047.8920,97580.2785,-946.7524,-11545.1071
2026-06-17,2576.8033,-4569.5859,111773.2749,-41003.0066,96496.4036,281894.2167,-1843.2604,-17485.1684
2026-06-18,3230.8526,-5951.5351,114101.0307,-54891.6674,337259.6523,811411.6402,23556.8875,594.0970
2026-06-22,2781.4565,-3883.0153,81869.2844,-44282.6698,-5228.0882,-6141.7424,15967.3181,-2967.2550
2026-06-23,2831.4872,-4364.7276,75393.9879,-53956.1609,-5725.5733,-7163.9644,23269.9763,2958.8080
2026-06-24,3009.9386,-4884.7582,75160.3710,-49475.4218,-6134.0805,-7104.2630,24861.4223,-2809.0317
2026-06-25,2871.2986,-4723.2648,76834.7008,-47794.3243,-6135.9689,-6947.1874,25170.5950,-1987.5886
2026-06-26,2772.7050,-3811.3453,83376.8865,-44961.9856,-5320.6170,-6407.6131,18758.4761,1774.4325
2026-06-29,3472.7196,-4409.0955,87147.3555,-49933.9131,-7604.1879,-6984.1647,20727.5779,748.6388
2026-06-30,4136.0517,-4474.8716,94813.0063,-54339.9395,-10328.9831,-9836.9555,25456.6908,7470.0247
2026-07-01,6377.7930,-8608.2842,108983.7329,-84196.9605,-30049.6398,-10462.4489,84266.8531,-14550.5896
2026-07-02,9047.5288,-5083.3495,169708.8715,-36206.2750,-9958.9764,12948.5365,-36080.2213,-69752.5666
2026-07-06,9322.1107,-10328.3298,162746.0437,-67917.4234,-38843.2842,2308.0771,99811.7243,-42850.6667
2026-07-07,10217.6360,-10462.8121,172053.2303,-61100.9187,-39734.5371,8601.2235,72931.8913,-56299.1324
2026-07-08,8627.6816,-13585.6086,106216.8454,-103573.1381,-57071.5354,-11244.4291,141387.4599,-12824.5044
2026-07-09,9499.6761,-11915.1052,123077.8250,-68080.1184,-56447.7134,13529.1587,124649.9074,-55229.3224
2026-07-10,10200.9056,-11282.1465,128766.3468,-72646.6519,-60297.6806,17735.6496,122358.0911,-47418.7753
2026-07-13,11429.9816,-6262.2336,185581.3182,-52745.9694,-49748.1977,66806.4928,64974.6239,-47569.5216
2026-07-14,13574.1438,-6123.8426,174454.9607,-48094.2471,-70286.1197,121738.0430,76904.1546,-64744.3513
2026-07-15,13343.3513,-7842.9009,152566.8157,-64516.2083,-118850.7449,150458.3901,87623.5919,-34221.6685
2026-07-16,13981.1105,-6770.2583,165627.8399,-59839.9523,-170109.9001,297224.2940,81337.8940,-24497.6343
2026-07-17,16501.6891,-5648.5224,172058.6458,-50768.2576,-449022.4325,1807976.1561,60302.4605,-29540.6768
2026-07-20,6538.7098,-4090.6778,127246.2099,-34711.2588,-16177.0199,-4816.8173,53990.0170,-34053.1651
2026-07-21,6243.6030,-4188.2180,125957.5743,-38711.5724,-16409.8172,-5523.0004,57445.4813,-24119.0227
2026-07-22,6344.0742,-3721.3422,136597.0448,-35556.6556,-15447.2218,-4542.3537,46445.7479,-21346.9438
2026-07-23,6371.0011,-3359.3094,130361.2509,-29532.4822,-14191.8596,-3271.9475,36969.7840,-30536.0149
2026-07-24,6648.8800,-5015.1075,130034.9452,-44173.6556,-18032.7989,-5057.4662,57188.4353,-31522.2216
2026-07-27,7809.9529,-4790.4774,130633.7097,-33933.0582,-19831.5188,-3054.9538,53552.7758,-50969.7044
2026-07-28,8221.9728,-4360.8582,141228.4676,-37055.7690,-19026.6574,-3199.6659,44712.4879,-35522.9725
2026-07-29,6672.9375,-6577.0929,111395.6463,-57737.2355,-23113.4620,-8324.0789,77171.6158,-20419.6558
2026-07-30,7115.8613,-6660.3386,104373.2701,-60698.1276,-25411.6395,-8776.3603,86192.7360,-16019.0770
2026-07-31,7410.1406,-6635.4800,101850.1400,-60477.7917,-26791.9426,-8685.3172,87328.0055,-14726.3053
2026-08-03,8099.8409,-5910.9171,113709.7521,-49744.1764,-26846.4026,-5486.4332,76709.6460,-22753.5115
2026-08-04,7572.7198,-6583.3449,110464.4030,-43375.5838,-28078.2987,-2860.6849,79686.5242,-50665.9744
2026-08-05,11748.0921,-3393.2776,155311.6847,-21019.5690,-22689.0136,7601.7458,21222.7888,-64635.4263
2026-08-06,8362.0595,-4372.0860,131908.8069,-27066.4026,-23332.0300,6017.5555,46288.3100,-62476.8787
2026-08-07,8186.6371,-6121.8477,105486.3171,-47771.4840,-32058.1366,-2044.5743,81457.7680,-28470.4321
2026-08-10,7647.5660,-7309.1308,96850.3566,-45699.2279,-39195.3692,639.5973,89260.5713,-40791.7006
2026-08-11,9098.0360,-6789.4432,99653.8579,-42364.5185,-43434.6781,7152.9733,95002.8423,-50266.5778
2026-08-12,6999.8660,-11951.0896,87928.3728,-80606.1716,-47174.0062,-6571.0650,94976.5499,-36171.5092
2026-08-13,6570.6945,-13529.3334,77468.3106,-74499.1609,-57047.1797,-182.3746,116477.8753,-63383.9874
2026-08-14,7678.3655,-10569.2044,83290.4713,-62346.8433,-58871.8976,11804.5992,102908.7910,-63653.5520
2026-08-17,8691.8464,-8725.3038,101131.3382,-57661.9469,-77748.4407,31438.6927,65307.5405,-31643.7601
2026-08-18,8169.5606,-9259.9447,93905.3782,-50772.8997,-104966.1478,69391.4802,87492.0863,-45926.4459
2026-08-19,8751.3699,-9053.1619,104399.2154,-55931.6439,-115857.7862,89199.6773,60772.7214,-19706.8543
2026-08-20,6813.2974,-18130.6379,68476.3509,-82081.9802,-335027.2295,202291.6628,119882.4881,-25594.8620
2026-08-21,7157.0712,-17179.5761,74377.5533,-93658.6765,-1141659.8480,373603.1061,113816.9370,-664.0475
2026-08-24,7110.8642,-3149.0629,83925.5137,-30960.9235,-28395.4228,-4708.2864,84500.4228,-2033.0564
2026-08-25,6677.2399,-3323.2072,74287.1462,-34612.5698,-31645.4959,-5443.6148,101013.2906,1717.2976
2026-08-26,6866.8772,-3870.4405,74488.4403,-31568.9032,-32594.3542,-5223.0750,100601.7265,-7208.5195
2026-08-27,8597.0221,-2929.1128,97694.8407,-24046.7699,-30287.0569,-3926.5504,75232.0213,-7148.5112
2026-08-28,8599.1449,-2819.7268,97905.2391,-24736.8313,-28750.9674,-3314.1466,63523.5161,-7595.3767
2026-08-31,7201.4699,-3671.5430,72429.3173,-31343.2367,-39319.1007,-4926.2734,98645.7930,-3981.6217
2026-09-01,7370.9765,-4554.4970,63882.3820,-36569.6517,-43715.7984,-7010.5904,105135.7426,-1324.0046
2026-09-02,6596.9994,-5073.6011,66317.6146,-46650.1627,-43225.6796,-9096.9938,85553.1136,2146.8449
2026-09-03,6096.8280,-5841.3436,58641.2115,-58784.9204,-46535.4404,-11455.2506,88238.9784,4017.5008
2026-09-04,8170.4206,-4853.9984,74037.8081,-41775.9625,-45551.3164,-6881.9960,85282.2731,-6305.7568
2026-09-08,9881.0827,-4665.9401,85698.8916,-32857.4853,-52454.3399,-3146.4550,63514.3323,-14197.2597
2026-09-09,10345.3468,-4656.4529,89665.2822,-34643.0863,-65677.2949,-4561.7490,85608.7640,-12593.9108
2026-09-10,9980.0265,-5259.2115,77795.7455,-41793.1250,-78623.4744,-7988.4995,89453.1626,-5883.4122
2026-09-11,10917.3529,-5064.0291,95825.7761,-31971.1748,-69160.7265,-707.8295,63469.6530,-16645.2594
2026-09-14,14885.5118,-5806.6592,67247.0540,-39346.6542,-146604.6551,362.3641,87086.5903,-13010.9669
2026-09-15,9640.8928,-7033.8909,75172.6835,-37366.6836,-173746.7674,1426.6243,69385.3137,-18201.6076
2026-09-16,10890.8813,-6314.4865,82146.9973,-31070.3636,-232493.1379,24805.9709,63764.0371,-16486.9955
2026-09-17,12521.3126,-5372.6711,103638.7879,-22705.9777,-360974.5819,81005.8067,37960.5981,-17715.3894
2026-09-18,8955.0338,-6177.0669,83085.3380,-27053.6149,-1816191.4430,240892.3381,58733.3271,-11614.1342
2026-09-21,1886.0920,-1048.5448,26421.7804,-8141.3815,-5192.2940,-501.9266,18954.6875,-11057.4264
2026-09-22,1888.8274,-1177.5402,25327.0157,-7434.9192,-5588.0372,-475.3193,20942.8457,-14787.4801
2026-09-23,3145.7917,-1889.5477,29535.9107,-12454.0209,-13440.4014,-1058.9388,48317.9031,-17264.5767
2026-09-24,5257.9275,-1627.4993,50275.4898,-10428.0136,-20593.9359,-388.7133,62001.0688,-18409.8588
2026-09-25,4546.6329,-4475.0757,37873.8885,-48220.2054,-23813.2407,-6008.9235,77191.1473,-8438.2893
2026-09-28,4658.5916,-4161.8566,38876.9755,-46651.8827,-24658.0578,-4925.2756,68172.4015,-7094.3262
