date,call_gamma,put_gamma,call_delta,put_delta,call_charm,put_charm,call_vanna,put_vanna
2023-09-29,252353.9588,-63423.0353,1885068.3514,-298973.2712,0.0000,0.0000,0.0000,0.0000
2023-10-02,248418.5200,-65048.0036,1839385.9465,-303920.5520,0.0000,0.0000,0.0000,0.0000
2023-10-03,234050.6716,-77689.4512,1610482.4786,-368751.3268,0.0000,0.0000,0.0000,0.0000
2023-10-04,231974.2920,-83241.5426,1545535.3580,-386358.4348,0.0000,0.0000,0.0000,0.0000
2023-10-05,223823.6127,-90787.1779,1430170.9211,-417551.8180,0.0000,0.0000,0.0000,0.0000
2023-10-06,224183.3664,-88721.7862,1409850.3074,-428744.8885,0.0000,0.0000,0.0000,0.0000
2023-10-09,226442.4120,-94146.4962,1373012.6349,-439510.2646,0.0000,0.0000,0.0000,0.0000
2023-10-10,237047.1228,-76346.3161,1529562.1264,-363204.9212,0.0000,0.0000,0.0000,0.0000
2023-10-11,246365.6039,-73815.5125,1587740.3875,-342556.0222,0.0000,0.0000,0.0000,0.0000
2023-10-12,259310.3603,-72685.3783,1648472.2719,-336676.6643,0.0000,0.0000,0.0000,0.0000
2023-10-13,253029.8970,-76874.6692,1600107.5918,-355636.1673,0.0000,0.0000,0.0000,0.0000
2023-10-16,255046.6575,-72257.7238,1661208.6877,-338230.3192,0.0000,0.0000,0.0000,0.0000
2023-10-17,298123.5656,-70256.8327,1897135.7247,-288077.5461,0.0000,0.0000,0.0000,0.0000
2023-10-18,332635.6557,-68934.1831,2007758.7281,-260734.4019,0.0000,0.0000,0.0000,0.0000
2023-10-19,368248.1850,-78464.3484,2125054.9584,-241304.6995,-3255130.1953,91837.6837,1640180.4373,105751.3439
2023-10-20,296265.5065,-69489.5218,1835278.0755,-308621.6223,0.0000,0.0000,0.0000,0.0000
2023-10-23,184271.4996,-26476.7120,1539799.1088,-203091.5006,-599386.8048,-32637.6785,1488010.4271,107725.7616
2023-10-24,199461.7303,-59644.6018,1576882.4318,-305240.8430,0.0000,0.0000,0.0000,0.0000
2023-10-25,208493.4455,-56376.9941,1691433.2499,-288711.0809,-654672.5664,-60421.5806,1602819.9625,139517.8746
2023-10-26,202886.4571,-62806.7965,1586559.6278,-320280.0412,0.0000,0.0000,0.0000,0.0000
2023-10-27,201072.8706,-59740.7259,1579439.6707,-311943.7869,0.0000,0.0000,0.0000,0.0000
2023-10-30,205966.4494,-65850.7486,1520489.7481,-334305.8306,0.0000,0.0000,0.0000,0.0000
2023-10-31,202630.1545,-63763.6301,1540463.7454,-315944.9642,0.0000,0.0000,0.0000,0.0000
2023-11-01,220228.0085,-62590.7423,1602865.6692,-307850.5203,0.0000,0.0000,0.0000,0.0000
2023-11-02,221623.3219,-59253.4565,1655759.4449,-285423.0804,0.0000,0.0000,0.0000,0.0000
2023-11-03,216686.2363,-83257.7803,1653715.2511,-378543.5024,0.0000,0.0000,0.0000,0.0000
2023-11-06,236661.0148,-76711.4519,1724706.5403,-256373.3913,-976182.8227,32770.9428,1670467.3324,-25481.6123
2023-11-07,246807.3913,-122825.7559,1547563.7171,-382255.2253,0.0000,0.0000,0.0000,0.0000
2023-11-08,247583.9820,-114180.2737,1546185.1583,-354706.7885,-1415710.6641,12109.7732,1650198.2955,35951.4909
2023-11-09,240589.6797,-140740.8779,1465974.9431,-414006.6627,-1593070.9226,-28395.6340,1708395.5118,91725.5689
2023-11-10,253201.9665,-125998.7013,1475705.1973,-375716.5774,-1740977.2720,68122.2275,1679054.7026,14949.1699
2023-11-13,233630.3174,-144874.0678,1380766.7647,-401096.4395,-3303878.2560,243383.1793,1649949.9135,25303.9121
2023-11-14,233827.3538,-147246.3379,1415124.3471,-424130.9630,-3292651.0852,198780.3242,1718268.4709,49986.4390
2023-11-15,273025.3999,-122967.6068,1597635.1285,-315276.9492,-4037955.0523,413546.9230,1533625.0771,37788.7219
2023-11-16,294881.6176,-107148.1714,1744920.7808,-288380.4412,0.0000,0.0000,0.0000,0.0000
2023-11-17,341113.4996,-123494.1462,1865316.8761,-343129.2114,-9733621.1250,1426252.2403,1565967.0550,87544.0228
2023-11-20,170964.7055,-41126.0525,1566436.5872,-225342.9306,0.0000,0.0000,0.0000,0.0000
2023-11-21,233688.5859,-56237.4459,1892444.6677,-250840.7540,-341929.4753,-38749.5147,1323118.2040,123267.3018
2023-11-22,235560.6426,-62149.4583,1794875.0571,-273601.4883,-357783.3887,-42469.0323,1319524.4010,130357.9946
2023-11-24,233874.9133,-65135.9119,1763869.4632,-289126.5973,-371215.1408,-46567.4438,1343446.6829,137203.4380
2023-11-27,242173.9374,-63912.1541,1810435.7486,-277382.2721,-384579.6619,-45973.2011,1295884.6179,129715.5836
2023-11-28,243725.1787,-73742.9799,1749008.5011,-310219.0218,-96520.7806,-38598.4231,312437.0243,92091.1396
2023-11-29,180999.4767,-14725.9305,1087483.3387,-93174.2927,-366362.5705,-15488.3893,1056684.8050,46170.8438
2023-11-30,189664.2461,-15186.0672,1188558.2473,-85280.5431,0.0000,0.0000,0.0000,0.0000
2023-12-01,203764.8813,-15487.2659,1246848.7175,-85518.7014,-359289.6617,-14031.5629,951079.4619,41700.7383
2023-12-04,167778.3552,-13293.0958,1466640.8793,-65836.0666,-337395.4240,-12126.2467,897360.0789,36269.6212
2023-12-05,192688.6452,-15435.7663,1281856.7334,-80987.7168,-391845.1373,-15554.8200,880889.9779,38018.0683
2023-12-06,182835.8591,-17886.8658,1109375.7761,-97471.5005,0.0000,0.0000,0.0000,0.0000
2023-12-07,172835.3114,-17168.2829,964894.3035,-108892.6661,0.0000,0.0000,0.0000,0.0000
2023-12-08,202680.1580,-16236.2349,1030092.4714,-101227.6841,-553307.0956,-27406.3762,1039762.0301,45745.4238
2023-12-11,189120.6767,-17737.7689,1105609.2123,-108679.0040,0.0000,0.0000,0.0000,0.0000
2023-12-12,259917.9643,-156999.9633,1837967.8000,-475613.7502,0.0000,0.0000,0.0000,0.0000
2023-12-13,206510.1741,-223997.7028,1366877.8578,-502903.8248,0.0000,0.0000,0.0000,0.0000
2023-12-14,210710.7078,-156416.5352,1464963.8385,-421162.4249,0.0000,0.0000,0.0000,0.0000
2023-12-15,189300.2938,-214404.1134,1466031.1429,-451086.2317,0.0000,0.0000,0.0000,0.0000
2023-12-18,167790.9595,-38037.3946,1360340.7519,-264143.6226,,,,
2023-12-19,177859.3916,-53563.3409,1378879.7440,-292981.6691,-295528.8705,-41088.9544,1146304.2067,153467.7281
2023-12-20,183275.6270,-52039.8967,1453519.3950,-271954.0963,,,,
2023-12-21,184401.8661,-55489.4606,1398465.8748,-290895.4910,-305204.7123,-40560.7545,1157979.9248,149987.1668
2023-12-22,186602.6490,-52016.5064,1491993.9344,-269244.5520,,,,
2023-12-26,191926.5137,-59558.2703,1382719.9692,-302171.8436,,,,
2023-12-27,190833.3641,-57670.6954,1413911.4567,-291865.4459,,,,
2023-12-28,192054.4516,-58555.4704,1408478.8019,-296442.0640,,,,
2023-12-29,196861.6667,-56573.9709,1456242.7207,-279559.3590,,,,
2024-01-02,193951.6978,-57256.1989,1445369.6087,-287909.6843,,,,
2024-01-03,203061.9271,-63596.3161,1416991.2197,-297882.8572,-399660.9175,-42297.0434,1143616.3606,130782.6888
2024-01-04,201904.1269,-65228.8141,1395584.6071,-301180.7511,-409538.5715,-43983.2654,1158062.4331,133218.8904
2024-01-05,205783.9708,-62433.5391,1424466.6602,-292698.3093,,,,
2024-01-08,207982.2699,-56949.2606,1541442.1131,-257338.2137,,,,
2024-01-09,214892.9708,-67896.9659,1375152.7340,-295286.5813,-473017.5563,-35608.3327,1172602.0600,117775.2932
2024-01-10,222701.8459,-73736.3974,1376978.8987,-295486.8782,,,,
2024-01-11,234409.7508,-81526.4239,1299478.3746,-311998.6500,,,,
2024-01-12,240888.3013,-87789.5870,1287917.5386,-342237.4737,-582325.1839,-44721.5362,1279429.9222,136648.2076
2024-01-16,240424.9374,-75112.4480,1444272.9605,-288593.4310,,,,
2024-01-17,249734.2952,-76206.4190,1429517.4588,-282283.3950,-987370.0668,109411.9814,1140851.3487,103951.4105
2024-01-18,246562.1449,-87873.5806,1375106.0451,-298228.4173,-985141.4738,111720.8646,1179326.8089,105489.8683
2024-01-19,250870.6090,-79933.8031,1478809.2027,-280690.3542,-1475473.6337,333046.7649,1141652.1348,106545.7156
2024-01-22,202190.7336,-45704.1082,1281846.9940,-255014.5578,,,,
2024-01-23,198211.2682,-49576.3320,1387641.1278,-276644.7837,,,,
2024-01-24,198248.7218,-54275.1404,1275390.0158,-288712.7117,,,,
2024-01-25,207476.9318,-60519.6060,1207297.1429,-327537.0322,-610233.5613,-58980.1484,1083163.0786,148776.7469
2024-01-26,216631.2782,-51792.8095,1435544.4338,-276921.3859,,,,
2024-01-29,249100.8910,-61225.3062,2136914.1174,-319965.0785,,,,
2024-01-30,252823.0763,-69898.9275,2005252.5620,-395473.9221,-886354.1755,-109428.5908,1246422.7914,181541.8933
2024-01-31,251939.5439,-80529.5830,2049387.4949,-453929.0375,,,,
2024-02-01,261948.8404,-102732.8696,2037383.1559,-503376.6678,-961456.3494,-136958.7002,1246075.9229,211557.6110
2024-02-02,271469.5675,-112169.4838,2045149.2276,-529914.1867,-1019708.5555,-141590.6502,1290015.9410,213799.7566
2024-02-05,300310.0112,-112108.8574,2280605.9710,-513774.8918,,,,
2024-02-06,306439.0167,-124899.5619,2167187.8407,-566906.4926,-1340030.4213,-164590.6772,1505337.5358,204223.0983
2024-02-07,312268.5616,-131681.1733,2109519.6716,-604842.1521,-1443054.9250,-203732.8423,1519776.0450,222437.3148
2024-02-08,316916.3470,-147569.9000,2016004.8189,-652582.0599,,,,
2024-02-09,324949.6457,-141132.4418,2140299.3016,-632168.0775,-1755454.7326,-252331.6767,1493225.3084,221497.5239
2024-02-12,323951.4792,-135228.4265,2156987.9950,-598516.5597,-1936389.1521,-220501.6942,1490268.3982,199015.0004
2024-02-13,337802.8427,-123662.6239,2298712.4017,-513940.2956,-2829451.0093,-192025.0444,1395172.3521,161793.1519
2024-02-14,337798.9579,-154527.9634,1970937.1641,-650283.1341,,,,
2024-02-15,350403.6084,-143050.4935,2125042.2030,-556684.3661,,,,
2024-02-16,331814.9520,-147934.8183,2029240.3198,-610163.4807,,,,
2024-02-20,175561.1130,-107627.7020,823349.6348,-703559.5822,,,,
2024-02-21,181601.0177,-126977.3241,783465.3648,-759157.2707,,,,
2024-02-22,191915.1098,-136692.9442,814196.3983,-719820.7580,,,,
2024-02-23,206514.9542,-148287.6214,853814.2809,-755321.9859,-815488.2709,-163015.9267,1896741.7917,314205.8622
2024-02-26,207274.0787,-160818.3402,804161.8753,-814275.2892,-861328.2397,-177344.1214,1890591.2525,333054.5834
2024-02-27,215330.0591,-162808.6828,859289.1743,-737979.4077,-980879.6454,-175284.2232,1870642.0800,288780.5892
2024-02-28,220737.9420,-156797.0939,909078.3571,-718768.5281,-965352.2228,-174292.5992,1803042.1440,283838.0575
2024-02-29,233729.4171,-167224.3432,962391.1903,-711816.8870,-1007452.3409,-162239.1481,1865281.3875,270090.2353
2024-03-01,264138.8695,-156840.3132,1119540.8388,-661379.5144,-1069186.8956,-155890.2920,1928630.1695,246042.5409
2024-03-04,263662.1420,-165218.1617,1130676.1471,-666339.9840,-1120524.3157,-156781.8411,1924753.8339,243195.4850
2024-03-05,269705.1984,-166094.5466,1155626.2376,-638210.6857,,,,
2024-03-06,265378.5586,-174009.4299,1116623.8740,-695760.2665,,,,
2024-03-07,271650.4301,-182052.9686,1120738.8903,-682113.0672,-1579335.7211,-192405.7740,1856305.5953,221714.0580
2024-03-08,278933.0018,-184427.6905,1151403.5310,-640131.1380,-1708419.4080,-170395.4075,1829053.2353,193863.4119
2024-03-11,276536.9872,-180811.1911,1200092.1736,-591114.6640,-1849772.9827,-149262.3404,1822884.3572,177233.1831
2024-03-12,284997.5161,-188047.8805,1161380.7540,-593420.1342,,,,
2024-03-13,269227.3056,-203608.1783,1100211.2995,-604028.2937,,,,
2024-03-14,288857.6878,-192642.7925,1205270.6023,-569291.4244,,,,
2024-03-15,284645.1656,-245324.6611,1201786.0228,-571421.2664,,,,
2024-03-18,210965.8062,-46768.8567,1039116.2785,-290480.8651,,,,
2024-03-19,218849.6033,-49715.5480,1020733.6238,-297641.1999,-142622.7538,-13170.6310,309988.7151,27113.0244
2024-03-20,231684.6184,-50837.3392,1058935.8063,-297761.5034,-484833.7186,-39128.5144,1691682.0625,152783.0148
2024-03-21,255485.2709,-56937.8594,1292696.2671,-298795.0672,,,,
2024-03-22,258972.9008,-58236.7848,1263032.6288,-309681.9423,,,,
2024-03-25,253377.9451,-62061.6287,1193239.7244,-330422.9955,,,,
2024-03-26,270523.6053,-62037.7780,1287271.0095,-335672.2538,,,,
2024-03-27,268768.0205,-66318.8389,1213731.8369,-356759.3616,,,,
2024-03-28,270425.7678,-75400.0769,1237194.9234,-383092.6855,,,,
2024-04-01,279135.2144,-77630.7891,1303217.8200,-381205.3665,,,,
2024-04-02,268403.9445,-80673.0385,1213276.7016,-407234.7924,,,,
2024-04-03,277508.0006,-81672.6466,1271912.7830,-393330.3876,,,,
2024-04-04,283760.9184,-75867.9021,1341306.0759,-367295.0686,,,,
2024-04-05,278581.5956,-83538.7041,1235793.7766,-409889.6115,,,,
2024-04-08,291128.8787,-89406.3037,1245514.9798,-413876.8280,,,,
2024-04-09,279925.2021,-97604.0212,1129275.5148,-438664.4967,,,,
2024-04-10,284413.5506,-93125.0682,1201313.2051,-405783.5154,,,,
2024-04-11,300966.9955,-144986.0562,1260887.0386,-473228.9977,,,,
2024-04-12,303594.7953,-139988.5110,1325376.1133,-435540.2897,,,,
2024-04-15,302614.6324,-168570.9105,1242768.1041,-500784.3784,,,,
2024-04-16,304020.7087,-196359.2370,1141171.0997,-547656.6439,,,,
2024-04-17,297837.8969,-229755.5414,1043604.5131,-607078.5561,,,,
2024-04-18,331330.1702,-276832.0042,1083281.7307,-630642.1372,,,,
2024-04-19,425178.6949,-376959.0611,1158544.6912,-550758.2057,,,,
2024-04-22,180307.3145,-64185.4419,933524.3868,-381741.4969,,,,
2024-04-23,193633.5070,-66211.3913,958457.1239,-371503.1010,,,,
2024-04-24,197913.9109,-67017.6813,943524.6443,-363105.2235,,,,
2024-04-25,208222.4292,-63593.2515,1045552.8226,-349754.2730,,,,
2024-04-26,203610.7349,-69114.5414,967475.7867,-376246.4181,,,,
2024-04-29,205248.9056,-67688.6917,993458.5516,-362629.4412,,,,
2024-04-30,214015.2002,-65868.1618,1034708.4657,-348155.4787,,,,
2024-05-01,208070.3010,-71614.4766,960226.6220,-375604.1842,,,,
2024-05-02,216354.2596,-70403.0969,1010394.2363,-365519.1625,,,,
2024-05-03,226530.8311,-90931.7793,1201693.0731,-428886.2469,-1163104.5145,-149042.6682,1139953.7934,185910.7979
2024-05-06,185960.9631,-211962.2677,682503.8474,-734041.0606,,,,
2024-05-07,274798.3603,-154427.4934,1099202.2520,-542673.4060,,,,
2024-05-08,255378.6799,-165580.6288,967064.3865,-569281.3221,,,,
2024-05-09,271604.5411,-193661.8040,920514.1230,-640948.4350,-2189672.3012,-154488.7931,1683363.8165,244514.7300
2024-05-10,306083.5428,-80129.3608,2447799.6362,-280989.8157,-1500127.4187,57486.7377,1174350.3352,87306.9113
2024-05-13,345158.1602,-80700.4711,2545933.6260,-253823.9337,,,,
2024-05-14,359479.0776,-90779.0227,2727217.2766,-266616.0577,-1647976.6036,583174.5499,1253876.7475,-23308.3025
2024-05-15,52449.5857,-28510.5996,586995.3895,-99074.2222,,,,
2024-05-16,420031.0907,-137968.5507,2553249.2803,-323383.9844,,,,
2024-05-17,423100.2730,-138713.6976,2624274.8446,-340500.3955,-5277855.9574,2643240.2798,1234604.4455,-12963.5374
2024-05-20,233985.8881,-56574.7893,1980364.4775,-264365.2537,-243211.0312,-32521.6248,1148859.7580,110071.7836
2024-05-21,254673.9327,-66957.8355,1782540.4971,-344009.8983,-265478.1372,-42414.1094,1164368.7372,138800.1708
2024-05-22,268828.3213,-71076.7502,1732914.3968,-393201.4006,-307659.5321,-51198.5186,1292596.9172,162494.8453
2024-05-23,279442.1908,-78728.6277,1776238.9456,-402976.1817,,,,
2024-05-24,291956.9447,-81236.2307,1685778.0591,-436430.5347,,,,
2024-05-28,282261.5573,-69676.0357,2258355.7516,-285398.9807,-276837.3263,-27859.9639,1081294.7868,91461.6818
2024-05-29,345486.8498,-116727.1998,2024988.9010,-436997.8904,,,,
2024-05-30,346913.1012,-145286.4342,1406373.3042,-751234.0426,-500280.0017,-103616.0282,1938420.6584,267591.0342
2024-05-31,359728.7264,-133988.4545,1877412.6134,-601305.9595,,,,
2024-06-03,346918.8080,-117862.1507,2333867.7698,-443170.4145,-381372.9907,-55038.1021,1449136.4396,137662.7419
2024-06-04,277993.6454,-65611.0939,3088190.0066,-223746.8841,-32414.9028,28145.6711,247686.6552,-30082.8017
2024-06-05,271214.5573,-72079.7039,3200349.9843,-217639.1844,-219994.3293,17519.9482,962677.9785,-4280.6536
2024-06-06,264065.7960,-79232.7855,2965862.5898,-233895.6355,-239199.6334,44499.7852,998423.4132,-39711.9781
2024-06-07,277881.3094,-102883.1053,2687458.8606,-325469.3660,,,,
2024-06-10,297526.3280,-118284.3369,2565648.3305,-338302.7438,,,,
2024-06-11,312477.5842,-122899.2248,2592579.7076,-341666.0318,-339002.9856,77689.7202,1136090.3998,-29790.5070
2024-06-12,321224.0578,-124228.8090,2665884.9349,-344531.9266,,,,
2024-06-13,347277.1788,-157970.2567,2386759.3644,-521732.2013,-488938.8380,79117.9947,1321317.5786,44928.5812
2024-06-14,363654.1569,-166089.9361,2272699.3212,-528175.1686,,,,
2024-06-17,365253.4801,-193043.0003,2146401.7113,-587108.4870,,274651.3247,,-64099.5725
2024-06-18,385605.0933,-166812.4021,2071010.5135,-548610.0492,-929247.8003,249978.2004,1433097.2035,56773.5532
2024-06-20,393819.5772,-198800.4877,2086310.7973,-565591.6709,-1181432.4448,398199.4894,1503482.0031,77773.2075
2024-06-21,350892.3166,-190071.9559,1903909.3942,-629796.1490,-3827602.0922,926733.3584,1458603.3973,128142.2152
2024-06-24,222833.5688,-50196.8526,1533882.8412,-279508.2931,-204660.9956,-24063.7454,1392823.6834,155569.1027
2024-06-25,236365.7117,-50978.1778,1613747.7335,-269760.0281,-210038.7039,-23586.1857,1251568.9799,148799.1547
2024-06-26,243597.1121,-49539.9145,1682617.9782,-255373.1255,,,,
2024-06-27,252028.6262,-49103.3597,1754463.0180,-244522.2014,,,,
2024-06-28,242184.1830,-44279.3290,1918014.5156,-221188.8460,,,,
2024-07-01,241565.2270,-47802.5451,2081523.1569,-205134.7538,-189549.1996,-14781.4874,1070403.8514,83179.4053
2024-07-02,247507.8578,-49365.7344,2101279.6408,-210733.3349,,,,
2024-07-03,256770.2249,-50153.4518,2047738.8245,-216949.0486,-210469.4810,-14528.9937,1200232.9786,84326.9991
2024-07-05,271026.0566,-54425.8041,1997735.1280,-229910.9568,,,,
2024-07-08,262625.1910,-51473.8194,2066268.9996,-223737.2382,-219469.8154,-16823.5707,1117365.5130,101100.3288
2024-07-09,292499.9791,-100127.5601,2031356.5698,-252686.7899,-241547.0714,-19523.6412,1145909.1626,75859.7888
2024-07-10,269906.4418,-92579.0848,2089713.5236,-241946.1579,-232595.5687,-19841.3969,1094642.7505,79251.0671
2024-07-11,279015.7429,-82878.8231,2053843.5033,-243215.5748,-244579.9199,-9424.0855,1129815.3387,75843.1722
2024-07-12,259363.9153,-70428.6026,2146284.0997,-214230.6967,-233549.5122,4017.4072,1100006.6530,65833.5834
2024-07-15,254183.4540,-69785.1813,2176786.0415,-207647.2719,,,,
2024-07-16,240433.7037,-58132.0382,2186908.1910,-182457.6440,-339004.4337,58488.9631,1061225.0850,45089.8867
2024-07-17,231121.6762,-72028.8581,2354232.8005,-217087.7173,,,,
2024-07-18,235930.5156,-67895.7157,2397461.8960,-211388.5327,,,,
2024-07-19,239244.6370,-67929.0215,2354685.8679,-227722.5765,,,,
2024-07-22,222883.9477,-62386.2006,2036698.9577,-240120.8866,-238482.5282,-24446.6342,975693.5645,90082.5370
2024-07-23,233726.5981,-67937.0372,1944011.2679,-276962.0881,-273956.5270,-33721.8763,1028709.9931,121253.6778
2024-07-24,245013.5138,-71477.4637,1959328.5362,-259616.0223,-279820.8166,-27593.8620,1036700.0462,95309.9255
2024-07-25,234463.4232,-72758.6112,1881274.2774,-296149.6658,-318587.7881,-37885.5840,1094172.9183,133405.1114
2024-07-26,254593.9771,-77973.9572,1855382.7026,-299812.7848,-319643.9180,-37576.0415,1113503.9743,127073.4169
2024-07-29,246594.9504,-69791.1165,1930879.3028,-274365.9644,-325802.2663,-31091.4521,1066887.4818,109016.2188
2024-07-30,251972.0134,-75140.7008,2002816.5775,-278026.2007,-344544.3086,-35537.1832,994720.0043,112210.6183
2024-07-31,244078.8057,-72713.4901,2077861.8877,-249129.0582,,,,
2024-08-01,247113.6215,-70792.9018,2027923.6775,-253015.9864,-372374.8689,-23565.2519,960556.9513,80681.8128
2024-08-02,258098.2187,-77756.8535,1912779.8553,-293220.6382,,,,
2024-08-05,288308.4197,-103225.0391,1742121.7544,-349129.6273,-466474.8812,-44318.8557,1130192.7530,127489.2070
2024-08-06,270761.9608,-97756.5368,1529940.3471,-439619.3110,,,,
2024-08-07,277928.1248,-102988.6591,1793584.4910,-336646.4494,,,,
2024-08-08,280275.5582,-113189.1752,1859150.2167,-309240.1905,,,,
2024-08-09,286646.8211,-104725.6321,1943506.2113,-264842.3290,,,,
2024-08-12,322096.8022,-132759.5605,1784141.8640,-317276.6903,,,,
2024-08-13,323439.9373,-130489.8521,1845106.3316,-312637.1686,,,,
2024-08-14,337546.0776,-136688.6280,1844472.0280,-301014.1362,,,,
2024-08-15,357476.5684,-147167.1282,1968169.1116,-249451.4632,,,,
2024-08-16,435827.3357,-149216.7405,1944972.5131,-270639.9277,,,,
2024-08-19,106915.3228,-25738.7761,1106138.2614,-145099.3569,,,,
2024-08-20,161625.8538,-25036.3630,1311025.9056,-137228.3716,,,,
2024-08-21,162758.9987,-25857.4413,1277976.1688,-141788.6890,,,,
2024-08-22,176645.9512,-25909.5948,1330620.0628,-136442.8432,,,,
2024-08-23,177745.8687,-25309.6458,1398407.9937,-134188.9858,,,,
2024-08-26,174650.8670,-21682.7815,1584858.1754,-109154.8737,,,,
2024-08-27,184227.6619,-21639.8846,1589641.9138,-111818.5311,-81283.3382,-5315.1514,373044.3207,27344.2651
2024-08-28,171536.4506,-26249.3647,1680512.4571,-109787.5033,-54292.4274,-4154.4515,116680.0268,7937.6124
2024-08-29,141607.0932,-21969.0017,1804757.1603,-95461.8660,-82252.1628,-10246.1449,550339.9965,43131.1267
2024-08-30,152081.1006,-23443.1311,1802303.2886,-101807.1559,-87792.4176,-10536.8780,544656.5318,35860.6116
2024-09-03,177305.3272,-23178.7036,1828234.5227,-95584.0943,-77226.3272,-7703.7151,506497.4136,35624.6272
2024-09-04,131664.4750,-16680.2135,1939622.0872,-74426.4522,-67615.9197,468.8939,453024.8546,13135.3139
2024-09-05,163943.3091,-24705.3332,1917157.7403,-110464.3920,-54907.0061,-14611.5406,453811.0641,48163.2710
2024-09-06,162480.4115,-25560.5954,1853531.7659,-114206.7219,-72373.6092,-9035.4286,508015.1295,51587.6805
2024-09-09,166030.6604,-32467.6931,1703385.8577,-133058.3844,-40284.6980,-1587.7277,498633.4662,24834.7364
2024-09-10,197735.2028,-37962.0411,1649777.4926,-158228.9845,-114877.8298,-14898.1494,603621.1054,70136.3508
2024-09-11,208769.1701,-43724.6059,1544958.6365,-174968.8275,-152143.6789,-13680.4502,653266.0063,71962.7395
2024-09-12,211748.8169,-38995.1272,1667610.1042,-166288.3312,-120818.0308,-17560.3533,591638.5670,79022.3119
2024-09-13,214735.3336,-34006.1895,1813858.5736,-143296.0614,-60662.3888,-8771.6124,270198.4339,51356.0046
2024-09-16,166325.3433,-28498.0133,1858089.8082,-124605.1550,-92624.0485,30058.8954,484446.8211,50555.1165
2024-09-17,161058.5778,-29703.1002,1867373.3604,-129489.7741,-48839.4117,-5966.3198,219366.0113,20582.0189
2024-09-18,173359.2972,-30654.0810,1829724.8334,-133532.7254,-177295.5054,120481.1671,514577.0485,42847.4071
2024-09-19,263875.9823,-34875.4524,2205136.5110,-142787.3685,-567228.2925,37854.1549,776768.6861,58779.4471
2024-09-20,278312.7600,-35691.1961,2249718.7161,-162957.5224,-2040757.9262,1071273.1098,753220.3921,75945.9217
2024-09-23,253675.6226,-34807.9679,1831742.4194,-168228.6028,-221812.8376,-20085.2664,935039.9612,86972.2045
2024-09-24,261134.5002,-34798.2844,1839156.4455,-173702.5254,,,,
2024-09-25,277361.8728,-36679.9540,1854122.3562,-175020.7539,-242918.6605,-21768.7527,1003475.1952,91443.3748
2024-09-26,325529.7074,-32934.0785,2250906.6732,-158237.5470,-237010.2600,-17199.2400,861463.9708,64793.4449
2024-09-27,342273.8500,-31004.0346,2289833.4265,-157820.0705,,,,
2024-09-30,340015.9263,-30292.6227,2337770.2811,-145307.6263,-25308.7373,-15262.3922,234556.0940,52340.0560
2024-10-01,336193.7470,-34977.6393,2027798.1761,-163480.2617,-329398.8036,-21156.3569,1113354.7083,79813.3322
2024-10-02,332605.7985,-34802.9462,2032312.7199,-168537.8628,-328465.6935,-22047.6646,1063725.8464,84032.0952
2024-10-03,353021.4163,-58742.3817,2086628.2164,-202446.3058,-276927.9101,-14829.2376,691355.3296,38761.3255
2024-10-04,365745.5347,-54634.5250,2091412.0795,-194137.2292,-331612.1246,-27206.7176,1028514.3851,74283.6403
2024-10-07,373291.6578,-60923.4653,2005351.1574,-217906.2998,-90749.9337,-29770.6776,613460.9984,66582.3703
2024-10-08,368714.0719,-63048.3999,1951313.0662,-244573.1271,,,,
2024-10-09,350248.1476,-65151.1851,1894036.6866,-237973.5176,-111152.9264,-14889.6208,425734.1499,54230.4985
2024-10-10,338622.7555,-73964.7712,1860806.3029,-258260.1907,-550696.7179,-37161.6717,1036420.3856,113648.0416
2024-10-11,306671.9879,-53380.3800,1885288.6235,-250077.3250,-40312.1660,-41036.5914,301269.9212,67571.9241
2024-10-14,343596.1584,-76773.7026,1847187.6080,-237257.3806,-938065.7527,-6377.6266,596077.8854,29443.9543
2024-10-15,482258.1845,-55337.8971,2520074.2191,-203289.0367,-743097.7433,5238.8674,602165.4415,40096.5132
2024-10-16,533250.8422,-40726.3372,3143108.9425,-165455.0388,-8932.0845,7387.5014,647469.9662,73530.4237
2024-10-17,689440.9409,-38272.2194,3413511.2728,-162791.9781,1387399.7540,67754.0506,474818.0300,75556.1376
2024-10-18,238660.0039,-25844.4981,3937678.1492,-126418.4839,10425619.5273,-203059.0391,406724.3652,63685.5101
2024-10-21,150683.6377,-48628.0602,2764066.7123,-211399.8457,-151023.5637,-40713.3135,559271.1461,63149.4186
2024-10-22,181656.0742,-57399.8108,2657949.0799,-242805.4225,-154691.8389,-37364.2716,624227.1085,57851.2362
2024-10-23,186465.0919,-65400.2547,2515418.5724,-291438.2759,-192017.9267,-47372.5512,710872.2107,75486.1521
2024-10-24,183553.4200,-62110.0127,2575514.2120,-254107.7989,-28529.2746,-32524.5601,163346.6724,46985.2564
2024-10-25,182326.7407,-57053.8337,2727013.3925,-245794.1787,-159610.1793,-41928.7507,594842.1062,64523.8771
2024-10-28,167439.1256,-47747.3913,2881183.3946,-222279.2500,-147038.1689,-47459.8135,471928.9098,64901.7597
2024-10-29,180617.7682,-53944.8042,2816113.6568,-227896.4242,-161228.0781,-41363.4627,518822.5602,50197.2107
2024-10-30,184235.3959,-50206.0858,2859704.7199,-207477.0002,,,,
2024-10-31,166091.5695,-53149.6137,2892582.7002,-253173.4866,-176477.2207,-33521.7129,410136.4609,51494.8586
2024-11-01,210563.9804,-67831.4331,2807051.3016,-296411.6650,-120963.5093,-10017.6549,430337.5742,13303.1137
2024-11-04,228689.1235,-79885.7447,2711085.4159,-296316.9981,-152544.3979,83251.3884,479508.4704,-60623.6692
2024-11-05,216123.4831,-76564.0528,2741609.9005,-321771.7901,-173552.8759,17088.1073,510280.4241,45306.1813
2024-11-06,177364.3677,-57555.7043,3079324.8726,-292380.5580,-53744.0745,-23445.1185,311206.2930,97665.5181
2024-11-07,103292.2989,-20172.6417,3673384.6645,-107747.1649,103189.1723,172532.1116,153502.3196,-40134.4169
2024-11-08,136225.8667,-28928.6340,3393674.1038,-119341.2876,81105.3430,208455.9155,287821.9368,-105163.6549
2024-11-11,,-156.6045,,-863.4156,,-146.4371,,361.6378
2024-11-12,133809.4981,-42871.4695,3559870.5323,-191513.5679,561712.2066,577676.4629,243718.4365,-23500.0842
2024-11-13,161356.7252,-44572.1906,3433579.7193,-194701.3816,380849.4455,1050519.2842,465683.9325,-43714.3385
2024-11-14,82746.3173,-49702.2352,1777168.7351,-204598.9962,-161296.8964,1070773.9382,399558.1915,-3379.6427
2024-11-15,187155.9622,-51366.1253,3473924.6145,-216326.5065,8077227.0262,7365822.2329,398302.9364,21940.3423
2024-11-18,87426.5685,-37222.9484,2067361.0102,-184868.0223,-73799.0231,-22806.0583,500857.7125,58684.3087
2024-11-19,91121.2203,-39440.8232,2033434.3580,-187058.6924,-76047.7002,-15944.7517,484886.9691,7764.1397
2024-11-20,85870.9588,-34638.5482,2121562.2322,-155128.0732,-72300.4714,-14062.1930,472142.2198,15645.6720
2024-11-21,88447.5463,-46645.4628,2104528.3932,-238607.2148,-77437.3558,-25619.5766,506869.0912,69884.9668
2024-11-22,83068.8983,-36927.4609,2221106.4273,-193335.4088,-68284.1479,-20509.3782,426183.9059,60357.5725
2024-11-25,84793.8169,-31641.7720,2341402.8701,-161593.4037,-58435.3890,-16656.1373,361382.3737,45256.7301
2024-11-26,88953.5519,-36203.9286,2303433.4663,-181737.8660,-52060.1986,-15898.6293,306350.2389,45931.0160
2024-11-27,90512.7836,-29861.9990,2386263.5716,-175237.2175,342.4691,-21208.7253,-21700.2731,65332.5459
2024-11-29,88819.2679,-28283.9637,2390191.8017,-142184.5117,-46345.7348,4760.2692,311089.7634,-5655.3699
2024-12-02,94210.6097,-34404.2058,2308794.6356,-175104.8763,-70855.2677,-12442.9645,395019.5139,51943.3080
2024-12-03,92514.4329,-34538.2562,2295729.6963,-159178.8939,-66217.6667,152.9066,396286.3118,11364.2486
2024-12-04,93222.7367,-31586.8920,2343943.0483,-149035.2521,-64246.8893,12323.8740,194351.9549,-16974.4135
2024-12-05,97019.6695,-33467.3701,2314028.0981,-156656.4821,-64882.8043,11881.3473,366603.9582,7182.8447
2024-12-06,93293.0257,-29566.7859,2393060.4344,-148862.8924,,,,
2024-12-09,96967.5200,-30570.1025,2341332.4691,-142329.4637,-65466.0838,38761.0974,358403.4416,-2159.7976
2024-12-10,95708.7511,-34875.6916,2328228.4561,-160565.2994,-56600.1518,41549.0173,292128.1186,4507.3809
2024-12-11,96352.8898,-37520.0297,2291188.4106,-181104.4745,-127633.0533,12523.9761,392228.2823,42609.2056
2024-12-12,98660.8459,-34491.5012,2308160.2304,-170011.3868,-63352.9045,16638.4337,371651.3625,47291.6430
2024-12-13,96033.7155,-29828.7092,2392542.3680,-165256.8635,-62760.5315,-4459.8068,315805.4843,74623.5781
2024-12-16,97502.4325,-29991.4213,2159233.2789,-148396.6966,-102341.5412,46532.0428,305827.2851,44037.1015
2024-12-17,104960.3473,-33188.0696,2116203.6501,-164052.6367,-159840.9518,62816.2484,317438.8049,49699.5250
2024-12-18,101719.8575,-35745.0949,2065262.8767,-171295.2481,-290596.1476,181079.7269,218376.2430,-6944.1321
2024-12-19,103316.0568,-37256.6305,2075625.8900,-178031.1060,-360973.4112,408805.6086,347844.6186,51292.3118
2024-12-20,99792.9899,-36553.8057,2054000.4783,-180448.8786,-1923054.6639,1012174.2699,359852.3033,59058.9134
2024-12-23,70279.5510,-21113.7643,1803631.1422,-114992.9017,-62452.2843,-14365.6212,368179.5544,39275.3062
2024-12-24,71619.9439,-27024.0882,1810467.5275,-195090.3799,-62583.8792,-11922.7708,348908.5974,90776.0624
2024-12-26,70289.7232,-36999.5658,1814061.7906,-314272.6386,-12016.8563,-17996.2212,213833.4891,175746.4913
2024-12-27,67615.1052,-35878.0560,1863954.1117,-321776.1589,-49937.0281,-15689.3351,254922.0095,178300.9342
2024-12-30,72966.1070,-40513.2699,1854052.5248,-379331.0056,-27436.4938,-21433.8449,175914.9640,242865.3553
2024-12-31,73595.6484,-41504.4280,1848676.3060,-383686.1483,-51886.4917,-9304.3247,288992.4144,210112.5502
2025-01-02,75560.8545,-42158.9700,1852709.5803,-392127.3765,-55028.6675,-20324.8719,282879.9384,232826.1659
2025-01-03,77677.1552,-46945.5856,1864365.6240,-410283.8366,-63977.9058,-23942.3569,287798.4109,234991.4618
2025-01-06,81139.1945,-51810.8059,1818631.0369,-438988.1975,-72342.1229,-9394.2213,297959.5440,240630.3864
2025-01-07,85056.4723,-55215.9869,1783358.9694,-469295.3354,-92855.5353,-20661.6806,318238.0377,256766.1042
2025-01-08,83642.6011,-59899.2692,1746227.7334,-479908.5115,-106904.9664,100.5423,348840.7969,234527.0728
2025-01-10,84154.5236,-62559.9166,1726850.0370,-542772.8711,-130877.2216,21810.1999,352967.0181,284705.4556
2025-01-13,84768.0481,-65521.6327,1723987.0642,-537803.1449,-216134.1716,82495.2791,340025.2913,273687.8655
2025-01-14,84417.5912,-55287.1469,1799008.4425,-498740.4630,132192.4252,116512.5194,251343.5733,271471.1117
2025-01-15,103686.5027,-50961.3437,1865438.9867,-466361.3175,-72059.0087,100498.6296,303213.6865,259069.3076
2025-01-16,112258.8808,-53249.9164,1971284.6279,-466165.3397,122782.8878,336265.5120,265754.8460,263504.0087
2025-01-17,178497.0221,-52133.9308,2036055.5871,-472617.7962,1320798.6648,2169247.4589,233839.4504,283222.3995
2025-01-21,41040.0820,-46131.5776,1493523.6268,-429528.4764,-32717.9317,-39256.4846,251899.9859,280697.7540
2025-01-22,42234.2593,-45995.8413,1497092.6059,-452928.1044,-30845.6793,-42489.7041,247440.0809,300494.0724
2025-01-23,42571.0712,-45393.9157,1498265.6468,-436802.2303,-33927.5544,-35233.0254,254927.1305,279244.9167
2025-01-24,43751.2054,-49468.7139,1511720.6513,-458236.2549,-32310.3666,-37468.7076,259498.7994,295151.9775
2025-01-27,43789.1431,-52164.5427,1472416.0708,-526435.6310,-46230.3804,-61033.6155,301523.6948,358738.0913
2025-01-28,46225.9152,-55295.5230,1460831.0004,-514540.8267,-39334.3004,-38876.2355,288759.6472,312524.1595
2025-01-29,45269.0016,-51266.4127,1504598.1601,-474292.7557,-36846.0300,-38270.6869,267416.6073,295555.6989
2025-01-30,46773.3224,-55426.1983,1491429.6887,-491867.7589,-38733.9741,-40322.1312,290455.0931,311254.0785
2025-01-31,45830.8172,-49825.6948,1516708.2189,-465258.2602,-36602.4089,-32405.4508,272845.4049,293493.8299
2025-02-03,48646.4552,-54026.5965,1491817.5895,-478053.8147,-37738.7046,-27720.7816,282609.5905,275130.4347
2025-02-04,51489.4110,-57015.2922,1535091.9604,-515163.2200,,,,
2025-02-05,46761.9244,-50858.7020,1586285.0333,-476395.0574,-45833.3806,-42201.0412,314384.3913,307715.9644
2025-02-06,50846.6521,-46196.1190,1627992.0178,-439445.6622,-37196.1254,-42713.0557,286000.9973,296922.0244
2025-02-07,2426.2811,-26187.0266,45901.8650,-324531.0909,-1698.4989,-19949.2690,10529.4593,249512.2427
2025-02-10,2428.0573,-26329.6568,46491.3849,-319825.6508,-1763.0798,-20958.4453,10503.3049,245520.0897
2025-02-11,48881.9559,-45972.7483,1735496.4661,-427345.3694,,,,
2025-02-12,48559.7474,-47661.1964,1679157.2578,-461017.4937,-59523.1217,-41958.1874,318936.8724,301913.3807
2025-02-13,44021.1456,-41132.6416,1788554.5226,-384950.9065,,,,
2025-02-14,49456.3452,-42648.3589,1778835.3235,-362285.5295,10900.2769,17305.8129,206812.9920,217717.3210
2025-02-18,40874.2118,-30455.1802,1793153.9582,-325361.8049,88235.2855,367615.4209,245174.4530,207492.9009
2025-02-19,45574.0008,-38508.6725,1836748.2408,-337557.2158,146823.4195,132371.3529,244949.0248,241596.5127
2025-02-20,51956.4137,-39899.1572,1837235.9567,-345785.6810,268804.8172,1031176.8009,237658.7037,235819.3587
2025-02-21,46816.5975,-39041.8337,1893416.1119,-320774.8372,1259305.9603,4909945.0523,197879.5327,245706.2550
2025-02-24,40921.2167,-35428.7633,1550836.1748,-360613.6748,-31625.1432,-31849.4336,315553.7560,279905.0309
2025-02-25,42969.5030,-36501.4616,1540231.5994,-389465.1245,-33663.7449,-32330.5273,312962.3250,293267.1751
2025-02-26,46264.4267,-36741.6079,1524391.1959,-419788.4470,-36235.9999,-35378.1365,324443.4831,322600.9576
2025-02-27,59055.9708,-41300.3384,1585380.7106,-426675.9260,-47847.8942,-35932.0579,440176.1492,321021.2896
2025-02-28,60426.0754,-44878.1579,1593481.1073,-460776.8652,-54358.5005,-36098.5783,522864.9759,320167.6450
2025-03-03,60124.7646,-42300.6846,1675225.9217,-426305.5593,-46919.8457,-36726.1874,444328.0902,311156.6365
2025-03-04,60867.2271,-50704.2449,1553199.3685,-508534.3127,-64263.4068,-41198.2425,540127.7348,353749.0494
2025-03-05,63747.3607,-49315.7774,1539142.2960,-523264.1141,-68326.3774,-42519.9342,569882.6829,369937.8016
2025-03-06,62570.8230,-47203.9662,1573670.5850,-517477.7972,,,,
2025-03-07,66017.7077,-49385.4285,1540794.6306,-525456.2734,-67964.1234,-42063.3197,543496.6200,357762.9473
2025-03-10,61852.5250,-48202.1349,1564912.1346,-524442.8098,-76367.6630,-43314.8867,531128.5717,364814.5631
2025-03-11,68983.2889,-72145.6105,1401020.2985,-765737.6081,,,,
2025-03-12,62457.7061,-52749.6469,1627444.9443,-585485.2602,-75227.4330,-55226.5458,510915.3501,414161.7551
2025-03-13,69144.6342,-55519.4387,1612077.6916,-600799.8544,-82344.0453,-56904.7625,523665.3766,419153.7058
2025-03-14,73139.5210,-62863.8640,1544791.8716,-646841.5856,-98616.5037,-57614.6395,562803.0846,424228.1960
2025-03-17,69505.9544,-53426.3340,1672318.6979,-580030.3636,-110542.7347,-58343.3969,490286.3059,401767.1966
2025-03-18,70550.9237,-56895.1503,1689712.5211,-566075.9141,-109183.2181,-57072.4937,483339.8831,388520.7688
2025-03-19,79288.8533,-64146.7577,1657081.3448,-637200.6631,-130619.5439,-64160.7287,513539.5043,424658.2441
2025-03-20,77156.0633,-67530.4242,1633269.8180,-625016.5864,-200907.2855,-68175.0464,542391.5699,406055.9041
2025-03-21,82162.3461,-61680.4446,1694319.2569,-582223.2358,-376838.3635,-57367.1935,521339.1712,389057.0907
2025-03-24,59115.5916,-50653.4068,1755432.5605,-474816.2683,-63277.1782,-51081.8101,434338.1168,338389.6546
2025-03-25,59911.4410,-52819.4680,1728448.3909,-502083.0995,-64195.2229,-52550.3316,441867.1643,354684.9124
2025-03-26,57296.8020,-49345.7199,1789430.9418,-441968.3942,-58431.6790,-48888.5100,402753.5187,307354.0443
2025-03-27,58197.0258,-51279.6937,1756367.1191,-526397.2125,-60828.6382,-55868.8451,422665.8691,386422.5762
2025-03-28,56712.2439,-50054.7451,1784137.9427,-492184.4352,-60123.8815,-54771.1994,412789.5195,364047.5094
2025-03-31,56063.9565,-51624.2000,1769639.4852,-519366.0614,-65487.8000,-59024.1117,420547.2048,385953.9614
2025-04-01,59191.7685,-51202.1511,1898742.5204,-500537.5128,-62290.7846,-58738.0441,445544.4941,371942.2199
2025-04-02,58316.4644,-55560.2790,1912818.7544,-503873.2005,-61211.2081,-57032.9084,433507.2961,351065.3659
2025-04-03,61353.7192,-57608.3917,1897271.4271,-546278.8174,-56010.2178,-65548.3502,420692.1292,387209.0570
2025-04-04,69047.1587,-70768.5089,1782482.0660,-645826.8382,-78211.1536,-74203.5126,500266.1117,426736.9994
2025-04-07,67418.7579,-72838.1914,1755105.5224,-668812.6049,-124676.7264,-105113.7454,651546.1819,572217.2658
2025-04-08,60522.9539,-70699.2294,1787306.2679,-671741.5656,-111233.2801,-88308.1769,495859.1702,443075.4400
2025-04-09,67035.2873,-84221.4037,1629793.2513,-859749.9024,-144138.2959,-116345.2335,567280.5652,537110.8897
2025-04-10,69368.7558,-77774.6869,1711728.1448,-747302.9879,-136418.7557,-111402.9439,538635.8674,487133.6438
2025-04-11,73284.7744,-84431.2950,1722852.2995,-752268.2296,-122632.9902,-99968.5835,509545.1970,469248.0083
2025-04-14,77927.7761,-73664.4890,1809310.3814,-691425.1466,-90589.1332,-102619.5393,459862.6098,448145.0948
2025-04-15,76385.1857,-89733.1178,1820640.6046,-662070.4618,-73151.2065,-21590.8436,460533.5502,405063.1652
2025-04-16,73434.3786,-85956.7342,1864979.4824,-636126.9023,-13531.3474,75712.2982,442381.0331,388329.2893
2025-04-17,85342.3215,-99735.7745,1819156.1516,-684809.6436,106240.1710,175287.8075,480906.2617,408847.5222
2025-04-21,55272.4125,-65424.4219,1710586.6059,-607538.6345,-73369.8040,-77505.1527,463856.5876,401944.7981
2025-04-22,57294.2208,-71782.6214,1672300.7852,-670551.0848,-80848.9747,-91335.2505,476784.0341,437207.4321
2025-04-23,58041.4656,-73076.2987,1667734.7419,-661939.3827,-84249.6686,-76271.5592,493083.3775,414730.8331
2025-04-24,58166.2996,-73254.7408,1674603.5642,-643063.3431,-88601.4787,-84968.6927,499267.2683,413820.1705
2025-04-25,60036.0084,-66839.5679,1719514.7068,-626408.4982,-75581.9157,-77710.4851,474982.6100,397205.6191
2025-04-28,59632.9252,-66941.3118,1738120.3773,-580723.7349,-85866.8680,-76686.8110,474225.6586,369238.5512
2025-04-29,57160.8483,-59434.0739,1774373.3116,-547014.4859,-92973.7656,-83331.3875,459069.3556,364302.1065
2025-04-30,57051.2319,-61473.4769,1780247.4034,-572387.5701,-87361.5778,-96320.4533,450325.5830,378979.9542
2025-05-01,57596.7057,-60337.4317,1813276.2005,-547947.6809,-84904.0315,-86478.1746,450817.9194,357873.6685
2025-05-02,66069.3874,-94674.2276,1653420.1890,-771181.8995,-125597.0812,-113564.5545,509696.1099,437317.3282
2025-05-05,79673.7012,-106182.0571,1694256.5155,-858011.7378,-150827.5651,-120973.7104,580692.1577,463432.6019
2025-05-06,82886.9514,-141241.7907,1485480.5902,-1162247.3210,-183096.5676,-144987.1311,697870.0379,595930.4006
2025-05-07,82075.1509,-112065.0644,1677466.4541,-863214.1165,-154672.0414,-98206.8977,631879.5309,468965.0320
2025-05-08,79601.4095,-101250.1165,1741928.3729,-814987.6836,-126703.3881,-106799.5068,594697.6031,457614.3384
2025-05-09,87709.3007,-115841.7915,1693869.3238,-878605.5201,-175456.7243,-115082.7393,642319.8613,473775.1505
2025-05-12,93626.4383,-96316.6462,1835620.3396,-762035.7610,-170937.3764,-114757.5389,544141.1507,418127.8913
2025-05-13,96874.4794,-121238.7123,1777757.4007,-868418.0834,-204814.2289,-54951.5905,647876.6089,429372.0453
2025-05-14,96517.0274,-128189.3517,1706526.9069,-938228.3546,-394467.8489,154263.0511,694935.5617,449684.4329
2025-05-15,103154.2328,-123387.1049,1796623.4848,-831011.5909,-518516.0243,103449.4253,656381.4747,389392.1104
2025-05-16,110291.4532,-112388.7541,1830894.0030,-801042.8656,-1122083.9530,219089.0931,641610.9807,407888.6811
2025-05-19,71803.1401,-88203.3485,1613174.2100,-695630.3358,-99114.1043,-93912.0359,641646.1520,405087.4432
2025-05-20,74328.9816,-89119.9020,1619176.6371,-700834.5153,-98123.0519,-93956.9287,630128.5124,403099.7676
2025-05-21,76137.2675,-95132.5833,1615140.4113,-725337.3922,-100955.9694,-93138.3066,632833.8648,398611.9377
2025-05-22,81257.8756,-100813.4069,1601438.6982,-775967.6911,-106759.6543,-99376.8544,654710.6331,423741.7486
2025-05-23,80420.8782,-95767.0042,1591061.7055,-795205.3800,-115570.2809,-106085.9395,666582.5301,449259.8515
2025-05-27,86118.1559,-97864.4677,1623705.4650,-795689.2482,-111563.8679,-109378.2205,631378.6895,436274.3179
2025-05-28,87962.3659,-87101.0143,1720632.6580,-734171.9265,-111640.1132,-111422.6661,622459.0251,424290.7966
2025-05-29,98521.7796,-91189.5266,1915110.6366,-689687.6876,-122653.2339,-91993.1206,656836.8652,363159.2751
2025-05-30,105483.3378,-99374.9930,1898876.9280,-809264.5042,-141250.1856,-107644.7560,763785.7610,427174.4844
2025-06-02,111745.6162,-109061.9156,1935827.7656,-760579.4389,-142705.1043,-102417.6840,735483.8731,372922.7726
2025-06-03,112404.6301,-104778.9123,1926519.8975,-748473.6822,-157548.3261,-92910.0684,767282.9387,366559.1004
2025-06-04,111145.4791,-107419.7515,1924765.7619,-782383.1182,-155410.0936,-109810.4417,754603.9221,390822.1926
2025-06-05,110669.8823,-110719.6986,1873283.3441,-852865.5735,-157462.3775,-116001.8215,745021.2599,430402.5722
2025-06-06,117691.1616,-97653.6214,1994416.1698,-738850.3717,-144158.9914,-88459.9693,687931.4739,359485.9907
2025-06-09,125116.4254,-91667.1517,2032337.5030,-743771.0577,-153927.1118,-109923.9723,673604.2710,378915.1527
2025-06-10,126646.0681,-97352.3550,2059258.9728,-648471.8557,-149603.9068,-98089.0723,665079.6626,299966.8039
2025-06-11,133170.6662,-91495.0203,2099601.6611,-671700.2489,-146423.2832,-64788.9268,702915.7098,311431.9158
2025-06-12,131322.8892,-115207.7931,1937619.3467,-761100.9254,-186416.3400,-55808.7199,797286.4060,317012.5510
2025-06-13,124862.0835,-120244.2423,1937768.9921,-775211.2559,-194975.4568,-60187.2530,791964.0388,315533.0273
2025-06-16,139135.6315,-131330.4646,1881013.4738,-784645.4388,-238676.1217,23206.3455,777428.3348,315379.5492
2025-06-17,138239.0488,-128271.6831,1871945.5311,-814388.4398,-262819.6699,72973.5308,800136.3340,301233.2020
2025-06-18,139171.5501,-119922.1651,1863012.3643,-839106.9207,-353017.3990,145603.3030,852838.4497,362860.0221
2025-06-20,135179.6629,-138049.5245,1866222.0739,-756145.4890,-1655122.1488,1988752.4814,812973.6466,268197.6352
2025-06-23,110361.4153,-112587.1816,1763844.9689,-833148.4554,-210814.9091,-116200.3245,871946.6692,413036.1361
2025-06-24,123433.9576,-101137.3977,2003241.2969,-665281.1222,-181310.5270,-94422.2367,737586.4048,316949.3871
2025-06-25,134933.5240,-89509.0102,2147216.3304,-615060.1717,-194414.3999,-92643.0224,772658.0666,310336.8446
2025-06-26,138411.5280,-92729.7021,2094425.4790,-601848.6564,-186327.7262,-79670.5332,790829.6768,268136.4414
2025-06-27,141553.6638,-99440.1977,2061582.3946,-576358.2496,-199525.7507,-73775.6196,827722.0523,212344.1136
2025-06-30,158254.3778,-106018.0818,2065207.6563,-647901.6391,-174637.5023,-89371.3437,663921.4646,270018.7419
2025-07-01,145795.4034,-94404.0868,2205827.8084,-499051.4508,-198979.5032,-73267.1543,686958.7567,151068.1762
2025-07-02,164802.8145,-96456.0783,2148497.8020,-520654.1928,-253851.6861,-87461.2326,788345.2250,190210.4031
2025-07-03,154753.7579,-91634.2577,2149835.7705,-553550.5084,-235375.2149,-93485.2439,793195.3940,233672.6134
2025-07-07,155915.8187,-97059.5170,2173013.5316,-524114.7816,-204377.2164,-63948.3484,679804.4363,169822.6150
2025-07-08,157772.1816,-94885.4818,2218559.5225,-540457.5963,-262839.1767,-92214.3211,678321.3711,215723.4753
2025-07-09,154341.0163,-91997.5172,2202851.7449,-506728.7408,-302713.3131,-55987.2459,705050.8842,165398.7590
2025-07-10,152611.7329,-60572.0390,2703542.4644,-371355.4895,-212142.0247,-74351.7556,625712.3344,154698.4488
2025-07-11,144822.2413,-51651.5664,2922688.2102,-317463.2212,-20036.5807,-23476.1516,472230.8819,117285.9260
2025-07-14,147697.9858,-55073.3764,2927877.0138,-350136.2824,-168575.7035,31134.4439,615792.6652,142192.4805
2025-07-15,175003.1142,-57050.6078,3004041.8030,-318785.4220,119874.7758,111485.1871,609741.3271,83828.5182
2025-07-16,168943.6080,-62143.1824,2963322.7887,-352071.5206,105954.6182,115271.5986,636033.6122,106233.7709
2025-07-17,185914.6812,-67858.4692,2934117.0279,-373472.1362,289436.6817,491877.9009,718174.6254,106374.2970
2025-07-18,193657.7401,-74466.1154,2836537.0401,-390799.6067,236150.0872,1220992.7558,748046.5123,100183.1176
2025-07-21,109335.5527,-73480.9253,1526876.4793,-400105.3098,-224519.1955,-71341.1782,793199.1596,119394.0014
2025-07-22,110264.0336,-54730.1659,1758536.2951,-316323.5892,-195604.6062,-62350.2516,687077.1906,107070.7033
2025-07-23,113366.0392,-55313.8300,1759416.4352,-312305.0311,-200009.8942,-59758.1654,686998.9591,95773.8776
2025-07-24,111844.1573,-50484.9991,1824106.2297,-286106.9797,-189946.5104,-51765.6078,637202.3315,77304.6435
2025-07-25,89016.3844,-31366.9215,2084145.8707,-177859.5249,-190436.7451,-26310.4793,547009.5167,25492.1020
2025-07-28,136383.5381,-46439.4314,1875925.8386,-225016.1257,-206728.9380,-11984.0608,600867.1552,-3107.8326
2025-07-29,141670.5161,-53908.3079,1795851.5940,-252793.9557,-252081.4248,-21346.2180,695295.0929,3577.9543
2025-07-30,139618.5704,-52681.6352,1813067.7596,-247618.2990,-252855.1260,-5079.3546,651982.4444,-5121.6188
2025-07-31,130444.7169,-51355.8970,1843552.0326,-240458.7288,-271400.0662,4512.0688,653773.3298,-9260.5605
2025-08-01,136666.1569,-51594.9487,1787578.3595,-213866.0115,-296930.6785,50886.9508,694604.9149,-78574.2172
2025-08-04,134489.5034,-58903.3120,1661521.4212,-236739.1412,-404781.0756,87732.0458,747777.7700,-76815.7833
2025-08-05,133019.9391,-66216.3189,1704533.6930,-322598.3517,-413042.0976,-34581.3182,719009.2444,33654.9583
2025-08-06,148898.0171,-81447.0432,1626810.7246,-415835.0289,-505718.2826,-28327.2126,780536.5099,79836.6687
2025-08-07,147564.3521,-67252.0875,1927982.9663,-356337.6382,-469727.7270,-20968.5373,703896.0795,73051.8706
2025-08-08,136806.1352,-54986.0009,2157002.1520,-304573.1688,-426907.5341,110984.1466,535682.1295,63305.9818
2025-08-11,171266.4249,-62812.2300,2058031.8087,-337782.2391,-668455.0651,67169.4913,768552.7494,68946.0792
2025-08-12,203352.5290,-47375.8222,2160641.2702,-224804.1807,-624030.5387,638098.0334,750694.7817,-18440.3482
2025-08-13,192191.9494,-49094.9757,2145538.1201,-232737.9636,-652016.2663,1075457.9840,731382.4167,-3507.2757
2025-08-14,185137.0616,-43087.5098,2169213.2029,-198737.6913,-1307303.4872,3732838.7882,747277.7000,-57293.7716
2025-08-15,206522.9714,-48067.2892,2096966.7260,-217639.7920,-6059649.0823,9682554.8977,720648.1582,30862.7399
2025-08-18,88767.2119,-18873.0894,1432089.9778,-146439.8898,-114460.4182,-16321.3590,695058.2259,61517.9121
2025-08-19,56792.9662,-7087.6461,1108914.6979,-47651.4209,-84403.4078,-3928.0408,397268.3887,8795.2975
2025-08-20,91008.8180,-17881.8437,1552711.9412,-136546.9590,-108022.8143,-16427.4418,559591.8246,63175.7631
2025-08-21,95837.0298,-18555.2913,1515702.6388,-147125.6636,-114592.3875,-16323.5183,649094.6774,66123.3510
2025-08-22,93519.1604,-17899.6433,1538441.0159,-131502.3195,-118612.0745,-15551.0596,676515.4238,45838.4828
2025-08-25,102518.3647,-18365.6960,1600054.8223,-132227.1443,-123238.8173,-15116.3796,659346.1592,42954.4871
2025-08-26,102665.1262,-19938.5431,1572613.4890,-145216.6805,-128171.1863,-17305.6911,676323.7838,59137.8860
2025-08-27,116541.6953,-18457.3771,1659872.1680,-136088.4677,-139353.4580,-16976.4781,672506.9241,59505.8924
2025-08-28,110777.7443,-16822.3709,1736043.9862,-121180.8036,-114278.2740,-15060.0204,535001.8627,42774.2249
2025-08-29,109586.0873,-17108.9239,1731823.4667,-126183.6732,-122274.5430,-16193.9110,580151.9195,52799.4621
2025-09-02,111910.8565,-17813.5372,1707000.2402,-128227.2926,-130879.0039,-15777.2216,600075.0380,48336.2788
2025-09-03,117510.6523,-18362.7606,1783972.9254,-133533.3942,-124368.7920,-16897.9875,466431.1839,53835.3579
2025-09-04,104691.1353,-15258.0623,1905035.2302,-109795.1747,-95440.5045,-15039.1693,415528.1223,42437.6769
2025-09-05,115138.1942,-18350.5899,1769991.3756,-129549.7837,-135277.3469,-15722.2130,589979.7253,48221.8546
2025-09-08,112040.3345,-20109.3924,1704000.2392,-144003.0364,-162715.3467,-18602.1421,647933.4184,63031.7911
2025-09-09,126198.6145,-22545.7382,1701456.3190,-161339.1947,-174159.9075,-21533.2139,620445.0710,73089.3592
2025-09-10,122031.8156,-20354.1938,1724231.4023,-145049.4733,-162842.6737,-17878.2424,572056.8882,48631.0573
2025-09-11,122836.1420,-19759.9525,1733657.9355,-135820.5407,-148093.6619,-16888.2992,511294.9787,35802.9552
2025-09-12,117355.0854,-19678.8891,1740331.3363,-131705.2882,-139315.3574,-17040.0766,567533.0672,36517.5497
2025-09-15,117722.7772,-19054.9778,1650777.3354,-132295.1102,-162451.4441,-19324.9615,480469.5937,48425.5494
2025-09-16,116341.6381,-16843.9708,1546578.4587,-101166.9293,-214114.4005,-16609.8839,602434.3674,17202.9108
2025-09-17,113956.3053,-17531.5280,1597893.0688,-115267.9701,-232659.2044,-25445.9809,535717.0131,46788.3627
2025-09-18,114136.9952,-16431.5914,1524153.0028,-103983.0566,-384276.7908,-21948.3455,648448.1372,15019.1771
2025-09-19,115806.0198,-16458.7632,1531765.8792,-108324.2108,-2618020.4142,-18615.9005,635467.9289,40455.6415
2025-09-22,83128.2929,-15928.7285,1235799.9833,-99353.8874,-156646.6808,-14405.1119,651229.9895,14607.3126
2025-09-23,77944.5681,-15795.3829,1268703.3183,-105445.0496,-172938.6270,-15035.1209,645287.3750,26561.9262
2025-09-24,85388.0116,-16460.5818,1225193.6485,-110035.6847,-182375.7999,-16562.6877,661538.6953,32198.3481
2025-09-25,84889.8435,-17295.1478,1238455.7465,-116862.1363,-187088.2912,-18695.7162,637293.8621,49736.8954
2025-09-26,85792.8581,-17181.3749,1250971.4840,-114899.2013,-186363.5117,-18751.5262,609290.9773,42559.6035
2025-09-29,86451.8868,-17973.0000,1190190.1893,-118864.5177,-210131.6430,-19403.6961,641841.4506,43361.1254
2025-09-30,81662.1890,-13494.6745,1351960.6818,-86138.1094,-187513.1061,-12135.9541,491626.6176,4622.0794
2025-10-01,80573.9710,-13440.2735,1366016.3269,-81369.9041,-191041.5723,-12285.6756,529224.4382,603.5024
2025-10-02,84928.0343,-14563.5540,1345157.3662,-89893.8154,-219044.8385,-16042.0979,611336.6824,24120.4326
2025-10-03,81456.0634,-12597.1121,1393007.0724,-75740.1580,-205637.9322,-10886.0181,536529.0551,-2532.9974
2025-10-06,82357.9572,-13494.7957,1357701.8326,-84995.8053,-263284.3125,-16287.1032,578556.1176,20245.3456
2025-10-07,85416.1987,-15275.6757,1335647.7740,-101115.8712,-281592.1325,-21657.6286,571843.9377,39251.2069
2025-10-08,84200.4807,-14528.0216,1378190.0689,-96991.4696,-272697.8938,-19825.0635,497306.1077,36270.0139
2025-10-09,87837.1584,-13880.6574,1343705.9213,-83794.5759,-314186.7144,-11804.3700,561386.6928,8715.1167
2025-10-10,88249.1426,-13979.0591,1387444.6650,-90730.6088,-328879.0180,-20107.1167,459683.2635,35041.4609
2025-10-13,83231.0360,-16652.0088,1272287.3982,-109860.5210,-523474.5508,-23392.0818,508194.4467,42546.5844
2025-10-14,84188.8272,-15819.4579,1279412.3231,-94109.2109,-624312.1258,-15423.7658,463995.4450,12006.2700
2025-10-15,80609.0453,-11984.4539,1277468.4684,-68360.3350,-1053784.1698,-5658.0490,483000.1913,-45487.6228
2025-10-16,60645.3529,-11781.8206,1315069.5535,-71963.0306,-1094856.1727,1664.3201,327175.8820,-41780.1187
2025-10-17,66960.5237,-15136.3518,1301458.8165,-87734.9289,-3952119.7786,-16365.4846,366315.5837,1366.6376
2025-10-20,54409.3310,-9949.6355,1056744.9840,-59596.9983,-79524.2184,11004.1265,168566.8484,-88029.5632
2025-10-21,53502.7139,-12283.6735,1046506.3387,-79702.4098,-90633.7818,-4299.8098,360839.7691,-3875.6840
2025-10-22,50392.3424,-13697.6776,1009976.5155,-84078.8312,-95383.7041,-7954.1095,409084.4831,-711.9410
2025-10-23,51230.6002,-14288.0288,998793.3033,-87430.7293,-93673.5965,-10852.6130,392163.9927,12973.2574
2025-10-24,53847.3780,-14396.5118,1027344.0414,-81317.0353,-88558.9157,-11767.5604,341770.0468,4077.2718
2025-10-27,52977.3272,-12594.6026,1041692.9521,-75506.2782,-94855.1639,-5692.5812,316112.6604,3105.5497
2025-10-28,55502.6799,-11283.4534,1062137.6049,-64962.0021,-92604.2302,10712.6746,278610.9329,-37583.2717
2025-10-29,57645.3703,-13005.4558,1085124.8790,-85817.3950,-100751.7089,-21421.7625,336293.6031,31940.7309
2025-10-30,56579.3517,-13081.7835,1079705.7186,-65447.0444,-99150.2633,6817.8357,276782.2556,-30481.1143
2025-10-31,55448.1495,-14286.4383,1032818.9046,-83116.1939,-100084.0911,-9543.8396,191886.1449,3603.4207
2025-11-03,53505.6571,-13308.5401,1047109.2150,-84464.0699,-129528.2349,-7761.2030,363434.4589,15574.7109
2025-11-04,55369.4697,-10096.8917,1089693.3436,-65033.7706,-116443.8053,20162.4241,305455.2023,-21904.8883
2025-11-05,55106.8236,-11082.2580,1088280.6445,-66219.8700,-111699.0164,18234.5505,266363.9152,-15247.4319
2025-11-06,57205.2706,-14113.1778,1025892.4251,-82981.9162,-132898.4133,-9279.9140,356404.7084,10143.5480
2025-11-07,57012.1968,-16099.4884,936380.0599,-88732.8975,-173707.0794,32144.1784,422588.2809,-30993.9555
2025-11-10,63863.4373,-14240.7467,982899.8925,-83992.4599,-172760.5701,22972.1837,326943.0485,4317.7488
2025-11-11,67468.2724,-12634.1212,1049140.0100,-65425.6138,-149953.0147,54719.7846,134242.9242,-27557.8742
2025-11-12,73172.5054,-9624.7985,1052622.1824,-55866.5950,-168639.2653,90032.5209,264998.2785,-46682.8966
2025-11-13,80144.8633,-9704.3570,1092136.1641,-49437.0605,-156885.0575,165829.8126,155240.2847,-118985.9327
2025-11-14,66475.6835,-11051.0500,1004533.8461,-68098.5564,-234982.1318,128681.8898,343666.2476,-28941.0575
2025-11-17,80187.4382,-11166.4269,1059642.7963,-55418.5716,-328924.7121,340774.3340,196662.3018,-75436.6772
2025-11-18,72545.9548,-15759.5415,980041.9552,-82240.8651,-512994.1529,185282.9095,332165.1081,-2857.7823
2025-11-19,78385.8629,-11324.2545,1023748.0065,-62282.5084,-734539.7202,747248.2695,331891.8005,-57410.6834
2025-11-20,82338.2727,-14098.1510,1169438.9811,-74520.9511,-1224478.1938,704080.1046,264390.9746,-85.1432
2025-11-21,75659.9216,-13045.4599,1147298.7828,-63800.1317,-4377487.9939,3879311.9800,171465.1659,-2809.9500
2025-11-24,49701.5151,-9170.7901,967915.1508,-46840.0387,-55938.2068,-5744.2344,202615.2036,-9954.3685
2025-11-25,55114.3503,-8650.8800,1002099.3894,-47195.9225,-50241.8742,-5480.2354,108140.2338,-2134.1140
2025-11-26,52164.0152,-11631.8202,1020849.2790,-44353.8497,-51347.5229,-6240.3025,154546.1065,-12321.6187
2025-11-28,67415.4321,-12696.2388,1054015.5457,-45107.5005,-47797.3517,-6903.4503,-15366.1408,-13132.1836
2025-12-01,56213.8452,-7882.8804,1044447.3982,-33581.4200,-49974.4813,-3452.6317,132883.1114,-22568.6097
2025-12-02,61796.0808,-8653.9222,1057017.2930,-39452.7187,-51955.4837,-4541.9726,119576.3320,-12528.0659
2025-12-03,55459.4594,-8436.9129,1066999.4181,-35387.4462,-45751.5910,-3647.0410,60287.5810,-21337.7188
2025-12-04,60842.5651,-8423.2902,1027158.9531,-37100.8802,-57528.2359,-3949.9126,167459.5576,-19478.4666
2025-12-05,63756.2506,-8937.3979,1040598.2642,-39607.1131,-57565.5100,-3978.8896,92960.9030,-22243.7328
2025-12-08,65516.2354,-15630.5225,1036058.1970,-57507.8083,-61244.2215,-12683.1204,115564.6384,-2020.8171
2025-12-09,66125.8611,-10616.3371,1000883.9088,-54487.8918,-76250.1554,-7198.9904,183873.0219,6810.1721
2025-12-10,65802.3219,-10290.0335,995465.4318,-50453.9023,-78327.2302,-5293.8234,187429.3151,-7142.0756
2025-12-11,62438.6030,-10318.5366,1055669.2281,-51093.6664,-58651.5077,-6622.8513,-57811.2061,3807.4330
2025-12-12,70539.8637,-10715.9882,1049442.2253,-51788.1770,-87288.5475,-7170.3631,189528.4435,4451.3558
2025-12-15,69694.0590,-9729.8609,1040960.6962,-50127.4222,-96501.9246,-6517.9458,130347.5068,6108.3891
2025-12-16,70331.2647,-11262.8766,1016559.6367,-54307.3995,-127877.5188,-6559.2579,187661.2126,-414.8505
2025-12-17,69551.9824,-10177.3795,1120130.0928,-51391.7150,-105385.4902,-5494.6531,-89184.2134,8836.1330
2025-12-18,72772.2595,-11506.8997,1064002.1050,-51587.9711,-230305.7725,-4600.2444,171209.7337,7562.0677
2025-12-19,70315.6929,-12852.2362,1057510.0284,-53388.7051,-456831.5955,-2680.7629,211192.4116,14494.6236
2025-12-22,59984.8534,-9584.9881,1114010.1084,-40397.0914,-65939.2625,-2488.8747,84807.0098,-12345.0679
2025-12-23,56598.1100,-11745.5260,1197107.8429,-30162.5593,-40821.6027,-2953.2789,70802.8530,-18611.4343
2025-12-24,53247.3285,-8881.0993,1191705.7371,-29183.8284,-44340.2860,-587.9935,104232.7825,-14948.2947
2025-12-26,55523.6810,-8615.5851,1182681.2046,-31778.2107,-45153.3868,-873.4339,90614.1301,-10491.6498
2025-12-29,54708.7466,-8668.4313,1152635.4194,-26530.3848,-62981.8210,7840.8285,194429.2193,-34672.5037
2025-12-30,42612.9432,-7974.8736,1242177.8056,-30200.8322,-4672.7721,617.5287,-424142.0492,-8533.6786
2025-12-31,65001.9760,-6359.0433,1263205.8953,-30373.1539,-12565.1727,308.4127,-175805.0704,-5504.7610
2026-01-02,53095.0079,-7588.4830,1223442.7234,-27329.2722,-43147.3205,5372.7912,89291.9915,-11670.9193
2026-01-05,59492.5465,-9615.0867,1213261.9887,-27115.8424,-56141.8707,12852.3563,84396.5216,-18516.7887
2026-01-06,56473.6701,-10704.3794,1202952.8823,-25789.8914,-63749.2075,19246.6902,101944.7656,-25234.4326
2026-01-07,47749.2833,-7396.7624,1283001.1679,-19536.5351,-18358.6906,23244.2680,2829.1112,-23464.8287
2026-01-08,27966.6506,-5510.5464,1280810.5833,-13742.0436,46312.1288,33662.4895,-239616.4174,-27988.9198
2026-01-09,45602.7421,-8486.6870,1231884.2106,-26180.9263,23811.3911,22873.9273,-164373.3464,-12524.6381
2026-01-12,30659.4819,-7737.3974,1251324.0103,-16651.6408,118123.6838,73002.1807,-92986.8444,-20381.7009
2026-01-13,23118.6608,-5811.8594,1261996.0795,-14293.5461,225660.7564,100462.8688,-144440.1617,-16603.9094
2026-01-14,44070.6847,-4114.5127,1291817.9183,-12315.1382,442868.2079,153785.3532,-60016.1546,-11959.0439
2026-01-15,49773.4666,-3466.6024,1302843.1256,-9710.9154,1068390.2546,468159.8515,-98765.1603,-21985.3309
2026-01-16,106125.1007,-2865.2080,1326539.1138,-7556.5020,4874833.1135,1616489.1249,14299.1513,-13249.4642
2026-01-20,10369.3490,-1481.2924,310877.0131,-5503.8780,-3840.1053,-527.4246,54623.5080,-4979.4995
2026-01-21,11738.9179,-1878.1055,307095.7607,-6389.0710,-1624.4509,-682.2791,31326.1270,-4323.0176
2026-01-22,12122.8135,-1468.5704,318864.2041,-6243.3134,-745.5741,-587.7498,22370.4153,-1841.4326
2026-01-23,12367.7169,-5425.9900,318696.4100,-13997.6485,-2920.5828,-481.2344,48722.6234,-28946.0047
2026-01-26,11455.6164,-5786.9167,317205.0226,-15380.4227,149.7506,-569.6151,40069.1161,-23615.4087
2026-01-27,10961.7205,-6553.2987,312106.8459,-16466.8249,-2216.3060,-1436.0661,59220.5406,-22182.5259
2026-01-28,11577.3199,-6663.9244,312118.0560,-18120.2978,-1464.9188,-1387.0451,37275.5153,-18990.6898
2026-01-29,11783.8814,-6814.0609,314311.7431,-18280.6798,816.7057,1289.0895,44229.5936,-28329.2090
2026-01-30,10974.9641,-5114.4913,342748.8354,-15121.5122,-1759.1668,866.8708,6658.4103,-19361.9746
2026-02-02,13788.1078,-4829.7973,348083.7371,-14641.4570,2365.0649,1269.3230,43000.7054,-15345.3727
2026-02-03,13995.5332,-4231.5101,364835.6165,-18642.9288,-2210.8175,-1499.3605,-19415.8576,-3148.3174
2026-02-04,10763.1517,-3872.8713,358271.8114,-13286.1449,6183.9051,1996.1163,27056.9815,-11193.9644
2026-02-05,11833.8875,-3690.4211,367411.1048,-13909.5578,450.6140,1963.1957,42317.1845,-9633.6138
2026-02-06,13582.3301,-4164.1719,358381.0815,-15598.7997,712.9978,2578.3391,59056.7633,-9718.7399
2026-02-09,12483.4094,-4547.8664,357869.1131,-15677.9503,10366.9420,4755.5630,54326.8541,-10156.0392
2026-02-10,10503.4862,-4578.9686,377873.6440,-19347.2469,1246.1546,321.2362,-91213.3924,-3338.4341
2026-02-11,16251.1938,-4508.2768,371114.5297,-15606.7049,7983.7207,5769.2384,-13872.5620,-8739.5099
2026-02-12,12844.7399,-4150.5326,366153.3651,-14643.8346,4443.1535,7140.5905,40234.5774,-7960.1723
2026-02-13,12867.1712,-3706.7181,372701.3207,-16510.1382,18171.0940,2660.9523,32927.1511,-2955.1356
2026-02-17,12902.4242,-4036.8493,373608.1499,-17480.2385,50875.6750,19281.8018,57501.1554,-2916.9451
2026-02-18,13016.9151,-4516.4774,373982.5830,-17350.9674,46062.6687,50961.1308,43457.7648,-3713.9750
2026-02-19,15051.5384,-6565.1817,342269.4333,-21773.6459,125698.0381,138518.8739,75473.6783,-4326.8644
2026-02-20,15521.6496,-5240.8907,354019.1485,-11564.5180,652450.9513,798403.9921,68696.3600,-8621.3667
2026-02-23,11561.0016,-4455.5032,201873.6422,-10499.1405,-10240.6653,-2250.4916,71210.5414,-3220.4581
2026-02-24,13149.9060,-2225.2772,197878.1705,-10797.8073,-12143.8092,-1386.6693,77601.3933,-1269.6284
2026-02-25,13506.3017,-3151.1436,206710.8728,-11514.9112,-11157.8188,-1567.2439,56768.7549,-1136.8704
2026-02-26,14280.1439,-1942.0308,222367.0969,-8243.3340,-9936.0846,-725.2618,47316.8298,-4422.5237
2026-02-27,12844.3503,-3438.1832,206440.6202,-11574.9270,-11015.8305,-1764.9854,28407.3027,-720.7363
2026-03-02,13617.9231,-2323.9696,201470.7709,-10822.9549,-13068.4125,-1390.5758,75198.2227,-1074.5530
2026-03-03,13080.6166,-2350.1849,193980.3590,-12491.1791,-14481.4119,-1769.9694,82065.0066,1522.0679
2026-03-04,13638.0935,-1261.6965,198330.2269,-16342.4497,-14677.7786,-9663.1176,82400.0283,61451.1822
2026-03-05,13462.5326,-3041.2766,202027.1317,-15477.6441,-14604.6988,-1691.9764,77939.2012,2740.0459
2026-03-06,12680.5756,-1644.6999,195519.2611,-20549.9095,-15967.2194,-8018.4695,82792.3710,55628.9172
2026-03-09,13738.9927,-3942.5157,199482.6404,-20174.2753,-16819.6675,-6071.1282,76913.2555,18378.0989
2026-03-10,14918.4505,-4223.8895,211285.5692,-14998.1488,-16874.3531,-1970.7064,69075.5804,2819.9153
2026-03-11,15007.8531,-1681.9325,198557.7234,-21285.3619,-20323.0468,-9704.5906,80165.0476,50537.9033
2026-03-12,13681.1636,-3089.7825,198891.3364,-18494.5527,-21349.7161,-3306.1127,79757.5830,3805.8632
2026-03-13,14427.3377,-4145.3536,205575.0947,-19232.6896,-20490.7697,-4586.2401,75596.0681,8412.4324
2026-03-16,15064.0936,-1937.8841,191361.5515,-22258.1713,-39141.8679,-12906.4401,86714.9176,23555.6241
2026-03-17,15855.5609,-3324.4908,201604.8007,-19855.0822,-43060.6245,-7710.7525,83922.4385,5456.5330
2026-03-18,15034.1959,-3428.4042,191646.3647,-21933.9334,-67853.7275,-11614.3578,88813.4389,4914.8785
2026-03-19,16192.3884,-2951.9303,188034.8079,-13611.1701,-121852.0713,8592.2351,64997.1453,-818.3174
2026-03-20,15519.5198,-2847.4373,193611.4460,-13127.2243,-548931.1842,29949.8444,75527.9754,-193.6816
2026-03-23,15015.7383,-1014.4934,190966.3864,-9063.6071,-12051.2059,-491.5597,51654.6230,178.0913
2026-03-24,13580.7228,-989.4921,192624.6695,-9051.4606,-12236.4698,-450.7452,61179.6304,94.2095
2026-03-25,14663.3838,-913.4222,213054.0797,-7869.3636,-13676.2109,-397.3584,74434.6370,-422.4236
2026-03-26,14630.7213,-934.1792,206264.8642,-8779.8073,-13527.1080,-472.6914,70376.1020,808.8481
2026-03-27,14332.2523,-896.3365,207931.4653,-8744.7957,-13653.9689,-511.9492,69184.8922,730.0615
2026-03-30,15115.0652,-977.6188,194858.5847,-9849.2045,-16268.0886,-553.5334,78425.7678,1865.4724
2026-03-31,15739.4111,-1050.4743,194983.4822,-9640.2925,-16612.4786,-538.2708,77867.8828,633.6463
2026-04-01,16204.9048,-986.6360,204853.3444,-9172.6712,-15116.0105,-484.3593,66668.9720,932.5015
2026-04-02,16453.6611,-844.7380,229781.8466,-8324.2871,-13873.9975,-496.4081,59284.3985,924.7814
2026-04-06,17207.5955,-794.3040,242375.7961,-7773.2230,-13263.4519,-384.5052,54459.3944,601.5785
2026-04-07,15936.1661,-745.0024,249303.1929,-7456.8149,-11949.1875,-254.2509,50896.5076,37.8897
2026-04-08,17532.8424,-804.3187,240829.3972,-7125.8311,-14056.2969,-405.2333,38341.6558,-2073.1030
2026-04-09,20588.9358,-724.3134,262374.4092,-7135.3059,-2398.1198,-312.7458,-28077.4507,73.3087
2026-04-10,16845.9603,-779.3366,252300.5491,-6706.6244,-14360.5795,-289.5687,51444.4586,-2522.1549
2026-04-13,20981.3597,-766.7676,255861.4306,-7290.0205,-10371.6754,24.1506,48755.6096,-453.8642
2026-04-14,19058.9481,-776.2964,251441.6795,-7305.2227,-13665.4202,-290.0070,52254.8698,-1097.8206
2026-04-15,17991.1286,-817.9910,256995.7761,-7305.3786,-14307.5897,-64.1005,42374.4125,-672.9645
2026-04-16,21119.2960,-821.9462,249102.9884,-7520.6222,-20939.0669,1213.3900,40656.2976,-359.0489
2026-04-17,20086.7393,-753.9599,269403.9109,-6953.6908,350509.7374,4755.3979,33769.6078,-508.5492
2026-04-20,15864.8804,-2602.7636,240905.3967,-13736.2662,-16815.6138,-566.2003,62071.9082,-5895.4301
2026-04-21,17771.5004,-2806.6852,230627.6700,-12955.7612,-19896.0132,-67.5614,75568.0863,-10157.7550
2026-04-22,18170.7387,-2734.3023,232492.8627,-15388.9556,-19905.2869,-1198.5255,66148.6814,-4330.6756
2026-04-23,17167.9991,-2911.3897,229448.1315,-15485.4950,-20801.6742,-1137.3835,69650.1401,-4489.4138
2026-04-24,16847.5188,-2771.2205,238101.2462,-14380.2144,-20011.0984,-511.8559,64232.7844,-6052.0562
2026-04-27,16762.3193,-2943.3516,226172.3275,-14035.1580,-24907.4315,309.2093,77668.2561,-6904.0425
2026-04-28,13335.9044,-3542.3008,237833.5177,-21986.6384,-16673.0424,-2673.0554,-28706.2804,750.6174
2026-04-29,17329.4756,-3939.1227,224000.2881,-17909.4954,-25840.3999,315.8145,74297.2120,-7548.5400
2026-04-30,17124.1947,-4315.6154,220634.9704,-18079.1180,-29679.6879,602.1449,80232.6459,-7626.6407
2026-05-01,21043.1874,-3427.5304,233102.8458,-15898.7356,-25822.5203,601.2191,60689.7373,-7752.9230
2026-05-04,16654.8965,-3805.0184,236000.1062,-15988.2029,-26437.6161,1894.3000,56138.3937,-7852.7162
2026-05-05,21316.9665,-3377.1819,241449.1905,-16152.7403,-28265.7539,1470.5987,55639.4821,-4670.4923
2026-05-06,16802.1842,-3381.0661,235403.8003,-14645.7727,-36832.4152,3310.7428,66906.1382,-5594.0446
2026-05-07,16956.0915,-3315.1723,237200.4755,-14687.9714,-37437.4742,3642.3168,67384.9109,-4368.9275
2026-05-08,16222.3630,-2152.8794,288809.5862,-10830.8307,17417.5883,4643.9640,-104862.0956,-5161.4345
2026-05-11,19677.6929,-3681.6627,245637.7403,-15109.8452,-48947.8628,5979.4410,60341.0517,-2738.4398
2026-05-12,21458.1624,-4207.2056,204601.8427,-22216.7584,-103357.1054,5327.4134,85819.6792,9862.6124
2026-05-13,20428.0235,-5186.3556,199025.1982,-22633.1309,-157286.2404,12922.8542,79800.7919,3798.4770
2026-05-14,14727.2561,-6003.2199,206280.1603,-21792.3659,-192990.3439,47454.6244,40403.4175,-2445.2729
2026-05-15,22293.1612,-8198.9419,194674.0602,-25513.9440,-1260268.0027,98527.8919,77691.3995,49.7121
2026-05-18,7626.0713,-1166.2545,111928.5734,-12382.2890,-11437.3657,-649.9062,74346.2847,822.3487
2026-05-19,7431.7058,-1212.0767,109804.6088,-12820.7506,-11890.0034,-666.3152,78270.6390,522.6122
2026-05-20,7618.0208,-1212.9215,117460.7713,-11784.4742,-14072.9051,-719.0351,86600.5043,-830.0370
2026-05-21,8069.0009,-1132.4324,121887.7056,-12675.5851,-13376.0222,-666.2560,72210.6180,1777.5250
2026-05-22,7608.8207,-1293.9324,112162.6541,-13644.9621,-14887.1736,-704.6343,86531.1732,-60.4252
2026-05-26,22925.8288,-1324.0104,210677.5894,-14376.9110,-47735.1606,-788.6532,276734.1839,2556.2138
2026-05-27,24101.8355,-1527.8256,211491.1933,-15981.4782,-51772.0588,-911.9738,292643.0582,-1176.2314
2026-05-28,26283.0852,-1340.5990,243369.7845,-14625.1861,-50579.8274,-774.5542,277784.1658,2772.7305
2026-05-29,26030.9920,-1548.9668,234511.2707,-15700.7269,-54915.5010,-842.6441,298056.8327,581.9538
2026-06-01,26783.9992,-1440.4215,221552.7493,-15978.1863,-60283.9573,-852.1322,308200.7793,3623.4241
2026-06-02,29809.6848,-1430.2075,237633.6364,-14296.5419,-60059.2289,-799.1100,285610.1619,1865.2548
2026-06-03,27505.8941,-1444.5003,238765.5301,-14124.5952,-60228.3179,-774.3317,286620.6442,1068.2601
2026-06-04,27074.2829,-1552.2376,223273.5329,-14788.8610,-63729.6400,-833.9127,289093.5201,817.7218
2026-06-05,25782.1007,-1572.8318,227492.6711,-15259.0230,-65951.8223,-961.9055,289012.9221,1235.1423
2026-06-08,28328.7170,-1522.8232,230098.3268,-15709.3329,-77351.2955,-1078.5040,290683.9342,2017.6673
2026-06-09,27076.6504,-1493.7085,223345.6947,-15230.8242,-84719.4308,-1020.7293,309065.3872,2536.7369
2026-06-10,28793.7005,-1463.7114,219042.4776,-14861.7099,-85938.6872,-877.7843,297437.9425,2435.7120
2026-06-11,30404.1120,-1437.4262,228788.5743,-14520.8505,-93586.3223,-845.3763,281937.3023,2077.9822
2026-06-12,32842.7878,-1415.8121,236856.7252,-14188.5742,-102301.7052,-857.4648,292523.0323,1628.5834
2026-06-15,40299.7575,-1457.5406,306232.4938,-14175.2079,-167403.3613,-845.9430,279256.6804,1434.0333
2026-06-16,39527.6320,-1577.9020,303194.4410,-13864.7028,-221580.1116,-957.9458,258935.8659,-1281.4816
2026-06-17,37804.5134,-1703.7246,263436.5910,-15130.2477,-443722.3145,-1622.8621,321909.8773,-1136.7631
2026-06-18,38027.1835,-1805.1818,281335.0657,-14151.1734,-1428000.3759,-2839.5272,298216.0145,-4054.9458
2026-06-22,34138.2282,-1770.5846,246479.7854,-15393.4409,-60615.0322,-849.5264,310668.8670,-882.1881
2026-06-23,30344.7382,-1767.6678,229532.5477,-16930.7054,-67092.2907,-982.4949,366984.7223,2276.6123
2026-06-24,35000.6145,-1714.9497,287271.4064,-14283.2388,-60938.9712,-769.9772,291819.0048,-2308.4111
2026-06-25,32336.5284,-1979.6325,230182.5336,-16949.6518,-69536.1178,-946.8278,347675.2008,82.6321
2026-06-26,30463.7406,-1976.6540,225285.8789,-17683.9810,-71630.6478,-1020.2854,341300.4592,1868.2512
2026-06-29,29567.5144,-1687.1012,228626.6193,-16481.6090,-75402.3507,-925.3302,364133.1564,2560.3752
2026-06-30,31216.3428,-1959.5175,226925.8428,-17735.1988,-79862.5791,-1036.8266,354050.9346,393.5579
2026-07-01,26701.4605,-1992.2788,196715.3994,-18765.1108,-89589.1273,-1193.5572,455682.0808,1524.1014
2026-07-02,29182.8196,-1849.6207,197496.8466,-16654.8693,-89045.6020,-974.4830,409517.5143,2073.6559
2026-07-06,29720.9716,-2353.2666,201154.6405,-19389.3371,-126080.7737,-1183.4722,389060.2367,2223.6704
2026-07-07,27665.7279,-2059.9631,178537.7726,-17509.0752,-137188.4672,-1130.9464,417143.7149,4173.5159
2026-07-08,28654.9322,-2066.4725,193197.3658,-18867.6929,-142985.1365,-1350.7144,383664.2001,4547.5346
2026-07-09,26686.9359,-2114.0987,165740.6873,-21245.6937,-163928.0926,-1626.4837,447517.8078,4880.4671
2026-07-10,27421.5802,-2328.9778,188913.6620,-19792.7992,-175702.9855,-1730.7448,421436.8261,6709.0630
2026-07-13,30004.6996,-2134.8675,181219.6737,-20462.6665,-253253.2364,-1866.3340,380476.0689,5936.2429
2026-07-14,26102.3589,-2035.8536,160129.3001,-19757.9985,-324568.9156,-2419.7914,416576.1882,6129.2578
2026-07-15,24994.2494,-2980.2173,164103.3203,-18990.8472,-442886.9639,-2860.1698,456810.8194,3153.0948
2026-07-16,28998.0174,-2020.4371,179702.7012,-18105.7099,-769969.6696,-2839.8719,368874.0237,4796.2469
2026-07-17,27171.5025,-2109.1039,173063.9426,-17245.0504,-2628383.4640,-5640.8623,414669.9239,4611.1291
2026-07-20,23416.2034,-2620.0160,150495.4324,-18745.2662,-103464.3970,-1568.1461,407064.1333,2774.1757
2026-07-21,23331.6926,-1755.5831,154099.3542,-17625.4743,-106324.1657,-1363.5647,385844.2060,5249.7736
2026-07-22,19084.8756,-1777.7716,140305.8994,-18087.6266,-114306.0517,-1397.8387,487456.0014,5466.2890
2026-07-23,22111.5538,-1839.1980,152216.3825,-19931.1624,-113425.7202,-1524.8386,393081.3588,5917.0127
2026-07-24,23600.8398,-1621.2095,158926.3350,-15952.3497,-116252.7699,-1242.4623,423135.0306,5244.4462
2026-07-27,28791.3207,-1702.6488,193025.7453,-15724.5925,-127547.4978,-1207.3569,394117.2981,4330.5126
2026-07-28,27777.2906,-2072.7729,189418.0901,-17054.3203,-135508.8434,-1406.7639,393494.9642,5308.1755
2026-07-29,28594.1546,-1675.6199,186068.5971,-16536.4083,-141044.3225,-1351.4960,394500.8473,5078.3330
2026-07-30,29454.2202,-2302.9584,185002.0079,-18450.4414,-146802.8561,-1620.1248,382909.6188,5152.4404
2026-07-31,32618.2078,-1766.8600,193691.2144,-17913.8699,-158875.1568,-1546.4881,397877.5548,5957.5020
2026-08-03,36667.3621,-1690.6920,217560.2881,-16111.3881,-172443.6129,-1522.1785,343497.0832,5441.5298
2026-08-04,38606.0492,-1737.6380,235527.0253,-15213.6392,-174579.5965,-1345.7909,331193.2521,4118.4381
2026-08-05,33165.5522,-1595.8526,248249.9216,-14580.8497,-184248.3547,-1420.2492,353823.3856,3893.5165
2026-08-06,34342.4441,-1724.1579,257254.8569,-13954.7989,-190976.9207,-1233.6002,338400.6531,2897.0396
2026-08-07,93882.8622,-43812.3719,511442.9488,-251501.9452,-286099.5929,-24037.4936,1025749.3463,-17201.5791
2026-08-10,79650.3293,-65089.4650,333206.0893,-263722.9912,-373643.8307,-25603.0368,1173453.4396,-288490.1462
2026-08-11,87729.2414,-53047.8057,357641.4976,-267713.6710,-379319.1348,-25624.1295,1163476.4554,-94523.7291
2026-08-12,79978.0154,-51855.9575,317735.0174,-278562.9835,-418942.7403,-25306.8224,1186118.7465,-107762.4935
2026-08-13,95401.5698,-49979.5552,328129.6516,-240930.6468,-450851.9876,-23721.4362,1128244.1233,-127207.1279
2026-08-14,123293.5838,-42979.7957,524368.6157,-170057.8498,-356391.0682,-19154.5218,837031.6737,-240774.9512
2026-08-17,111328.8858,-45034.6274,522526.3920,-212403.0517,-611221.4761,-22753.5049,928441.8482,-99352.9806
2026-08-18,97052.8205,-49500.6123,435908.5273,-228120.3044,-942835.4468,-29216.1553,1025150.0879,-165379.8214
2026-08-19,105576.2388,-49330.5498,431597.5068,-221131.0305,-1313331.7791,-25128.1644,983454.5415,-140575.2383
2026-08-20,133693.0919,-44894.9843,522946.9794,-207267.4769,-1459839.7891,-21352.8995,883318.6318,-95763.8508
2026-08-21,151669.0562,-47902.8261,439112.5495,-218415.3820,-6490290.0580,-36365.9654,827020.4675,-90815.2825
2026-08-24,71234.0200,-56225.1582,401288.3856,-258950.5474,-122805.9722,-22664.9935,907023.3295,-136287.4168
2026-08-25,72062.8887,-59386.3394,408669.3803,-274391.5706,-123325.6049,-25374.8543,889530.1054,-87899.9694
2026-08-26,80530.2464,-53104.3042,333797.0468,-212053.3642,-129377.2006,-21271.7660,965156.5665,-177634.3350
2026-08-27,70170.1152,-56784.5207,286834.8694,-276347.4567,-137380.9654,-24674.1172,1024713.2262,-85737.0511
2026-08-28,77063.5996,-58077.6198,352079.8285,-254215.6105,-132671.3397,-23408.6073,933089.1002,-125558.9371
2026-08-31,78219.3226,-57110.0412,346032.0442,-242708.0277,-138221.7641,-24168.5378,955432.4730,-115079.1601
2026-09-01,103707.9358,-46940.8293,406033.6730,-213612.1307,-140150.1674,-20550.5963,868723.2407,-114350.5040
2026-09-02,99939.4277,-38545.1162,511844.5973,-178735.2506,-128011.4789,-20288.9079,817368.7612,-78028.5005
2026-09-03,112658.9666,-31822.0001,689141.4262,-129190.0072,-110107.6582,-14835.7189,581817.7870,-167464.4426
2026-09-04,135994.1350,-27726.6846,839840.3884,-138849.4326,-141409.7494,-18753.3960,626565.0831,-52950.1077
2026-09-08,131997.2208,-25491.7356,848121.7318,-116927.0843,-150085.5880,-15149.4265,646434.6468,-96777.3037
2026-09-09,122638.2173,-26985.7798,857269.9194,-121093.8106,-154601.6560,-15161.8162,656704.6641,-102334.5027
2026-09-10,137643.3933,-27576.8145,799273.9931,-130649.7924,-166361.7706,-16894.4391,624812.2455,-71038.4526
2026-09-11,144951.7787,-26520.8028,762890.5581,-115310.5077,-176804.2722,-13922.9827,603064.1035,-118961.1545
2026-09-14,117599.1497,-29340.9470,757430.2831,-123921.5971,-250349.6737,-14405.6525,738074.3244,-120798.5160
2026-09-15,128053.1127,-26262.6744,752054.6018,-105914.0902,-290947.3314,-11001.1874,701988.8258,-151864.7486
2026-09-16,109538.4404,-24401.2606,788994.6119,-95194.4812,-285754.9009,-9187.0166,530787.4791,-172504.0938
2026-09-17,120617.8735,-25568.1370,705100.0801,-91309.3992,-566109.2870,-6540.4596,731029.6088,-220306.0291
2026-09-18,121094.4943,-35713.2113,605219.1872,-151157.8985,-2000523.0667,-15822.2784,786004.8882,-97390.5714
2026-09-21,98357.7117,-36845.6550,530056.9762,-147585.3668,-145611.6664,-16281.5564,797838.4257,-126377.5111
2026-09-22,107899.6323,-30026.2092,611909.3228,-131043.8689,-141855.8037,-16768.5521,715404.1919,-85418.3480
2026-09-23,105502.7491,-29741.9690,553222.8604,-101709.5920,-151293.5331,-8184.4933,770386.2177,-219629.3533
2026-09-24,104677.0496,-27467.2436,584223.9844,-95096.7627,-152103.7439,-7134.9162,749988.0418,-212201.2965
2026-09-25,104425.0012,-34921.1995,518511.6053,-140452.7953,-161739.6894,-16643.5450,802704.0782,-109152.3110
2026-09-28,110363.6168,-37659.2169,451385.5289,-110511.8687,-185627.7262,-7514.7235,852093.6742,-284250.7690
