size,ticker,price,volume,executed_at,canceled,premium,sale_cond_codes,nbbo_bid,nbbo_ask,ext_hour_sold_codes,market_center,nbbo_ask_quantity,nbbo_bid_quantity,tracking_id,trade_code,trade_settlement,trf_executed_at
500,AVGO,338.2014,65683751,2025-12-15T23:56:35Z,False,169100.7000,,338.11,338.28,extended_hours_trade,L,452,202,33414931758639,,regular,
380,AVGO,338.3099,65683021,2025-12-15T23:56:16Z,False,128557.7620,,338.11,338.28,extended_hours_trade,L,8,202,33414931739616,,regular,
1920,AVGO,338.21,65676936,2025-12-15T23:54:35Z,False,649363.20,,338.2,338.45,extended_hours_trade,L,2,142,33414931638328,,regular,
809,AVGO,338.22,65671701,2025-12-15T23:52:33Z,False,273619.98,,338.23,338.48,extended_hours_trade,L,20,2,33414931516191,,regular,
500,AVGO,338.4,65668850,2025-12-15T23:51:03Z,False,169200.0,,338.4,338.79,extended_hours_trade,L,50,207,33414931426635,,regular,
440,AVGO,338.4,65667053,2025-12-15T23:49:50Z,False,148896.0,,338.4,338.45,extended_hours_trade,L,10,7,33414931353204,,regular,
560,AVGO,338.4001,65666129,2025-12-15T23:49:29Z,False,189504.0560,,338.4,338.79,extended_hours_trade,L,50,3,33414931332867,,regular,
560,AVGO,338.4,65665479,2025-12-15T23:49:29Z,False,189504.0,,338.4,338.79,extended_hours_trade,L,50,3,33414931332866,,regular,
601,AVGO,338.4,65664719,2025-12-15T23:49:26Z,False,203378.4,,338.4,338.79,extended_hours_trade,L,50,3,33414931329864,,regular,
4000,AVGO,338.43,65663715,2025-12-15T23:49:03Z,False,1353720.00,,338.4,338.79,extended_hours_trade,L,50,3,33414931306870,,regular,
1848,AVGO,338.6015,65656460,2025-12-15T23:44:45Z,False,625735.5720,,338.56,338.79,extended_hours_trade,L,50,102,33414931048097,,regular,
300,AVGO,338.6,65653630,2025-12-15T23:43:35Z,False,101580.0,,338.6,338.79,extended_hours_trade,L,50,1,33414930978344,,regular,
900,AVGO,338.6601,65652393,2025-12-15T23:41:24Z,False,304794.0900,,338.58,338.69,extended_hours_trade,L,12,2,33414930847498,,regular,
300,AVGO,338.6617,65646293,2025-12-15T23:37:39Z,False,101598.5100,,338.66,338.78,extended_hours_trade,L,40,10,33414930622742,,regular,
469,AVGO,338.4661,65641146,2025-12-15T23:35:45Z,False,158740.6009,,338.5,338.79,extended_hours_trade,L,50,2,33414930508493,,regular,
950,AVGO,338.4001,65634602,2025-12-15T23:32:32Z,False,321480.0950,,338.4,338.79,extended_hours_trade,L,50,3,33414930314903,,regular,
951,AVGO,338.77,65631138,2025-12-15T23:31:19Z,False,322170.27,,338.5,338.8,extended_hours_trade,L,50,6,33414930242607,,regular,
451,AVGO,338.77,65629553,2025-12-15T23:31:07Z,False,152785.27,,338.5,338.8,extended_hours_trade,L,50,5,33414930230602,,regular,
12531,AVGO,339.81,65621935,2025-12-15T23:27:39Z,False,4258159.11,prior_reference_price,338.3,338.5,extended_hours_trade,L,40,1,33414930022851,,regular,
683,AVGO,338.98,65601211,2025-12-15T23:20:44Z,False,231523.34,,338.97,338.99,extended_hours_trade,L,24,1,33414929607636,,regular,
500,AVGO,338.9448,65599872,2025-12-15T23:19:47Z,False,169472.4000,,338.86,338.98,extended_hours_trade,L,40,20,33414929550541,,regular,
477,AVGO,339,65595741,2025-12-15T23:12:05Z,False,161703,,338.86,339.55,extended_hours_trade,L,200,20,33414929088412,,regular,
2998,AVGO,338.95,65594086,2025-12-15T23:10:14Z,False,1016172.10,,338.94,339.55,extended_hours_trade,L,200,2,33414928977171,,regular,
500,AVGO,338.9209,65590376,2025-12-15T23:09:29Z,False,169460.4500,,338.92,339,extended_hours_trade,L,21,100,33414928932160,,regular,
550,AVGO,338.9,65587922,2025-12-15T23:07:45Z,False,186395.0,,338.75,339,extended_hours_trade,L,21,123,33414928828736,,regular,
459,AVGO,338.98,65587372,2025-12-15T23:07:43Z,False,155591.82,,338.75,339,extended_hours_trade,L,21,123,33414928826614,,regular,
500,AVGO,338.8818,65586597,2025-12-15T23:07:19Z,False,169440.9000,,338.75,339,extended_hours_trade,L,21,121,33414928802563,,regular,
800,AVGO,338.8987,65584497,2025-12-15T23:05:34Z,False,271118.9600,,338.75,338.9,extended_hours_trade,L,8,116,33414928697865,,regular,
301,AVGO,338.7001,65583060,2025-12-15T23:05:03Z,False,101948.7301,,338.75,339,extended_hours_trade,L,71,36,33414928666848,,regular,
400,AVGO,338.8993,65581127,2025-12-15T23:03:44Z,False,135559.7200,,338.85,339,extended_hours_trade,L,1,10,33414928587440,,regular,
300,AVGO,339.02,65579796,2025-12-15T23:02:56Z,False,101706.00,,338.96,339.6,extended_hours_trade,L,100,32,33414928539733,,regular,
500,AVGO,338.984,65578753,2025-12-15T23:02:42Z,False,169492.000,,338.96,339,extended_hours_trade,L,5,32,33414928525354,,regular,
730,AVGO,338.71,65575632,2025-12-15T23:00:56Z,False,247258.30,,338.6,339,extended_hours_trade,L,65,1,33414928419503,,regular,
500,AVGO,338.71,65571111,2025-12-15T22:59:17Z,False,169355.00,,338.6,339,extended_hours_trade,L,65,1,33414928320876,,regular,
500,AVGO,338.7491,65568273,2025-12-15T22:57:14Z,False,169374.5500,,338.68,339,extended_hours_trade,L,65,100,33414928197209,,regular,
412,AVGO,338.7499,65567768,2025-12-15T22:57:10Z,False,139564.9588,,338.6,338.64,extended_hours_trade,L,20,1,33414928193250,,regular,
320,AVGO,338.55,65565857,2025-12-15T22:55:35Z,False,108336.00,,338.51,338.6,extended_hours_trade,L,25,3,33414928098788,,regular,
300,AVGO,338.5201,65565119,2025-12-15T22:54:48Z,False,101556.0300,,338.51,338.6,extended_hours_trade,L,25,3,33414928051081,,regular,
500,AVGO,338.5001,65563720,2025-12-15T22:53:41Z,False,169250.0500,,338.5,338.6,extended_hours_trade,L,25,41,33414927984825,,regular,
300,AVGO,338.5008,65559388,2025-12-15T22:50:27Z,False,101550.2400,,338.5,338.54,extended_hours_trade,L,20,40,33414927790345,,regular,
66122,AVGO,339.81,65558594,2025-12-15T22:49:57Z,False,22468916.82,average_price_trade,338.55,338.6,extended_hours_trade,L,25,21,33414927760624,,regular,
2910,AVGO,338.5897,65492469,2025-12-15T22:49:57Z,False,985296.0270,,338.55,338.6,extended_hours_trade,L,25,21,33414927760540,,regular,
303,AVGO,338.5463,65489429,2025-12-15T22:49:41Z,False,102579.5289,,338.54,338.59,extended_hours_trade,L,6,20,33414927744504,,regular,
500,AVGO,338.69,65486237,2025-12-15T22:47:15Z,False,169345.00,,338.61,339.43,extended_hours_trade,L,18,2,33414927598825,,regular,
350,AVGO,338.74,65484116,2025-12-15T22:45:37Z,False,118559.00,,338.74,338.75,extended_hours_trade,L,3,20,33414927500825,,regular,
500,AVGO,338.72,65482533,2025-12-15T22:44:29Z,False,169360.00,,338.7,338.75,extended_hours_trade,L,3,33,33414927432423,,regular,
305,AVGO,338.75,65481685,2025-12-15T22:43:48Z,False,103318.75,,338.7,338.75,extended_hours_trade,L,3,46,33414927391544,,regular,
320,AVGO,338.7016,65480757,2025-12-15T22:42:52Z,False,108384.5120,,338.7,339.43,extended_hours_trade,L,18,90,33414927335194,,regular,
1000,AVGO,338.75,65480335,2025-12-15T22:42:49Z,False,338750.00,,338.69,339.43,extended_hours_trade,L,18,20,33414927332092,,regular,
546,AVGO,338.67,65479025,2025-12-15T22:42:22Z,False,184913.82,,338.6,338.74,extended_hours_trade,L,161,45,33414927305737,,regular,
331,AVGO,338.6,65476516,2025-12-15T22:41:11Z,False,112076.6,,338.6,338.69,extended_hours_trade,L,100,15,33414927234340,,regular,
298,AVGO,338.7,65475306,2025-12-15T22:41:10Z,False,100932.6,,338.68,338.7,extended_hours_trade,L,788,1,33414927232939,,regular,
300,AVGO,338.9599,65469479,2025-12-15T22:38:23Z,False,101687.9700,,338.9,339,extended_hours_trade,L,184,60,33414927066466,,regular,
300,AVGO,338.91,65468308,2025-12-15T22:37:17Z,False,101673.00,,338.75,339,extended_hours_trade,L,179,5,33414927000076,,regular,
324,AVGO,338.7476,65464942,2025-12-15T22:35:01Z,False,109754.2224,,338.7,338.75,extended_hours_trade,L,819,2,33414926864413,,regular,
659,AVGO,338.75,65464034,2025-12-15T22:33:12Z,False,223236.25,,338.7,338.71,extended_hours_trade,L,25,1,33414926754952,,regular,
360,AVGO,338.75,65462708,2025-12-15T22:31:55Z,False,121950.00,,338.7,338.75,extended_hours_trade,L,849,1,33414926678279,,regular,
500,AVGO,338.7,65461781,2025-12-15T22:31:03Z,False,169350.0,,338.7,338.75,extended_hours_trade,L,974,1,33414926626155,,regular,
320,AVGO,338.88,65459652,2025-12-15T22:28:46Z,False,108441.60,,338.7,339,extended_hours_trade,L,204,1,33414926489186,,regular,
750,AVGO,338.76,65458971,2025-12-15T22:28:02Z,False,254070.00,,338.6,339,extended_hours_trade,L,204,15,33414926445673,,regular,
9920,AVGO,339.81,65457552,2025-12-15T22:27:20Z,False,3370915.20,prior_reference_price,338.6,338.89,extended_hours_trade,L,80,15,33414926403589,,regular,
500,AVGO,338.8899,65447572,2025-12-15T22:26:59Z,False,169444.9500,,338.82,338.89,extended_hours_trade,L,80,12,33414926382183,,regular,
320,AVGO,338.89,65446130,2025-12-15T22:26:20Z,False,108444.80,,338.6,339,extended_hours_trade,L,124,15,33414926342937,,regular,
320,AVGO,338.8867,65446498,2025-12-15T22:26:20Z,False,108443.7440,,338.6,339,extended_hours_trade,L,124,15,33414926342937,,regular,
3000,AVGO,338.66,65442111,2025-12-15T22:24:04Z,False,1015980.00,,338.65,338.72,extended_hours_trade,L,1,2,33414926207042,,regular,
994,AVGO,338.6,65438950,2025-12-15T22:23:55Z,False,336568.4,,338.6,338.72,extended_hours_trade,L,1,10,33414926197921,,regular,
300,AVGO,338.63,65435663,2025-12-15T22:22:16Z,False,101589.00,,338.62,338.72,extended_hours_trade,L,1,290,33414926099008,,regular,
622,AVGO,338.71,65432163,2025-12-15T22:20:22Z,False,210677.62,,338.65,338.88,extended_hours_trade,L,137,12,33414925985005,,regular,
1300,AVGO,338.601,65429612,2025-12-15T22:17:55Z,False,440181.300,,338.6,339,extended_hours_trade,L,124,3000,33414925837882,,regular,
300,AVGO,338.5995,65427488,2025-12-15T22:16:41Z,False,101579.8500,,338.56,338.6,extended_hours_trade,L,68,1,33414925764475,,regular,
300,AVGO,338.75,65417957,2025-12-15T22:09:00Z,False,101625.00,,338.75,339,extended_hours_trade,L,134,2,33414925303281,,regular,
300,AVGO,338.81,65416230,2025-12-15T22:07:17Z,False,101643.00,,338.77,339,extended_hours_trade,L,134,1,33414925200408,,regular,
500,AVGO,338.9304,65414434,2025-12-15T22:05:56Z,False,169465.2000,,338.79,339,extended_hours_trade,L,124,7,33414925119361,,regular,
300,AVGO,338.85,65411315,2025-12-15T22:04:46Z,False,101655.00,,338.79,338.85,extended_hours_trade,L,12,7,33414925049274,,regular,
320,AVGO,338.792,65410130,2025-12-15T22:03:45Z,False,108413.440,,338.75,338.85,extended_hours_trade,L,51,1,33414924988706,,regular,
1197,AVGO,338.7199,65408086,2025-12-15T22:02:46Z,False,405447.7203,,338.6,339,extended_hours_trade,L,150,1,33414924929136,,regular,
320,AVGO,338.7399,65405074,2025-12-15T22:02:19Z,False,108396.7680,,338.6,339,extended_hours_trade,L,150,1,33414924902445,,regular,
382,AVGO,338.4899,65401397,2025-12-15T22:00:03Z,False,129303.1418,,338.37,338.76,extended_hours_trade,L,50,2,33414924766370,,regular,
550,AVGO,338.49,65400999,2025-12-15T22:00:03Z,False,186169.50,,338.37,338.76,extended_hours_trade,L,50,2,33414924766368,,regular,
300,AVGO,338.4099,65385630,2025-12-15T21:53:00Z,False,101522.9700,,338.4,338.41,extended_hours_trade,L,29,5,33414924343280,,regular,
640,AVGO,338.4499,65384099,2025-12-15T21:52:36Z,False,216607.9360,,338.4,338.76,extended_hours_trade,L,50,5,33414924319543,,regular,
640,AVGO,338.45,65383344,2025-12-15T21:52:36Z,False,216608.00,,338.4,338.76,extended_hours_trade,L,50,5,33414924319542,,regular,
740,AVGO,338.5,65379739,2025-12-15T21:50:47Z,False,250490.0,,338.5,338.76,extended_hours_trade,L,50,104,33414924210662,,regular,
450,AVGO,338.6,65375668,2025-12-15T21:48:50Z,False,152370.0,,338.6,338.81,extended_hours_trade,L,10,40,33414924093147,,regular,
1500,AVGO,338.67,65373778,2025-12-15T21:48:12Z,False,508005.00,,338.5,338.75,extended_hours_trade,L,13,1,33414924054980,,regular,
660,AVGO,338.4,65363694,2025-12-15T21:45:25Z,False,223344.0,,338.3,339.08,extended_hours_trade,L,12,1,33414923888546,,regular,
360,AVGO,338.4,65362635,2025-12-15T21:45:25Z,False,121824.0,,338.3,339.08,extended_hours_trade,L,12,1,33414923888538,,regular,
694,AVGO,338.35,65360762,2025-12-15T21:45:20Z,False,234814.90,,338.3,338.4,extended_hours_trade,L,50,1,33414923883841,,regular,
400,AVGO,338.55,65352962,2025-12-15T21:44:18Z,False,135420.00,,338.55,339.09,extended_hours_trade,L,13,100,33414923821382,,regular,
552,AVGO,338.6,65350713,2025-12-15T21:43:48Z,False,186907.2,,338.55,339.09,extended_hours_trade,L,13,2,33414923791738,,regular,
552,AVGO,338.5999,65350161,2025-12-15T21:43:48Z,False,186907.1448,,338.55,339.09,extended_hours_trade,L,13,2,33414923791737,,regular,
440,AVGO,338.6,65349601,2025-12-15T21:43:48Z,False,148984.0,,338.55,339.09,extended_hours_trade,L,13,2,33414923791729,,regular,
500,AVGO,338.6586,65343180,2025-12-15T21:40:25Z,False,169329.3000,,338.51,339.25,extended_hours_trade,L,250,1,33414923588292,,regular,
848,AVGO,338.51,65342643,2025-12-15T21:40:20Z,False,287056.48,,338.51,339.25,extended_hours_trade,L,250,1,33414923583740,,regular,
813,AVGO,338.6,65340729,2025-12-15T21:40:10Z,False,275281.8,,338.51,339.25,extended_hours_trade,L,250,1,33414923573869,,regular,
300,AVGO,338.5,65339891,2025-12-15T21:40:10Z,False,101550.0,,338.51,339.25,extended_hours_trade,L,250,1,33414923572984,,regular,
400,AVGO,338.6001,65338953,2025-12-15T21:40:03Z,False,135440.0400,,338.58,339.25,extended_hours_trade,L,250,13,33414923566065,,regular,
6217,AVGO,339.81,65330778,2025-12-15T21:35:51Z,False,2112598.77,prior_reference_price,338.73,339.3,extended_hours_trade,L,13,100,33414923314762,,regular,
28404,AVGO,339.81,65324561,2025-12-15T21:35:51Z,False,9651963.24,prior_reference_price,338.73,339.3,extended_hours_trade,L,13,100,33414923314759,,regular,
6217,AVGO,339.81,65296157,2025-12-15T21:35:51Z,False,2112598.77,prior_reference_price,338.73,339.3,extended_hours_trade,L,13,100,33414923314754,,regular,
775,AVGO,339.81,65287658,2025-12-15T21:33:47Z,False,263352.75,prior_reference_price,338.9,339.3,extended_hours_trade,L,13,103,33414923190715,,regular,
560,AVGO,338.7005,65285618,2025-12-15T21:32:53Z,False,189672.2800,,338.8,339,extended_hours_trade,L,20,2,33414923136176,,regular,
500,AVGO,338.6001,65282721,2025-12-15T21:32:14Z,False,169300.0500,,338.53,338.85,extended_hours_trade,L,65,15,33414923097434,,regular,
500,AVGO,338.76,65280849,2025-12-15T21:31:54Z,False,169380.00,,338.68,339,extended_hours_trade,L,20,50,33414923077638,,regular,
300,AVGO,338.7504,65280332,2025-12-15T21:31:46Z,False,101625.1200,,338.68,339,extended_hours_trade,L,20,50,33414923069857,,regular,
431,AVGO,338.8,65279492,2025-12-15T21:31:36Z,False,146022.8,,338.68,339,extended_hours_trade,L,20,50,33414923058927,,regular,
1000,AVGO,338.83,65278192,2025-12-15T21:31:10Z,False,338830.00,,338.78,339,extended_hours_trade,L,20,78,33414923033581,,regular,
400,AVGO,338.95,65276528,2025-12-15T21:30:43Z,False,135580.00,,338.78,339,extended_hours_trade,L,20,78,33414923006630,,regular,
497,AVGO,339.4772,65269615,2025-12-15T21:27:15Z,False,168720.1684,,339.35,339.62,extended_hours_trade,L,54,6,33414922798238,,regular,
398,AVGO,339.24,65267317,2025-12-15T21:26:32Z,False,135017.52,,339.16,339.3,extended_hours_trade,L,10,10,33414922755590,,regular,
320,AVGO,339.24,65262461,2025-12-15T21:24:17Z,False,108556.80,,339.16,339.24,extended_hours_trade,L,100,9,33414922620622,,regular,
320,AVGO,339.2364,65262831,2025-12-15T21:24:17Z,False,108555.6480,,339.16,339.24,extended_hours_trade,L,100,9,33414922620622,,regular,
716943,AVGO,339.81,65261762,2025-12-15T21:24:05Z,False,243624400.83,prior_reference_price,339.01,339.3,extended_hours_trade,L,10,49,33414922608755,,regular,
350,AVGO,339.0101,64544030,2025-12-15T21:23:34Z,False,118653.5350,,339,339.55,extended_hours_trade,L,10,3,33414922577400,,regular,
500,AVGO,338.99,64542094,2025-12-15T21:22:55Z,False,169495.00,,338.79,339.19,extended_hours_trade,L,1,50,33414922538573,,regular,
500,AVGO,339.0612,64535406,2025-12-15T21:21:56Z,False,169530.6000,,338.93,339.55,extended_hours_trade,L,10,32,33414922479022,,regular,
710,AVGO,339.56,64527494,2025-12-15T21:20:23Z,False,241087.60,,339.55,339.6,extended_hours_trade,L,10,80,33414922386828,,regular,
300,AVGO,339.69,64523789,2025-12-15T21:18:04Z,False,101907.00,,339.68,339.78,extended_hours_trade,L,10,1,33414922247365,,regular,
492,AVGO,339.72,64523423,2025-12-15T21:17:57Z,False,167142.24,,339.68,339.78,extended_hours_trade,L,10,1,33414922239915,,regular,
4957,AVGO,339.9459,64520509,2025-12-15T21:16:39Z,False,1685111.8263,,339.61,339.78,extended_hours_trade,L,10,2,33414922162808,,seller,
660,AVGO,339.62,64515373,2025-12-15T21:16:25Z,False,224149.20,,339.61,339.78,extended_hours_trade,L,10,2,33414922147894,,regular,
1500,AVGO,339.6516,64514515,2025-12-15T21:15:59Z,False,509477.4000,,339.65,339.78,extended_hours_trade,L,10,28,33414922122122,,regular,
300,AVGO,339.61,64516348,2025-12-15T21:14:14Z,False,101883.00,,339.6,339.64,extended_hours_trade,L,1,5,33414922017427,,regular,
300,AVGO,339.78,64513274,2025-12-15T21:12:52Z,False,101934.00,,339.67,339.85,extended_hours_trade,L,152,98,33414921935283,,regular,
712,AVGO,339.6,64511044,2025-12-15T21:12:13Z,False,241795.2,,339.55,339.7,extended_hours_trade,L,50,105,33414921896522,,regular,
312,AVGO,339.57,64508336,2025-12-15T21:11:47Z,False,105945.84,,339.55,339.7,extended_hours_trade,L,103,105,33414921870736,,regular,
19928,AVGO,339.81,64503763,2025-12-15T21:10:14Z,False,6771733.68,,339.51,339.7,extended_hours_trade,L,54,50,33414921777873,,regular,
1000,AVGO,339.6001,64479390,2025-12-15T21:08:33Z,False,339600.1000,,339.62,339.76,extended_hours_trade,L,10,2,33414921676212,,regular,
400,AVGO,339.71,64471361,2025-12-15T21:07:36Z,False,135884.00,,339.6,339.8,extended_hours_trade,L,100,809,33414921619121,,regular,
2827,AVGO,339.81,64470504,2025-12-15T21:07:12Z,False,960642.87,prior_reference_price,339.6,339.98,extended_hours_trade,L,100,835,33414921595565,,regular,
500,AVGO,339.3995,64462591,2025-12-15T21:06:29Z,False,169699.7500,,339.35,339.55,extended_hours_trade,L,47,46,33414921552356,,regular,
300,AVGO,339.4391,64458892,2025-12-15T21:05:22Z,False,101831.7300,,339.25,339.44,extended_hours_trade,L,70,6,33414921485523,,regular,
6418,AVGO,339.81,64457718,2025-12-15T21:04:53Z,False,2180900.58,,339.35,339.7,extended_hours_trade,L,50,357,33414921456558,,regular,
379,AVGO,339.25,64450731,2025-12-15T21:04:38Z,False,128575.75,,339.25,339.4,extended_hours_trade,L,24,5,33414921441708,,regular,
800,AVGO,339.2109,64450116,2025-12-15T21:04:34Z,False,271368.7200,,339.2,339.4,extended_hours_trade,L,24,355,33414921437103,,regular,
254000,AVGO,339.81,64448729,2025-12-15T21:04:23Z,False,86311740.00,,339.18,339.4,extended_hours_trade,L,24,14,33414921426371,,regular,
79853,AVGO,339.81,64240635,2025-12-15T21:03:50Z,False,27134847.93,prior_reference_price,339,339.4,extended_hours_trade,L,24,120,33414921393537,,regular,
320,AVGO,339.1799,64158416,2025-12-15T21:03:42Z,False,108537.5680,,339,339.4,extended_hours_trade,L,24,120,33414921385092,,regular,
320,AVGO,339.18,64157932,2025-12-15T21:03:42Z,False,108537.60,,339,339.4,extended_hours_trade,L,24,120,33414921385090,,regular,
4957,AVGO,339.9799,64155583,2025-12-15T21:03:24Z,True,1685280.3643,,339,339.4,extended_hours_trade,L,24,120,33414921367789,,seller,
525,AVGO,339.3401,64149731,2025-12-15T21:03:23Z,False,178153.5525,,339.34,339.4,extended_hours_trade,L,24,527,33414921366052,,regular,
361,AVGO,339.5101,64145633,2025-12-15T21:02:38Z,False,122563.1461,,339.41,339.52,extended_hours_trade,L,80,10,33414921321626,,regular,
479,AVGO,339.5101,64145158,2025-12-15T21:02:38Z,False,162625.3379,,339.41,339.52,extended_hours_trade,L,80,10,33414921321624,,regular,
428,AVGO,339.78,64141091,2025-12-15T21:02:16Z,False,145425.84,,339.7,339.8,extended_hours_trade,L,100,130,33414921299109,,regular,
400,AVGO,339.7044,64135515,2025-12-15T21:01:23Z,False,135881.7600,,339.51,339.81,extended_hours_trade,L,139,47,33414921246552,,regular,
300,AVGO,339.7072,64133994,2025-12-15T21:01:22Z,False,101912.1600,,339.51,339.81,extended_hours_trade,L,139,47,33414921245253,,regular,
3000,AVGO,339.81,64132686,2025-12-15T21:01:03Z,False,1019430.00,,339.51,339.81,extended_hours_trade,L,139,47,33414921225986,,regular,
1000,AVGO,339.8801,64128662,2025-12-15T21:00:49Z,False,339880.1000,,339.51,339.81,extended_hours_trade,L,139,47,33414921211979,,regular,
330,AVGO,339.9064,64127298,2025-12-15T21:00:48Z,False,112169.1120,,339.51,339.81,extended_hours_trade,L,139,47,33414921210895,,regular,
2387,AVGO,339.81,64122157,2025-12-15T21:00:07Z,False,811126.47,average_price_trade,339.51,339.81,extended_hours_trade,L,139,47,33414921170733,,regular,
341,AVGO,339.81,64119387,2025-12-15T21:00:05Z,False,115875.21,,339.51,339.81,extended_hours_trade,L,139,47,33414921168523,,regular,
593,AVGO,339.81,64117797,2025-12-15T21:00:02Z,False,201507.33,,339.51,339.81,extended_hours_trade,L,139,47,33414921165539,,regular,
1857,AVGO,339.81,64117144,2025-12-15T21:00:02Z,False,631027.17,,339.51,339.81,extended_hours_trade,L,139,47,33414921165498,,regular,
752,AVGO,339.81,64115287,2025-12-15T21:00:02Z,False,255537.12,,339.51,339.81,extended_hours_trade,L,139,47,33414921165496,,regular,
320,AVGO,339.81,64114527,2025-12-15T21:00:02Z,False,108739.20,,339.51,339.81,extended_hours_trade,L,139,47,33414921165493,,regular,
1240,AVGO,339.81,64114167,2025-12-15T21:00:02Z,False,421364.40,,339.51,339.81,extended_hours_trade,L,139,47,33414921165482,,regular,
1210,AVGO,339.81,64112727,2025-12-15T21:00:02Z,False,411170.10,,339.51,339.81,extended_hours_trade,L,139,47,33414921165481,,regular,
680,AVGO,339.81,64111100,2025-12-15T21:00:02Z,False,231070.80,,339.51,339.81,extended_hours_trade,L,139,47,33414921165468,,regular,
400,AVGO,339.81,64111500,2025-12-15T21:00:02Z,False,135924.00,,339.51,339.81,extended_hours_trade,L,139,47,33414921165468,,regular,
2109,AVGO,339.81,64110365,2025-12-15T21:00:02Z,False,716659.29,,339.51,339.81,extended_hours_trade,L,139,47,33414921165182,,regular,
560,AVGO,339.81,64108216,2025-12-15T21:00:02Z,False,190293.60,,339.51,339.81,extended_hours_trade,L,139,47,33414921165180,,regular,
1240,AVGO,339.81,64107531,2025-12-15T21:00:02Z,False,421364.40,,339.51,339.81,extended_hours_trade,L,139,47,33414921165132,,regular,
423,AVGO,339.81,64106127,2025-12-15T21:00:02Z,False,143739.63,,339.51,339.81,extended_hours_trade,L,139,47,33414921165056,,regular,
34422,AVGO,339.81,64105457,2025-12-15T21:00:01Z,False,11696939.82,,339.51,339.81,extended_hours_trade,L,139,47,33414921164622,,regular,
1166,AVGO,339.81,55857359,2025-12-15T21:00:00Z,False,396218.46,,339.51,339.81,extended_hours_trade,L,139,47,33414921163863,,regular,
1049,AVGO,339.81,55853989,2025-12-15T21:00:00Z,False,356460.69,,339.51,339.81,extended_hours_trade,L,139,47,33414921163535,,regular,
2120,AVGO,339.81,55856186,2025-12-15T21:00:00Z,False,720397.20,,339.51,339.81,extended_hours_trade,L,139,47,33414921163535,,regular,
746,AVGO,339.81,55852313,2025-12-15T21:00:00Z,False,253498.26,,339.51,339.81,extended_hours_trade,L,139,47,33414921163522,,regular,
349,AVGO,339.85,55849313,2025-12-15T20:59:59Z,False,118607.65,,339.51,339.81,,L,139,47,33414921162873,,regular,
410,AVGO,339.87,55838835,2025-12-15T20:59:59Z,False,139346.70,,339.51,339.81,,L,139,47,33414921162409,,regular,
850,AVGO,339.85,55838319,2025-12-15T20:59:59Z,False,288872.50,,339.51,339.81,,L,139,47,33414921162357,,regular,
900,AVGO,339.8501,55836113,2025-12-15T20:59:59Z,False,305865.0900,,339.51,339.81,,L,139,47,33414921162220,,regular,
500,AVGO,339.8544,55834452,2025-12-15T20:59:59Z,False,169927.2000,,339.51,339.81,,L,139,47,33414921162012,,regular,
325,AVGO,339.8624,55831806,2025-12-15T20:59:58Z,False,110455.2800,,339.51,339.81,,L,139,47,33414921161173,,regular,
300,AVGO,339.87,55829587,2025-12-15T20:59:58Z,False,101961.00,,339.51,339.81,,L,139,47,33414921160881,,regular,
420,AVGO,339.85,55803530,2025-12-15T20:59:55Z,False,142737.00,,339.51,339.81,,L,139,47,33414921158579,,regular,
440,AVGO,339.85,55802733,2025-12-15T20:59:55Z,False,149534.00,,339.51,339.81,,L,139,47,33414921158571,,regular,
565,AVGO,339.77,55758284,2025-12-15T20:59:53Z,False,191970.05,,339.51,339.81,,L,139,47,33414921156449,,regular,
1000,AVGO,339.7301,55731719,2025-12-15T20:59:51Z,False,339730.1000,,339.51,339.81,,L,139,47,33414921154801,,regular,
563,AVGO,339.79,55691756,2025-12-15T20:59:50Z,False,191301.77,,339.51,339.81,,L,139,47,33414921153274,,regular,
640,AVGO,339.84,55684957,2025-12-15T20:59:50Z,False,217497.60,,339.51,339.81,,L,139,47,33414921153136,,regular,
320,AVGO,339.9,55672466,2025-12-15T20:59:48Z,False,108768.0,,339.51,339.81,,L,139,47,33414921151808,,regular,
560,AVGO,340.01,55643085,2025-12-15T20:59:47Z,False,190405.60,,339.51,339.81,,2,139,47,33414921150117,,regular,
400,AVGO,339.9933,55629212,2025-12-15T20:59:45Z,False,135997.3200,,339.51,339.81,,L,139,47,33414921148768,,regular,
1000,AVGO,340.02,55630212,2025-12-15T20:59:45Z,False,340020.00,,339.51,339.81,,L,139,47,33414921148768,,regular,
1641,AVGO,339.9265,55580592,2025-12-15T20:59:42Z,False,557819.3865,,339.51,339.81,,L,139,47,33414921145078,,regular,
850,AVGO,339.911,55569879,2025-12-15T20:59:41Z,False,288924.350,,339.51,339.81,,L,139,47,33414921144391,,regular,
1000,AVGO,339.8801,55558734,2025-12-15T20:59:40Z,False,339880.1000,,339.51,339.81,,L,139,47,33414921143744,,regular,
400,AVGO,339.9,55555652,2025-12-15T20:59:40Z,False,135960.0,,339.51,339.81,,L,139,47,33414921143550,,regular,
300,AVGO,339.905,55554600,2025-12-15T20:59:40Z,False,101971.500,,339.51,339.81,,L,139,47,33414921143380,,regular,
765,AVGO,339.885,55552004,2025-12-15T20:59:40Z,False,260012.025,,340.09,340.1,,L,413,116,33414921143123,,regular,
440,AVGO,339.935,55539621,2025-12-15T20:59:39Z,False,149571.400,,340.09,340.1,,L,413,116,33414921141916,,regular,
500,AVGO,339.96,55538819,2025-12-15T20:59:38Z,False,169980.00,,340.09,340.1,,L,413,116,33414921141764,,regular,
400,AVGO,339.935,55537561,2025-12-15T20:59:38Z,False,135974.000,,340.09,340.1,,L,413,116,33414921141501,,regular,
320,AVGO,339.94,55535779,2025-12-15T20:59:38Z,False,108780.80,,340.09,340.1,,L,413,116,33414921141133,,regular,
600,AVGO,339.93,55526598,2025-12-15T20:59:38Z,False,203958.00,,340.09,340.1,,L,413,116,33414921140893,,regular,
371,AVGO,339.93,55519699,2025-12-15T20:59:37Z,False,126114.03,,340.09,340.1,,L,413,116,33414921140298,,regular,
500,AVGO,339.9845,55517108,2025-12-15T20:59:37Z,False,169992.2500,,340.09,340.1,,L,413,116,33414921140218,,regular,
1227,AVGO,340,55510412,2025-12-15T20:59:36Z,False,417180,,340.09,340.1,,L,413,116,33414921139671,,regular,
310,AVGO,340.0301,55506417,2025-12-15T20:59:36Z,False,105409.3310,,340.09,340.1,,L,413,116,33414921139654,,regular,
310,AVGO,340.03,55506107,2025-12-15T20:59:36Z,False,105409.30,,340.09,340.1,,L,413,116,33414921139653,,regular,
370,AVGO,340.065,55501623,2025-12-15T20:59:35Z,False,125824.050,,340.09,340.1,,L,413,116,33414921138766,,regular,
340,AVGO,340.0942,55470106,2025-12-15T20:59:33Z,False,115632.0280,,340.09,340.1,,L,413,116,33414921136551,,regular,
1490,AVGO,340.0845,55459421,2025-12-15T20:59:32Z,False,506725.9050,,340.09,340.1,,L,413,116,33414921135384,,regular,
560,AVGO,340.09,55457599,2025-12-15T20:59:32Z,False,190450.40,,340.09,340.1,,L,413,116,33414921135292,,regular,
320,AVGO,340.09,55456497,2025-12-15T20:59:32Z,False,108828.80,,340.09,340.1,,L,413,116,33414921135216,,regular,
400,AVGO,340.11,55432603,2025-12-15T20:59:31Z,False,136044.00,,340.09,340.1,,L,413,116,33414921134193,,regular,
440,AVGO,340.1425,55429411,2025-12-15T20:59:31Z,False,149662.7000,,340.09,340.1,,L,413,116,33414921133953,,regular,
1000,AVGO,340.1408,55424397,2025-12-15T20:59:30Z,False,340140.8000,,340.09,340.1,,L,413,116,33414921133497,,regular,
354,AVGO,340.14,55412029,2025-12-15T20:59:30Z,False,120409.56,,340.09,340.1,,L,413,116,33414921132890,,regular,
400,AVGO,340.13,55402458,2025-12-15T20:59:29Z,False,136052.00,,340.09,340.1,,L,413,116,33414921132285,,regular,
500,AVGO,340.18,55394693,2025-12-15T20:59:28Z,False,170090.00,,340.09,340.1,,L,413,116,33414921131737,,regular,
6670,AVGO,340.1999,55390292,2025-12-15T20:59:28Z,False,2269133.3330,,340.09,340.1,,L,413,116,33414921131584,,regular,
320,AVGO,340.09,55355317,2025-12-15T20:59:26Z,False,108828.80,,340.09,340.1,,L,413,116,33414921129819,,regular,
440,AVGO,340.07,55346786,2025-12-15T20:59:25Z,False,149630.80,,340.09,340.1,,L,413,116,33414921128810,,regular,
440,AVGO,340.055,55343443,2025-12-15T20:59:25Z,False,149624.200,,340.09,340.1,,L,413,116,33414921128554,,regular,
404,AVGO,340.055,55342783,2025-12-15T20:59:25Z,False,137382.220,,340.09,340.1,,L,413,116,33414921128504,,regular,
400,AVGO,339.9398,55335919,2025-12-15T20:59:24Z,False,135975.9200,,340.09,340.1,,L,413,116,33414921127757,,regular,
1000,AVGO,339.94,55305372,2025-12-15T20:59:23Z,False,339940.00,,340.09,340.1,,L,413,116,33414921126191,,regular,
355,AVGO,339.94,55302488,2025-12-15T20:59:22Z,False,120678.70,,340.09,340.1,,L,413,116,33414921125613,,regular,
500,AVGO,339.9599,55301926,2025-12-15T20:59:22Z,False,169979.9500,,340.09,340.1,,L,413,116,33414921125493,,regular,
900,AVGO,339.97,55299708,2025-12-15T20:59:22Z,False,305973.00,,340.09,340.1,,L,413,116,33414921125108,,regular,
300,AVGO,340.0099,55279989,2025-12-15T20:59:20Z,False,102002.9700,,340.09,340.1,,L,413,116,33414921123202,,regular,
500,AVGO,340.0245,55273139,2025-12-15T20:59:19Z,False,170012.2500,,340.09,340.1,,L,413,116,33414921122494,,regular,
500,AVGO,339.97,55257855,2025-12-15T20:59:17Z,False,169985.00,,340.09,340.1,,L,413,116,33414921120752,,regular,
500,AVGO,340,55258355,2025-12-15T20:59:17Z,False,170000,,340.09,340.1,,L,413,116,33414921120752,,regular,
500,AVGO,339.99,55236056,2025-12-15T20:59:16Z,False,169995.00,,340.09,340.1,,L,413,116,33414921119208,,regular,
350,AVGO,340.01,55234013,2025-12-15T20:59:16Z,False,119003.50,,340.09,340.1,,L,413,116,33414921119199,,regular,
767,AVGO,339.125,55199752,2025-12-15T20:59:14Z,False,260108.875,average_price_trade,340.09,340.1,,L,413,116,33414921117456,derivative_priced,regular,
300,AVGO,340.1,55170326,2025-12-15T20:59:10Z,False,102030.0,,340.09,340.1,,L,413,116,33414921113612,,regular,
837,AVGO,340.0999,55170015,2025-12-15T20:59:10Z,False,284663.6163,,340.09,340.1,,L,413,116,33414921113546,,regular,
500,AVGO,340.0501,55146149,2025-12-15T20:59:09Z,False,170025.0500,,339.81,339.83,,L,20,231,33414921111884,,regular,
777,AVGO,340.03,55142343,2025-12-15T20:59:08Z,False,264203.31,,339.81,339.83,,L,20,231,33414921111428,,regular,
500,AVGO,339.96,55109587,2025-12-15T20:59:06Z,False,169980.00,,339.81,339.83,,L,20,231,33414921109153,,regular,
1000,AVGO,339.9899,55106775,2025-12-15T20:59:05Z,False,339989.9000,,339.81,339.83,,L,20,231,33414921108788,,regular,
748,AVGO,339.9302,55102173,2025-12-15T20:59:05Z,False,254267.7896,,339.81,339.83,,L,20,231,33414921108447,,regular,
640,AVGO,339.7401,55070370,2025-12-15T20:59:02Z,False,217433.6640,,339.81,339.83,,L,20,231,33414921105451,,regular,
320,AVGO,339.695,55058847,2025-12-15T20:59:02Z,False,108702.400,,339.81,339.83,,L,20,231,33414921104967,,regular,
414,AVGO,339.654,55049617,2025-12-15T20:59:01Z,False,140616.756,,339.81,339.83,,L,20,231,33414921103986,,regular,
888,AVGO,339.6301,55047116,2025-12-15T20:59:00Z,False,301591.5288,,339.81,339.83,,L,20,231,33414921103613,,regular,
361,AVGO,339.6601,54993882,2025-12-15T20:58:58Z,False,122617.2961,,339.81,339.83,,L,20,231,33414921101515,,regular,
500,AVGO,339.73,54991928,2025-12-15T20:58:58Z,False,169865.00,,339.81,339.83,,L,20,231,33414921101156,,regular,
296,AVGO,339.75,54988245,2025-12-15T20:58:57Z,False,100566.00,,339.81,339.83,,L,20,231,33414921100759,,regular,
500,AVGO,339.74,54987461,2025-12-15T20:58:57Z,False,169870.00,,339.81,339.83,,L,20,231,33414921100710,,regular,
406,AVGO,339.7684,54983105,2025-12-15T20:58:57Z,False,137945.9704,,339.81,339.83,,L,20,231,33414921100256,,regular,
600,AVGO,339.81,54957910,2025-12-15T20:58:56Z,False,203886.00,,339.81,339.83,,L,20,231,33414921099012,,regular,
500,AVGO,339.815,54948955,2025-12-15T20:58:54Z,False,169907.500,,339.81,339.83,,L,20,231,33414921097664,,regular,
672,AVGO,339.815,54948032,2025-12-15T20:58:54Z,False,228355.680,,339.81,339.83,,L,20,231,33414921097658,,regular,
360,AVGO,339.83,54919464,2025-12-15T20:58:50Z,False,122338.80,,339.71,339.72,,L,455,153,33414921093654,,regular,
300,AVGO,339.8163,54916891,2025-12-15T20:58:50Z,False,101944.8900,,339.71,339.72,,L,455,153,33414921093150,,regular,
960,AVGO,339.7306,54891212,2025-12-15T20:58:46Z,False,326141.3760,,339.71,339.72,,L,455,153,33414921089804,,regular,
1000,AVGO,339.74,54890054,2025-12-15T20:58:46Z,False,339740.00,,339.71,339.72,,L,455,153,33414921089575,,regular,
404,AVGO,339,54877453,2025-12-15T20:58:45Z,False,136956,average_price_trade,339.71,339.72,,L,455,153,33414921087926,derivative_priced,regular,
499,AVGO,339.7,54873849,2025-12-15T20:58:43Z,False,169510.3,,339.71,339.72,,L,455,153,33414921086766,,regular,
361,AVGO,339.755,54843857,2025-12-15T20:58:40Z,False,122651.555,,339.71,339.72,,L,455,153,33414921083358,,regular,
340,AVGO,339.755,54843033,2025-12-15T20:58:40Z,False,115516.700,,339.71,339.72,,L,455,153,33414921083277,,regular,
300,AVGO,339.72,54826502,2025-12-15T20:58:38Z,False,101916.00,,339.71,339.72,,L,455,153,33414921081538,,regular,
367,AVGO,339.72,54823731,2025-12-15T20:58:37Z,False,124677.24,,339.72,339.73,,L,122,256,33414921080383,,regular,
351,AVGO,339.715,54822329,2025-12-15T20:58:37Z,False,119239.965,,339.72,339.73,,L,122,256,33414921080204,,regular,
326,AVGO,339.71,54819440,2025-12-15T20:58:36Z,False,110745.46,,339.72,339.73,,L,122,256,33414921079828,,regular,
1000,AVGO,339.7199,54812688,2025-12-15T20:58:36Z,False,339719.9000,,339.72,339.73,,L,122,256,33414921078894,,regular,
378,AVGO,339.3592,54807104,2025-12-15T20:58:34Z,False,128277.7776,average_price_trade,339.72,339.73,,L,122,256,33414921077550,derivative_priced,regular,
500,AVGO,339.724,54792211,2025-12-15T20:58:32Z,False,169862.000,,339.72,339.73,,L,122,256,33414921075466,,regular,
640,AVGO,339.73,54786239,2025-12-15T20:58:31Z,False,217427.20,,339.72,339.73,,L,122,256,33414921074211,,regular,
360,AVGO,339.725,54785599,2025-12-15T20:58:31Z,False,122301.000,,339.72,339.73,,L,122,256,33414921074209,,regular,
400,AVGO,339.72,54778457,2025-12-15T20:58:30Z,False,135888.00,,339.72,339.73,,L,122,256,33414921073838,,regular,
446,AVGO,339.7272,54776665,2025-12-15T20:58:30Z,False,151518.3312,,339.72,339.73,,L,122,256,33414921073302,,regular,
300,AVGO,339.7101,54775646,2025-12-15T20:58:30Z,False,101913.0300,,339.72,339.73,,L,122,256,33414921073156,,regular,
1040,AVGO,339.71,54775106,2025-12-15T20:58:30Z,False,353298.40,,339.72,339.73,,L,122,256,33414921073066,,regular,
500,AVGO,339.7401,54768886,2025-12-15T20:58:28Z,False,169870.0500,,339.72,339.73,,L,122,256,33414921071805,,regular,
440,AVGO,339.74,54765865,2025-12-15T20:58:27Z,False,149485.60,,339.72,339.73,,2,122,256,33414921070131,,regular,
600,AVGO,339.7202,54756803,2025-12-15T20:58:25Z,False,203832.1200,,339.59,339.6,,L,641,75,33414921068523,,regular,
1000,AVGO,339.7201,54755951,2025-12-15T20:58:25Z,False,339720.1000,,339.59,339.6,,L,641,75,33414921068309,,regular,
400,AVGO,339.73,54752936,2025-12-15T20:58:24Z,False,135892.00,,339.59,339.6,,L,641,75,33414921067538,,regular,
480,AVGO,339.68,54751055,2025-12-15T20:58:23Z,False,163046.40,,339.59,339.6,,L,641,75,33414921066171,,regular,
300,AVGO,339.7956,54744827,2025-12-15T20:58:22Z,False,101938.6800,,339.59,339.6,,L,641,75,33414921065778,,regular,
500,AVGO,339.84,54735736,2025-12-15T20:58:21Z,False,169920.00,,339.59,339.6,,L,641,75,33414921064191,,regular,
320,AVGO,339.8799,54733307,2025-12-15T20:58:21Z,False,108761.5680,,339.59,339.6,,L,641,75,33414921064149,,regular,
500,AVGO,339.8507,54730824,2025-12-15T20:58:20Z,False,169925.3500,,339.59,339.6,,L,641,75,33414921063749,,regular,
500,AVGO,339.7404,54723616,2025-12-15T20:58:19Z,False,169870.2000,,339.59,339.6,,L,641,75,33414921062825,,regular,
500,AVGO,339.73,54719888,2025-12-15T20:58:19Z,False,169865.00,,339.59,339.6,,L,641,75,33414921062009,,regular,
300,AVGO,339.711,54718606,2025-12-15T20:58:19Z,False,101913.300,,339.59,339.6,,L,641,75,33414921061903,,regular,
332,AVGO,339.7,54711117,2025-12-15T20:58:17Z,False,112780.4,,339.59,339.6,,L,641,75,33414921060207,,regular,
300,AVGO,339.6112,54707254,2025-12-15T20:58:17Z,False,101883.3600,,339.59,339.6,,L,641,75,33414921060096,,regular,
760,AVGO,339.6,54706954,2025-12-15T20:58:17Z,False,258096.0,,339.59,339.6,,L,641,75,33414921060059,,regular,
372,AVGO,339.595,54695613,2025-12-15T20:58:15Z,False,126329.340,,339.59,339.6,,L,641,75,33414921058182,,regular,
395,AVGO,339.595,54695235,2025-12-15T20:58:15Z,False,134140.025,,339.59,339.6,,L,641,75,33414921058167,,regular,
5719,AVGO,339.595,54694602,2025-12-15T20:58:15Z,False,1942143.805,,339.59,339.6,,L,641,75,33414921058153,,regular,
500,AVGO,339.593,54685996,2025-12-15T20:58:14Z,False,169796.500,,339.38,339.41,,L,101,80,33414921057390,,regular,
500,AVGO,339.55,54672202,2025-12-15T20:58:11Z,False,169775.00,,339.38,339.41,,L,101,80,33414921054225,,regular,
400,AVGO,339.545,54662350,2025-12-15T20:58:09Z,False,135818.000,,339.38,339.41,,L,101,80,33414921052348,,regular,
300,AVGO,339.375,54648218,2025-12-15T20:58:05Z,False,101812.500,,339.38,339.41,,L,101,80,33414921048751,,regular,
617,AVGO,339.38,54647256,2025-12-15T20:58:05Z,False,209397.46,,339.41,339.42,,L,117,500,33414921048406,,regular,
398,AVGO,339.4409,54631213,2025-12-15T20:58:03Z,False,135097.4782,,339.41,339.42,,L,117,500,33414921046505,,regular,
364,AVGO,339.3717,54626012,2025-12-15T20:58:02Z,False,123531.2988,average_price_trade,339.41,339.42,,L,117,500,33414921045741,derivative_priced,regular,
500,AVGO,339.395,54624468,2025-12-15T20:58:02Z,False,169697.500,,339.41,339.42,,L,117,500,33414921045577,,regular,
381,AVGO,339.33,54615055,2025-12-15T20:58:01Z,False,129284.73,,339.41,339.42,,L,117,500,33414921044102,,regular,
434,AVGO,339.1704,54610374,2025-12-15T20:58:00Z,False,147199.9536,average_price_trade,339.41,339.42,,L,117,500,33414921043513,derivative_priced,regular,
1500,AVGO,339.345,54597618,2025-12-15T20:57:59Z,False,509017.500,,339.41,339.42,,L,117,500,33414921042876,,regular,
600,AVGO,339.3,54594967,2025-12-15T20:57:59Z,False,203580.0,,339.41,339.42,,L,117,500,33414921042408,,regular,
333,AVGO,339.37,54580207,2025-12-15T20:57:58Z,False,113010.21,,339.41,339.42,,L,117,500,33414921041821,,regular,
300,AVGO,339.3156,54578583,2025-12-15T20:57:58Z,False,101794.6800,,339.41,339.42,,L,117,500,33414921041109,,regular,
800,AVGO,339.2801,54576788,2025-12-15T20:57:57Z,False,271424.0800,,339.41,339.42,,L,117,500,33414921040729,,regular,
364,AVGO,339.285,54573769,2025-12-15T20:57:57Z,False,123499.740,,339.41,339.42,,L,117,500,33414921039992,,regular,
500,AVGO,339.2802,54570684,2025-12-15T20:57:56Z,False,169640.1000,,339.41,339.42,,L,117,500,33414921039815,,regular,
330,AVGO,339.2858,54569918,2025-12-15T20:57:56Z,False,111964.3140,,339.41,339.42,,L,117,500,33414921039764,,regular,
300,AVGO,339.3799,54566191,2025-12-15T20:57:55Z,False,101813.9700,,339.41,339.42,,L,117,500,33414921038821,,regular,
833,AVGO,339.4,54558581,2025-12-15T20:57:54Z,False,282720.2,,339.41,339.42,,L,117,500,33414921037815,,regular,
908,AVGO,339.48,54548459,2025-12-15T20:57:52Z,False,308247.84,,339.48,339.49,,L,47,96,33414921035613,,regular,
560,AVGO,339.6,54543434,2025-12-15T20:57:52Z,False,190176.0,,339.48,339.49,,L,47,96,33414921034896,,regular,
560,AVGO,339.58,54540817,2025-12-15T20:57:52Z,False,190164.80,,339.48,339.49,,L,47,96,33414921034895,,regular,
560,AVGO,339.59,54542054,2025-12-15T20:57:52Z,False,190170.40,,339.48,339.49,,L,47,96,33414921034895,,regular,
400,AVGO,339.56,54535134,2025-12-15T20:57:52Z,False,135824.00,,339.48,339.49,,L,47,96,33414921034893,,regular,
800,AVGO,339.55,54534482,2025-12-15T20:57:52Z,False,271640.00,,339.48,339.49,,L,47,96,33414921034892,,regular,
309,AVGO,339.54,54518177,2025-12-15T20:57:47Z,False,104917.86,,339.51,339.53,,L,18,79,33414921030790,,regular,
400,AVGO,339.5315,54515271,2025-12-15T20:57:47Z,False,135812.6000,,339.51,339.53,,L,18,79,33414921030008,,regular,
345,AVGO,339.57,54510560,2025-12-15T20:57:45Z,False,117151.65,,339.53,339.54,,L,333,147,33414921028675,,regular,
500,AVGO,339.5534,54493130,2025-12-15T20:57:41Z,False,169776.7000,,339.53,339.54,,L,333,147,33414921024702,,regular,
300,AVGO,339.55,54491109,2025-12-15T20:57:40Z,False,101865.00,,339.48,339.5,,L,134,460,33414921023346,,regular,
300,AVGO,339.4999,54486801,2025-12-15T20:57:38Z,False,101849.9700,,339.48,339.5,,L,134,460,33414921021219,,regular,
495,AVGO,339.505,54483784,2025-12-15T20:57:36Z,False,168054.975,,339.48,339.5,,L,134,460,33414921019557,,regular,
400,AVGO,339.545,54472638,2025-12-15T20:57:34Z,False,135818.000,,339.48,339.5,,L,134,460,33414921017758,,regular,
950,AVGO,339.52,54467731,2025-12-15T20:57:33Z,False,322544.00,,339.48,339.5,,L,134,460,33414921016283,,regular,
350,AVGO,339.5216,54466684,2025-12-15T20:57:33Z,False,118832.5600,,339.48,339.5,,L,134,460,33414921016224,,regular,
1000,AVGO,339.5086,54465349,2025-12-15T20:57:33Z,False,339508.6000,,339.48,339.5,,L,134,460,33414921016003,,regular,
300,AVGO,339.5151,54448462,2025-12-15T20:57:31Z,False,101854.5300,,339.39,339.41,,L,161,367,33414921014671,,regular,
340,AVGO,339.3915,54421451,2025-12-15T20:57:27Z,False,115393.1100,,339.39,339.4,,L,211,210,33414921009907,,regular,
300,AVGO,339.3951,54418213,2025-12-15T20:57:26Z,False,101818.5300,,339.39,339.4,,L,211,210,33414921009291,,regular,
445,AVGO,339.3899,54414189,2025-12-15T20:57:25Z,False,151028.5055,,339.39,339.4,,L,211,210,33414921008372,,regular,
555,AVGO,339.3899,54414744,2025-12-15T20:57:25Z,False,188361.3945,,339.39,339.4,,L,211,210,33414921008372,,regular,
370,AVGO,339.385,54411555,2025-12-15T20:57:25Z,False,125572.450,,339.39,339.4,,L,211,210,33414921007962,,regular,
500,AVGO,339.3858,54407986,2025-12-15T20:57:24Z,False,169692.9000,,339.39,339.4,,L,211,210,33414921007243,,regular,
1000,AVGO,339.4,54406794,2025-12-15T20:57:23Z,False,339400.0,,339.39,339.4,,L,211,210,33414921006821,,regular,
440,AVGO,339.4,54404552,2025-12-15T20:57:23Z,False,149336.0,,339.39,339.4,,L,211,210,33414921006461,,regular,
762,AVGO,339.3,54398327,2025-12-15T20:57:22Z,False,258546.6,,339.39,339.4,,L,211,210,33414921005325,,regular,
442,AVGO,339.265,54383878,2025-12-15T20:57:20Z,False,149955.130,,339.39,339.4,,L,211,210,33414921003202,,regular,
1003,AVGO,339.265,54379339,2025-12-15T20:57:19Z,False,340282.795,,339.39,339.4,,L,211,210,33414921002645,,regular,
306,AVGO,339.265,54378335,2025-12-15T20:57:19Z,False,103815.090,,339.39,339.4,,L,211,210,33414921002502,,regular,
470,AVGO,339.24,54377217,2025-12-15T20:57:19Z,False,159442.80,,339.25,339.29,,L,4,26,33414921002208,,regular,
320,AVGO,339.245,54376053,2025-12-15T20:57:19Z,False,108558.400,,339.25,339.29,,L,4,26,33414921002000,,regular,
599,AVGO,339.3001,54373987,2025-12-15T20:57:18Z,False,203240.7599,,339.25,339.29,,L,4,26,33414921001508,,regular,
1120,AVGO,339.235,54369051,2025-12-15T20:57:18Z,False,379943.200,,339.25,339.29,,L,4,26,33414921001104,,regular,
500,AVGO,339.261,54358024,2025-12-15T20:57:14Z,False,169630.500,,339.25,339.29,,L,4,26,33414920997620,,regular,
440,AVGO,339.26,54357414,2025-12-15T20:57:14Z,False,149274.40,,339.25,339.29,,L,4,26,33414920997570,,regular,
464,AVGO,339.285,54353667,2025-12-15T20:57:14Z,False,157428.240,,339.03,339.04,,L,480,495,33414920996957,,regular,
600,AVGO,339.27,54343847,2025-12-15T20:57:12Z,False,203562.00,,339.03,339.04,,L,480,495,33414920994893,,regular,
350,AVGO,339.17,54336695,2025-12-15T20:57:10Z,False,118709.50,,339.03,339.04,,L,480,495,33414920993708,,regular,
320,AVGO,339.1614,54336108,2025-12-15T20:57:10Z,False,108531.6480,,339.03,339.04,,L,480,495,33414920993503,,regular,
2035,AVGO,339.035,54326649,2025-12-15T20:57:09Z,False,689936.225,,339.03,339.04,,L,480,495,33414920992000,,regular,
400,AVGO,339.005,54311504,2025-12-15T20:57:06Z,False,135602.000,,339.03,339.04,,L,480,495,33414920989110,,regular,
306,AVGO,339.0033,54310541,2025-12-15T20:57:05Z,False,103735.0098,,339.03,339.04,,L,480,495,33414920988437,,regular,
500,AVGO,339.005,54301611,2025-12-15T20:57:03Z,False,169502.500,,338.97,339,,L,10,16,33414920985982,,regular,
360,AVGO,339.0101,54298712,2025-12-15T20:57:02Z,False,122043.6360,,338.97,339,,L,10,16,33414920985441,,regular,
400,AVGO,339.16,54293209,2025-12-15T20:57:01Z,False,135664.00,,339.03,339.05,,L,154,141,33414920983952,,regular,
313,AVGO,339.0475,54288487,2025-12-15T20:57:00Z,False,106121.8675,,339.03,339.05,,L,154,141,33414920983680,,regular,
1000,AVGO,338.9526,54282859,2025-12-15T20:56:59Z,False,338952.6000,average_price_trade,339.03,339.05,,L,154,141,33414920982651,derivative_priced,regular,
720,AVGO,339.0344,54281761,2025-12-15T20:56:59Z,False,244104.7680,average_price_trade,339.03,339.05,,L,154,141,33414920982542,derivative_priced,regular,
960,AVGO,339.0101,54279759,2025-12-15T20:56:58Z,False,325449.6960,,339.07,339.08,,L,54,23,33414920981792,,regular,
400,AVGO,339.06,54275184,2025-12-15T20:56:58Z,False,135624.00,,339.07,339.08,,L,54,23,33414920981103,,regular,
880,AVGO,339.0794,54268093,2025-12-15T20:56:57Z,False,298389.8720,,339.07,339.08,,L,54,23,33414920980279,,regular,
300,AVGO,339.07,54265976,2025-12-15T20:56:56Z,False,101721.00,,339.05,339.07,,L,71,50,33414920979815,,regular,
501,AVGO,339.07,54260306,2025-12-15T20:56:54Z,False,169874.07,,339.03,339.04,,L,54,63,33414920977661,,regular,
1136,AVGO,339.07,54261442,2025-12-15T20:56:54Z,False,385183.52,,339.03,339.04,,L,54,63,33414920977661,,regular,
390,AVGO,339.14,54252959,2025-12-15T20:56:54Z,False,132264.60,,339.03,339.04,,L,54,63,33414920977334,,regular,
440,AVGO,339.16,54254086,2025-12-15T20:56:54Z,False,149230.40,,339.03,339.04,,L,54,63,33414920977334,,regular,
400,AVGO,339.12,54251275,2025-12-15T20:56:54Z,False,135648.00,,339.03,339.04,,L,54,63,33414920977329,,regular,
315,AVGO,339.085,54247455,2025-12-15T20:56:54Z,False,106811.775,,339.03,339.04,,L,54,63,33414920977291,,regular,
880,AVGO,339.0699,54243201,2025-12-15T20:56:53Z,False,298381.5120,,339.03,339.04,,L,54,63,33414920976119,,regular,
323,AVGO,339.04,54241608,2025-12-15T20:56:53Z,False,109509.92,,339.03,339.04,,L,54,63,33414920975956,,regular,
700,AVGO,339.04,54240283,2025-12-15T20:56:53Z,False,237328.00,,339.03,339.04,,L,54,63,33414920975887,,regular,
400,AVGO,339.0299,54235838,2025-12-15T20:56:51Z,False,135611.9600,,338.98,339,,L,366,17,33414920973996,,regular,
600,AVGO,339.011,54234396,2025-12-15T20:56:51Z,False,203406.600,,338.98,339,,L,366,17,33414920973915,,regular,
1240,AVGO,338.9999,54232580,2025-12-15T20:56:50Z,False,420359.8760,,338.82,338.83,,L,1817,41,33414920973559,,regular,
512,AVGO,338.7751,54217259,2025-12-15T20:56:48Z,False,173452.8512,,338.8,338.81,,L,215,65,33414920970888,,regular,
300,AVGO,338.7401,54215386,2025-12-15T20:56:47Z,False,101622.0300,,338.8,338.81,,L,215,65,33414920970243,,regular,
306,AVGO,338.8015,54210767,2025-12-15T20:56:46Z,False,103673.2590,,338.8,338.81,,L,215,65,33414920969547,,regular,
305,AVGO,338.805,54210461,2025-12-15T20:56:46Z,False,103335.525,,338.8,338.81,,L,215,65,33414920969546,,regular,
2320,AVGO,339.7185,54210116,2025-12-15T20:56:46Z,False,788146.9200,average_price_trade,338.8,338.81,,L,215,65,33414920969537,derivative_priced,regular,
3000,AVGO,338.8045,54207282,2025-12-15T20:56:46Z,False,1016413.5000,,338.81,338.82,,L,505,260,33414920968982,,regular,
700,AVGO,338.7999,54201345,2025-12-15T20:56:45Z,False,237159.9300,,338.81,338.82,,L,505,260,33414920968801,,regular,
2199,AVGO,338.815,54189284,2025-12-15T20:56:44Z,False,745054.185,,338.88,338.89,,L,2,84,33414920966899,,regular,
665,AVGO,338.88,54184060,2025-12-15T20:56:42Z,False,225355.20,,338.88,338.89,,L,2,84,33414920964922,,regular,
600,AVGO,338.9318,54169488,2025-12-15T20:56:39Z,False,203359.0800,,338.98,339.01,,L,200,51,33414920962311,,regular,
720,AVGO,338.9307,54170208,2025-12-15T20:56:39Z,False,244030.1040,,338.98,339.01,,L,200,51,33414920962311,,regular,
2525,AVGO,338.955,54164574,2025-12-15T20:56:37Z,False,855861.375,,338.97,339,,L,141,40,33414920959971,,regular,
500,AVGO,339.018,54158569,2025-12-15T20:56:35Z,False,169509.000,,338.97,339,,L,141,40,33414920958768,,regular,
313,AVGO,338.9399,54154013,2025-12-15T20:56:34Z,False,106088.1887,,338.95,338.96,,L,1427,71,33414920957616,,regular,
313,AVGO,338.94,54153692,2025-12-15T20:56:34Z,False,106088.22,,338.95,338.96,,L,1427,71,33414920957615,,regular,
360,AVGO,338.94,54151942,2025-12-15T20:56:34Z,False,122018.40,,338.95,338.96,,L,1427,71,33414920957328,,regular,
360,AVGO,339.065,54142744,2025-12-15T20:56:32Z,False,122063.400,,339.09,339.14,,L,94,2,33414920955115,,regular,
520,AVGO,339.065,54142125,2025-12-15T20:56:32Z,False,176313.800,,339.09,339.14,,L,94,2,33414920955107,,regular,
500,AVGO,339.08,54137984,2025-12-15T20:56:31Z,False,169540.00,,339.09,339.14,,L,94,2,33414920953975,,regular,
500,AVGO,339.093,54136168,2025-12-15T20:56:30Z,False,169546.500,,338.86,338.87,,L,578,28,33414920953483,,regular,
333,AVGO,339.005,54133691,2025-12-15T20:56:30Z,False,112888.665,,338.86,338.87,,L,578,28,33414920953101,,regular,
400,AVGO,338.885,54128451,2025-12-15T20:56:29Z,False,135554.000,,338.86,338.87,,L,578,28,33414920952418,,regular,
500,AVGO,338.87,54122199,2025-12-15T20:56:29Z,False,169435.00,,338.86,338.87,,L,578,28,33414920952049,,regular,
300,AVGO,338.839,54116238,2025-12-15T20:56:27Z,False,101651.700,,338.83,338.85,,2,350,2,33414920950239,,regular,
1000,AVGO,338.87,54108046,2025-12-15T20:56:24Z,False,338870.00,,338.86,338.88,,L,122,182,33414920947459,,regular,
493,AVGO,338.825,54103546,2025-12-15T20:56:23Z,False,167040.725,,338.91,338.93,,L,42,77,33414920946529,,regular,
480,AVGO,338.84,54104026,2025-12-15T20:56:23Z,False,162643.20,,338.91,338.93,,L,42,77,33414920946529,,regular,
780,AVGO,338.8001,54101811,2025-12-15T20:56:23Z,False,264264.0780,,338.91,338.93,,L,42,77,33414920946187,,regular,
309,AVGO,338.9,54092085,2025-12-15T20:56:21Z,False,104720.1,,338.9,338.92,,L,44,23,33414920944787,,regular,
300,AVGO,339.075,54077133,2025-12-15T20:56:16Z,False,101722.500,,338.99,339.03,,L,280,192,33414920939387,,regular,
500,AVGO,339.075,54069040,2025-12-15T20:56:15Z,False,169537.500,,338.99,339.03,,L,280,192,33414920938581,,regular,
500,AVGO,339.075,54068540,2025-12-15T20:56:15Z,False,169537.500,,338.99,339.03,,L,280,192,33414920938573,,regular,
600,AVGO,339.055,54063346,2025-12-15T20:56:14Z,False,203433.000,,339.03,339.04,,L,104,52,33414920937040,,regular,
474,AVGO,339.0274,54062589,2025-12-15T20:56:14Z,False,160698.9876,average_price_trade,339.03,339.04,,L,104,52,33414920937024,,regular,
1000,AVGO,339.08,54054586,2025-12-15T20:56:12Z,False,339080.00,,339.03,339.04,,L,104,52,33414920935068,,regular,
500,AVGO,338.965,54044974,2025-12-15T20:56:10Z,False,169482.500,,339.03,339.04,,L,104,52,33414920932984,,regular,
700,AVGO,338.8,54036804,2025-12-15T20:56:08Z,False,237160.0,,339.03,339.04,,L,104,52,33414920931215,,regular,
510,AVGO,338.801,54036104,2025-12-15T20:56:08Z,False,172788.510,,339.03,339.04,,L,104,52,33414920931209,,regular,
443,AVGO,338.8,54035244,2025-12-15T20:56:08Z,False,150088.4,,339.03,339.04,,L,104,52,33414920931208,,regular,
350,AVGO,338.8,54035594,2025-12-15T20:56:08Z,False,118580.0,,339.03,339.04,,L,104,52,33414920931208,,regular,
500,AVGO,339.015,54010513,2025-12-15T20:56:05Z,False,169507.500,,338.86,338.89,,L,82,36,33414920928304,,regular,
794,AVGO,339.015,54008857,2025-12-15T20:56:04Z,False,269177.910,,339.01,339.02,,L,70,55,33414920927878,,regular,
1145,AVGO,338.99,54004191,2025-12-15T20:56:03Z,False,388143.55,,339.01,339.02,,L,70,55,33414920925885,,regular,
600,AVGO,338.9799,53999283,2025-12-15T20:56:02Z,False,203387.9400,,339.01,339.02,,L,70,55,33414920925316,,regular,
381,AVGO,338.97,53997655,2025-12-15T20:56:01Z,False,129147.57,,339.01,339.04,,L,507,74,33414920924349,,regular,
500,AVGO,338.97,53997074,2025-12-15T20:56:01Z,False,169485.00,,339.01,339.04,,L,507,74,33414920924341,,regular,
642,AVGO,338.6619,53994011,2025-12-15T20:56:00Z,False,217420.9398,average_price_trade,339.01,339.04,,L,507,74,33414920923511,derivative_priced,regular,
310,AVGO,339.02,53983955,2025-12-15T20:55:58Z,False,105096.20,,339.05,339.07,,L,4,87,33414920921809,,regular,
500,AVGO,339.035,53979087,2025-12-15T20:55:58Z,False,169517.500,,339.05,339.07,,L,4,87,33414920920895,,regular,
303,AVGO,339.05,53977169,2025-12-15T20:55:57Z,False,102732.15,,339.05,339.07,,L,4,87,33414920920789,,regular,
303,AVGO,339.06,53977552,2025-12-15T20:55:57Z,False,102735.18,,339.05,339.07,,L,4,87,33414920920789,,regular,
360,AVGO,338.6877,53974118,2025-12-15T20:55:56Z,False,121927.5720,average_price_trade,339.17,339.19,,L,78,10,33414920919571,derivative_priced,regular,
545,AVGO,339.175,53968480,2025-12-15T20:55:55Z,False,184850.375,,339.17,339.19,,L,78,10,33414920918158,,regular,
928,AVGO,339.175,53967908,2025-12-15T20:55:55Z,False,314754.400,,339.17,339.19,,L,78,10,33414920918139,,regular,
7130,AVGO,339.175,53966690,2025-12-15T20:55:55Z,False,2418317.750,,339.17,339.19,,L,78,10,33414920918131,,regular,
300,AVGO,339.185,53952667,2025-12-15T20:55:53Z,False,101755.500,,339.17,339.19,,L,94,350,33414920916337,,regular,
300,AVGO,339.07,53942449,2025-12-15T20:55:50Z,False,101721.00,,339.09,339.18,,L,10,50,33414920912934,,regular,
600,AVGO,339.145,53939840,2025-12-15T20:55:49Z,False,203487.000,,339.09,339.18,,L,10,50,33414920911943,,regular,
306,AVGO,339.115,53935694,2025-12-15T20:55:47Z,False,103769.190,,339.15,339.19,,L,180,130,33414920910659,,regular,
412,AVGO,339.04,53933065,2025-12-15T20:55:47Z,False,139684.48,,339.15,339.19,,L,180,130,33414920910568,,regular,
2030,AVGO,339.04,53935095,2025-12-15T20:55:47Z,False,688251.20,,339.15,339.19,,L,180,130,33414920910568,,regular,
297,AVGO,339.2,53923677,2025-12-15T20:55:47Z,False,100742.4,,339.15,339.19,,L,180,130,33414920910522,,regular,
300,AVGO,339.2336,53921554,2025-12-15T20:55:47Z,False,101770.0800,,339.15,339.19,,L,180,130,33414920910132,,regular,
640,AVGO,339.3019,53920530,2025-12-15T20:55:47Z,False,217153.2160,average_price_trade,339.15,339.19,,L,180,130,33414920910074,derivative_priced,regular,
300,AVGO,339.17,53918175,2025-12-15T20:55:46Z,False,101751.00,,339.15,339.19,,L,180,130,33414920909850,,regular,
300,AVGO,338.95,53904896,2025-12-15T20:55:44Z,False,101685.00,,338.89,338.98,,L,130,10,33414920907505,,regular,
784,AVGO,338.82,53879157,2025-12-15T20:55:39Z,False,265634.88,,338.94,338.95,,L,75,151,33414920902828,,regular,
636,AVGO,338.82,53878373,2025-12-15T20:55:39Z,False,215489.52,,338.94,338.95,,L,75,151,33414920902827,,regular,
410,AVGO,338.945,53876999,2025-12-15T20:55:39Z,False,138967.450,,338.94,338.95,,L,75,151,33414920902800,,regular,
1630,AVGO,339.0001,53862165,2025-12-15T20:55:36Z,False,552570.1630,,339.04,339.07,,L,185,118,33414920899447,,regular,
429,AVGO,339.0401,53855307,2025-12-15T20:55:35Z,False,145448.2029,,339.04,339.07,,L,185,118,33414920897904,,regular,
429,AVGO,339.04,53854318,2025-12-15T20:55:35Z,False,145448.16,,339.04,339.07,,L,185,118,33414920897902,,regular,
600,AVGO,339.0674,53853678,2025-12-15T20:55:34Z,False,203440.4400,,339.04,339.07,,L,185,118,33414920897714,,regular,
500,AVGO,339.0606,53853078,2025-12-15T20:55:34Z,False,169530.3000,,339.04,339.07,,L,185,118,33414920897687,,regular,
500,AVGO,339.05,53834478,2025-12-15T20:55:32Z,False,169525.00,,339.04,339.07,,L,185,118,33414920895099,,regular,
1820,AVGO,339.155,53830335,2025-12-15T20:55:30Z,False,617262.100,,339.02,339.07,,L,50,223,33414920893735,,regular,
756,AVGO,339.14,53827819,2025-12-15T20:55:30Z,False,256389.84,,339.02,339.07,,L,50,223,33414920893667,,regular,
480,AVGO,339.03,53816976,2025-12-15T20:55:29Z,False,162734.40,,339.02,339.07,,L,50,223,33414920892126,,regular,
320,AVGO,339.03,53817296,2025-12-15T20:55:29Z,False,108489.60,,339.02,339.07,,L,50,223,33414920892126,,regular,
2500,AVGO,339.0425,53815836,2025-12-15T20:55:28Z,False,847606.2500,,339.22,339.25,,L,257,70,33414920891483,,regular,
950,AVGO,339.04,53812822,2025-12-15T20:55:28Z,False,322088.00,,339.22,339.25,,L,257,70,33414920891203,,regular,
395,AVGO,339.08,53811562,2025-12-15T20:55:28Z,False,133936.60,,339.22,339.25,,L,257,70,33414920891170,,regular,
440,AVGO,339.09,53810163,2025-12-15T20:55:28Z,False,149199.60,,339.22,339.25,,L,257,70,33414920891025,,regular,
880,AVGO,339.08,53808120,2025-12-15T20:55:28Z,False,298390.40,,339.22,339.25,,L,257,70,33414920890921,,regular,
320,AVGO,339.0901,53805477,2025-12-15T20:55:28Z,False,108508.8320,,339.22,339.25,,L,257,70,33414920890920,,regular,
640,AVGO,339.0901,53806357,2025-12-15T20:55:28Z,False,217017.6640,,339.22,339.25,,L,257,70,33414920890920,,regular,
300,AVGO,339.09,53804696,2025-12-15T20:55:27Z,False,101727.00,,339.22,339.25,,L,257,70,33414920890694,,regular,
400,AVGO,339.1236,53803646,2025-12-15T20:55:27Z,False,135649.4400,,339.22,339.25,,L,257,70,33414920890379,,regular,
400,AVGO,339.0729,53802735,2025-12-15T20:55:27Z,False,135629.1600,,339.22,339.25,,L,257,70,33414920890344,,regular,
560,AVGO,339.0772,53800491,2025-12-15T20:55:27Z,False,189883.2320,,339.22,339.25,,L,257,70,33414920890259,,regular,
1493,AVGO,339.0772,53801984,2025-12-15T20:55:27Z,False,506242.2596,,339.22,339.25,,L,257,70,33414920890259,,regular,
347,AVGO,339.0772,53802331,2025-12-15T20:55:27Z,False,117659.7884,,339.22,339.25,,L,257,70,33414920890259,,regular,
400,AVGO,339.26,53792892,2025-12-15T20:55:27Z,False,135704.00,,339.22,339.25,,L,257,70,33414920889894,,regular,
440,AVGO,339.26,53793332,2025-12-15T20:55:27Z,False,149274.40,,339.22,339.25,,L,257,70,33414920889894,,regular,
400,AVGO,339.241,53791732,2025-12-15T20:55:27Z,False,135696.400,,339.22,339.25,,L,257,70,33414920889893,,regular,
320,AVGO,339.26,53792052,2025-12-15T20:55:27Z,False,108563.20,,339.22,339.25,,L,257,70,33414920889893,,regular,
440,AVGO,339.24,53792492,2025-12-15T20:55:27Z,False,149265.60,,339.22,339.25,,L,257,70,33414920889893,,regular,
320,AVGO,339.24,53791052,2025-12-15T20:55:27Z,False,108556.80,,339.22,339.25,,L,257,70,33414920889892,,regular,
2500,AVGO,339.299,53786839,2025-12-15T20:55:26Z,False,848247.500,,339.22,339.25,,L,257,70,33414920889617,,regular,
2500,AVGO,339.3,53784102,2025-12-15T20:55:26Z,False,848250.0,,339.22,339.25,,L,257,70,33414920889315,,regular,
960,AVGO,339.3,53781337,2025-12-15T20:55:26Z,False,325728.0,,339.22,339.25,,2,257,70,33414920889026,,regular,
500,AVGO,339.2999,53780160,2025-12-15T20:55:26Z,False,169649.9500,,339.22,339.25,,L,257,70,33414920889008,,regular,
1000,AVGO,339.2998,53779573,2025-12-15T20:55:25Z,False,339299.8000,,339.22,339.25,,L,257,70,33414920888777,,regular,
380,AVGO,339.3,53778068,2025-12-15T20:55:25Z,False,128934.0,,339.22,339.25,,L,257,70,33414920888754,,regular,
480,AVGO,339.3,53778548,2025-12-15T20:55:25Z,False,162864.0,,339.22,339.25,,L,257,70,33414920888754,,regular,
320,AVGO,339.3,53776678,2025-12-15T20:55:25Z,False,108576.0,,339.22,339.25,,L,257,70,33414920888753,,regular,
480,AVGO,339.29,53777158,2025-12-15T20:55:25Z,False,162859.20,,339.22,339.25,,L,257,70,33414920888753,,regular,
430,AVGO,339.3,53777588,2025-12-15T20:55:25Z,False,145899.0,,339.22,339.25,,L,257,70,33414920888753,,regular,
430,AVGO,339.29,53775838,2025-12-15T20:55:25Z,False,145894.70,,339.22,339.25,,L,257,70,33414920888752,,regular,
380,AVGO,339.291,53776358,2025-12-15T20:55:25Z,False,128930.580,,339.22,339.25,,L,257,70,33414920888752,,regular,
320,AVGO,339.291,53775368,2025-12-15T20:55:25Z,False,108573.120,,339.22,339.25,,L,257,70,33414920888751,,regular,
460,AVGO,339.3,53775048,2025-12-15T20:55:25Z,False,156078.0,,339.22,339.25,,L,257,70,33414920888744,,regular,
460,AVGO,339.29,53774588,2025-12-15T20:55:25Z,False,156073.40,,339.22,339.25,,L,257,70,33414920888743,,regular,
2500,AVGO,339.2464,53771093,2025-12-15T20:55:25Z,False,848116.0000,,339.22,339.25,,L,257,70,33414920888226,,regular,
500,AVGO,339.2574,53768592,2025-12-15T20:55:25Z,False,169628.7000,,339.22,339.25,,L,257,70,33414920888219,,regular,
2500,AVGO,339.239,53765502,2025-12-15T20:55:24Z,False,848097.500,,339.22,339.25,,L,257,70,33414920887705,,regular,
2500,AVGO,339.209,53762296,2025-12-15T20:55:24Z,False,848022.500,,338.89,338.94,,L,400,74,33414920887449,,regular,
500,AVGO,339.125,53753045,2025-12-15T20:55:23Z,False,169562.500,,338.89,338.94,,L,400,74,33414920885903,,regular,
300,AVGO,339.1796,53750724,2025-12-15T20:55:22Z,False,101753.8800,,338.89,338.94,,L,400,74,33414920885209,,regular,
1000,AVGO,339.15,53750384,2025-12-15T20:55:22Z,False,339150.00,,338.89,338.94,,L,400,74,33414920885171,,regular,
500,AVGO,339.23,53745136,2025-12-15T20:55:21Z,False,169615.00,,338.89,338.94,,L,400,74,33414920884047,,regular,
360,AVGO,339.05,53744038,2025-12-15T20:55:21Z,False,122058.00,,338.89,338.94,,L,400,74,33414920883957,,regular,
579,AVGO,339.3,53737442,2025-12-15T20:55:21Z,False,196454.7,,338.89,338.94,,L,400,74,33414920883914,,regular,
1000,AVGO,339.105,53735706,2025-12-15T20:55:20Z,False,339105.000,,338.89,338.94,,L,400,74,33414920883777,,regular,
520,AVGO,339.07,53734653,2025-12-15T20:55:20Z,False,176316.40,,338.89,338.94,,L,400,74,33414920883761,,regular,
500,AVGO,338.955,53728005,2025-12-15T20:55:20Z,False,169477.500,,338.89,338.94,,L,400,74,33414920883647,,regular,
2470,AVGO,338.9565,53727149,2025-12-15T20:55:20Z,False,837222.5550,,338.89,338.94,,L,400,74,33414920883483,,regular,
