size,ticker,price,volume,executed_at,canceled,premium,sale_cond_codes,nbbo_ask,nbbo_bid,ext_hour_sold_codes,market_center,nbbo_ask_quantity,nbbo_bid_quantity,tracking_id,trade_code,trade_settlement,trf_executed_at
1000,COIN,253.1091,8649528,2026-01-06T23:45:04Z,False,253109.1000,,253.09,252.8,extended_hours_trade,L,10,40,22905146094341,,regular,
536,COIN,253.08,8648296,2026-01-06T23:41:55Z,False,135650.88,,253.25,252.8,extended_hours_trade,L,6,40,22905145905148,,regular,
603,COIN,253.25,8638123,2026-01-06T23:15:24Z,False,152709.75,,253.5,252.6,extended_hours_trade,L,25,200,22905144313821,,regular,
530,COIN,253.25,8636544,2026-01-06T23:12:04Z,False,134222.50,,253.5,253,extended_hours_trade,L,25,10,22905144114255,,regular,
739,COIN,253,8634980,2026-01-06T23:10:45Z,False,186967,,253.15,252.41,extended_hours_trade,L,80,23,22905144034934,,regular,
4500,COIN,253,8634080,2026-01-06T23:10:44Z,False,1138500,,253.09,252.52,extended_hours_trade,L,67,23,22905144033643,,regular,
700,COIN,252.9006,8622846,2026-01-06T23:09:49Z,False,177030.4200,,253,252.4,extended_hours_trade,L,5,100,22905143979335,,regular,
500,COIN,252.9733,8622018,2026-01-06T23:09:17Z,False,126486.6500,,253,252.4,extended_hours_trade,L,5,100,22905143947271,,regular,
500,COIN,252.8999,8620889,2026-01-06T23:08:31Z,False,126449.9500,,253,252.35,extended_hours_trade,L,5,5,22905143900608,,regular,
500,COIN,252.86,8620386,2026-01-06T23:08:00Z,False,126430.00,,253,252.35,extended_hours_trade,L,5,5,22905143870555,,regular,
500,COIN,252.6728,8616586,2026-01-06T22:39:54Z,False,126336.4000,,252.68,252.43,extended_hours_trade,L,20,1,22905142184499,,regular,
500,COIN,252.5407,8615580,2026-01-06T22:38:05Z,False,126270.3500,,252.68,252.41,extended_hours_trade,L,20,149,22905142074752,,regular,
400,COIN,252.16,8609315,2026-01-06T22:20:23Z,False,100864.00,,252.76,252,extended_hours_trade,L,2,25,22905141012998,,regular,
440,COIN,252.75,8607481,2026-01-06T22:18:05Z,False,111210.00,,252.76,252.2,extended_hours_trade,L,2,100,22905140875233,,regular,
560,COIN,252.75,8608041,2026-01-06T22:18:05Z,False,141540.00,,252.76,252.2,extended_hours_trade,L,2,100,22905140875233,,regular,
900,COIN,252.5,8606440,2026-01-06T22:15:07Z,False,227250.0,,252.76,252.55,extended_hours_trade,L,2,1,22905140696640,,regular,
500,COIN,252.5055,8605520,2026-01-06T22:14:22Z,False,126252.7500,,252.88,252.55,extended_hours_trade,L,1,2,22905140652281,,regular,
690,COIN,252.75,8604945,2026-01-06T22:14:02Z,False,174397.50,,252.88,252.6,extended_hours_trade,L,1,16,22905140631923,,regular,
460,COIN,252.8966,8603302,2026-01-06T22:09:11Z,False,116332.4360,,252.93,252.6,extended_hours_trade,L,15,16,22905140340585,,regular,
1000,COIN,252.2,8600245,2026-01-06T21:56:33Z,False,252200.0,,252.8,252.2,extended_hours_trade,L,1,16,22905139582651,,regular,
508,COIN,252.16,8597032,2026-01-06T21:51:54Z,False,128097.28,,252.8,252,extended_hours_trade,L,100,75,22905139304331,,regular,
440,COIN,252.16,8597472,2026-01-06T21:51:54Z,False,110950.40,,252.8,252,extended_hours_trade,L,100,75,22905139304331,,regular,
500,COIN,252.6,8593758,2026-01-06T21:48:53Z,False,126300.0,,252.9,252.5,extended_hours_trade,L,40,2,22905139122613,,regular,
500,COIN,252.9645,8589054,2026-01-06T21:45:57Z,False,126482.2500,,253,252.6,extended_hours_trade,L,1010,100,22905138946790,,regular,
600,COIN,252.7564,8588514,2026-01-06T21:45:06Z,False,151653.8400,,253,252.5,extended_hours_trade,L,1010,2,22905138896476,,regular,
57897,COIN,250.56,8587864,2026-01-06T21:44:32Z,False,14506672.32,prior_reference_price,253,252.5,extended_hours_trade,L,1050,2,22905138861844,,regular,
473,COIN,252.6817,8528829,2026-01-06T21:39:13Z,False,119518.4441,,253,252.5,extended_hours_trade,L,50,2,22905138543199,,regular,
500,COIN,253,8523232,2026-01-06T21:32:10Z,False,126500,,252.85,252.6,extended_hours_trade,L,1,100,22905138120049,,regular,
4351,COIN,250.56,8522362,2026-01-06T21:31:35Z,False,1090186.56,,253.45,252.75,extended_hours_trade,L,16,100,22905138085346,,regular,
500,COIN,252.7575,8514561,2026-01-06T21:29:50Z,False,126378.7500,,253,252.4,extended_hours_trade,L,308,16,22905137979959,,regular,
2364,COIN,252.96,8512324,2026-01-06T21:27:04Z,False,597997.44,,253,252.2,extended_hours_trade,L,308,100,22905137813805,,regular,
1000,COIN,252.9934,8509523,2026-01-06T21:26:37Z,False,252993.4000,,252.75,252.2,extended_hours_trade,L,5,100,22905137786960,,regular,
2500,COIN,253,8508471,2026-01-06T21:26:30Z,False,632500,,252.75,252.2,extended_hours_trade,L,5,100,22905137779732,,regular,
500,COIN,253.26,8498377,2026-01-06T21:20:12Z,False,126630.00,,253.54,252.5,extended_hours_trade,L,18,130,22905137401905,,regular,
629,COIN,250.57,8497785,2026-01-06T21:20:00Z,False,157608.53,,254,252.6,extended_hours_trade,L,36,100,22905137390535,,regular,
449,COIN,250.57,8496895,2026-01-06T21:19:52Z,False,112505.93,,253.5,252.5,extended_hours_trade,L,25,5,22905137382535,,regular,
714,COIN,254,8483300,2026-01-06T21:17:38Z,False,181356,,254,253.85,extended_hours_trade,L,137,1947,22905137248274,,regular,
878,COIN,253.7,8480157,2026-01-06T21:17:04Z,False,222748.6,,253.78,253.5,extended_hours_trade,L,1,41,22905137214292,,regular,
2500,COIN,253.42,8474530,2026-01-06T21:16:33Z,False,633550.00,,253.49,252.6,extended_hours_trade,L,10,100,22905137183123,,regular,
1000,COIN,253.5,8470921,2026-01-06T21:16:15Z,False,253500.0,,253.5,252.4,extended_hours_trade,L,203,200,22905137164598,,regular,
450,COIN,252.76,8466692,2026-01-06T21:15:47Z,False,113742.00,,252.8,252,extended_hours_trade,L,6,200,22905137137532,,regular,
60600,COIN,250.56,8464382,2026-01-06T21:15:13Z,False,15183936.00,prior_reference_price,252.27,251.21,extended_hours_trade,L,50,2000,22905137103162,,regular,
1000,COIN,252.06,8402557,2026-01-06T21:14:29Z,False,252060.00,,252.06,251.5,extended_hours_trade,L,2,100,22905137058995,,regular,
1200,COIN,251.21,8400693,2026-01-06T21:14:13Z,False,301452.00,average_price_trade,251.76,251.21,extended_hours_trade,L,50,2000,22905137043389,,regular,
500,COIN,251.4275,8396227,2026-01-06T21:13:11Z,False,125713.7500,,251.5,250.52,extended_hours_trade,L,175,20,22905136981344,,regular,
400,COIN,251.48,8395715,2026-01-06T21:13:11Z,False,100592.00,,251.5,250.52,extended_hours_trade,L,175,20,22905136980716,,regular,
431,COIN,250,8383009,2026-01-06T21:05:05Z,False,107750,,249.93,249.85,extended_hours_trade,L,116,12,22905136495258,,regular,
17066,COIN,250.56,8381911,2026-01-06T21:05:01Z,False,4276056.96,prior_reference_price,249.93,249.85,extended_hours_trade,L,116,12,22905136490694,,regular,
2638,COIN,250.56,8364109,2026-01-06T21:04:17Z,False,660977.28,,250.18,250.01,extended_hours_trade,L,116,7,22905136447097,,regular,
498,COIN,250.56,8360829,2026-01-06T21:03:06Z,False,124778.88,prior_reference_price,250.23,250.04,extended_hours_trade,L,116,8,22905136375573,,regular,
1600,COIN,250.56,8359242,2026-01-06T21:02:50Z,False,400896.00,prior_reference_price,250.39,250.18,extended_hours_trade,L,116,1,22905136359593,,regular,
1938,COIN,250.56,8357472,2026-01-06T21:02:49Z,False,485585.28,prior_reference_price,250.39,250.18,extended_hours_trade,L,116,1,22905136359104,,regular,
1523,COIN,250.56,8355303,2026-01-06T21:02:33Z,False,381602.88,prior_reference_price,250.42,250.18,extended_hours_trade,L,116,1,22905136343146,,regular,
3724,COIN,250.56,8351968,2026-01-06T21:01:41Z,False,933085.44,prior_reference_price,250.6,250.46,extended_hours_trade,L,100,56,22905136290996,,regular,
25679,COIN,250.56,8348083,2026-01-06T21:00:55Z,False,6434130.24,prior_reference_price,250.6,250.46,extended_hours_trade,L,100,56,22905136244612,,regular,
2745,COIN,250.56,8321980,2026-01-06T21:00:40Z,False,687787.20,prior_reference_price,250.6,250.46,extended_hours_trade,L,100,56,22905136230325,,regular,
899,COIN,250.56,8319215,2026-01-06T21:00:35Z,False,225253.44,prior_reference_price,250.54,250.53,extended_hours_trade,L,116,205,22905136224689,,regular,
1209,COIN,250.56,8318215,2026-01-06T21:00:28Z,False,302927.04,prior_reference_price,250.54,250.53,extended_hours_trade,L,116,205,22905136218325,,regular,
1995,COIN,250.56,8316850,2026-01-06T21:00:27Z,False,499867.20,prior_reference_price,250.54,250.53,extended_hours_trade,L,116,205,22905136216723,,regular,
400,COIN,250.56,8314855,2026-01-06T21:00:27Z,False,100224.00,prior_reference_price,250.54,250.53,extended_hours_trade,L,116,205,22905136216714,,regular,
473,COIN,250.56,8314455,2026-01-06T21:00:27Z,False,118514.88,prior_reference_price,250.54,250.53,extended_hours_trade,L,116,205,22905136216712,,regular,
1995,COIN,250.56,8313982,2026-01-06T21:00:27Z,False,499867.20,prior_reference_price,250.54,250.53,extended_hours_trade,L,116,205,22905136216710,,regular,
8170,COIN,250.56,8311987,2026-01-06T21:00:27Z,False,2047075.20,prior_reference_price,250.54,250.53,extended_hours_trade,L,116,205,22905136216706,,regular,
440,COIN,250.56,8303406,2026-01-06T21:00:27Z,False,110246.40,prior_reference_price,250.54,250.53,extended_hours_trade,L,116,205,22905136216688,,regular,
664,COIN,250.56,8302914,2026-01-06T21:00:27Z,False,166371.84,prior_reference_price,250.54,250.53,extended_hours_trade,L,116,205,22905136216668,,regular,
1340,COIN,250.56,8301949,2026-01-06T21:00:26Z,False,335750.40,prior_reference_price,250.54,250.53,extended_hours_trade,L,116,205,22905136215734,,regular,
1330,COIN,250.56,8300609,2026-01-06T21:00:26Z,False,333244.80,prior_reference_price,250.54,250.53,extended_hours_trade,L,116,205,22905136215730,,regular,
1995,COIN,250.56,8299279,2026-01-06T21:00:26Z,False,499867.20,prior_reference_price,250.54,250.53,extended_hours_trade,L,116,205,22905136215721,,regular,
1995,COIN,250.56,8297284,2026-01-06T21:00:26Z,False,499867.20,prior_reference_price,250.54,250.53,extended_hours_trade,L,116,205,22905136215720,,regular,
585,COIN,250.56,8295289,2026-01-06T21:00:26Z,False,146577.60,prior_reference_price,250.54,250.53,extended_hours_trade,L,116,205,22905136215714,,regular,
3445,COIN,250.56,8294250,2026-01-06T21:00:26Z,False,863179.20,prior_reference_price,250.54,250.53,extended_hours_trade,L,116,205,22905136215690,,regular,
3830,COIN,250.56,8290805,2026-01-06T21:00:26Z,False,959644.80,prior_reference_price,250.54,250.53,extended_hours_trade,L,116,205,22905136215683,,regular,
760,COIN,250.56,8286975,2026-01-06T21:00:26Z,False,190425.60,prior_reference_price,250.54,250.53,extended_hours_trade,L,116,205,22905136215673,,regular,
822,COIN,250.56,8286215,2026-01-06T21:00:26Z,False,205960.32,prior_reference_price,250.54,250.53,extended_hours_trade,L,116,205,22905136215668,,regular,
1519,COIN,250.56,8284964,2026-01-06T21:00:17Z,False,380600.64,prior_reference_price,250.54,250.53,extended_hours_trade,L,116,205,22905136206571,,regular,
2400,COIN,250.56,8281643,2026-01-06T21:00:01Z,False,601344.00,,250.54,250.53,extended_hours_trade,L,116,205,22905136191301,,regular,
840,COIN,250.56,7863914,2026-01-06T21:00:01Z,False,210470.40,,250.54,250.53,extended_hours_trade,L,116,205,22905136190616,,regular,
1899,COIN,250.56,7862789,2026-01-06T21:00:00Z,False,475813.44,,250.54,250.53,extended_hours_trade,L,116,205,22905136190540,,regular,
1960,COIN,250.56,7855651,2026-01-06T21:00:00Z,False,491097.60,,250.54,250.53,extended_hours_trade,L,116,205,22905136189987,,regular,
1938,COIN,250.56,7857820,2026-01-06T21:00:00Z,False,485585.28,,250.54,250.53,extended_hours_trade,L,116,205,22905136189987,,regular,
808,COIN,250.56,7858628,2026-01-06T21:00:00Z,False,202452.48,,250.54,250.53,extended_hours_trade,L,116,205,22905136189987,,regular,
830,COIN,250.56,7859458,2026-01-06T21:00:00Z,False,207964.80,,250.54,250.53,extended_hours_trade,L,116,205,22905136189987,,regular,
883,COIN,250.56,7860341,2026-01-06T21:00:00Z,False,221244.48,,250.54,250.53,extended_hours_trade,L,116,205,22905136189987,,regular,
1250,COIN,250.51,7772804,2026-01-06T20:59:11Z,False,313137.50,,250.53,250.5,,L,108,83,22905136141453,,regular,
600,COIN,250.5142,7744310,2026-01-06T20:58:38Z,False,150308.5200,,250.52,250.5,,L,71,707,22905136107623,,regular,
400,COIN,250.49,7731465,2026-01-06T20:58:21Z,False,100196.00,,250.48,250.45,,L,143,151,22905136091036,,regular,
1174,COIN,250.4799,7730477,2026-01-06T20:58:18Z,False,294063.4026,,250.48,250.45,,L,23,21,22905136088253,,regular,
826,COIN,250.4799,7729303,2026-01-06T20:58:18Z,False,206896.3974,,250.48,250.45,,L,23,21,22905136088252,,regular,
500,COIN,250.46,7726876,2026-01-06T20:58:15Z,False,125230.00,,250.48,250.45,,L,23,21,22905136084735,,regular,
1080,COIN,250.5499,7697041,2026-01-06T20:57:46Z,False,270593.8920,,250.55,250.53,,L,15,407,22905136056323,,regular,
600,COIN,250.55,7695001,2026-01-06T20:57:46Z,False,150330.00,,250.55,250.53,,L,15,407,22905136056259,,regular,
446,COIN,250.59,7652532,2026-01-06T20:56:51Z,False,111763.14,,250.62,250.55,,L,73,133,22905136001384,,regular,
600,COIN,250.59,7651301,2026-01-06T20:56:51Z,False,150354.00,,250.62,250.55,,L,73,133,22905136001378,,regular,
400,COIN,250.575,7648780,2026-01-06T20:56:49Z,False,100230.000,,250.6,250.55,,L,58,142,22905135999267,,regular,
500,COIN,250.5716,7647979,2026-01-06T20:56:48Z,False,125285.8000,,250.6,250.55,,L,58,142,22905135998089,,regular,
489,COIN,250.5301,7624904,2026-01-06T20:56:22Z,False,122509.2189,,250.57,250.53,,L,21,118,22905135972169,,regular,
500,COIN,250.53,7624261,2026-01-06T20:56:20Z,False,125265.00,,250.57,250.53,,L,21,16,22905135969830,,regular,
400,COIN,250.655,7609121,2026-01-06T20:55:56Z,False,100262.000,average_price_trade,250.56,250.52,,L,11,42,22905135946203,derivative_priced,regular,
816,COIN,250.4601,7577451,2026-01-06T20:55:22Z,False,204375.4416,,250.67,250.59,,L,120,39,22905135911664,,regular,
500,COIN,250.5,7576595,2026-01-06T20:55:21Z,False,125250.0,,250.67,250.59,,L,120,39,22905135910970,,regular,
400,COIN,250.46,7575771,2026-01-06T20:55:19Z,False,100184.00,,250.67,250.59,,L,120,39,22905135909545,,regular,
1517,COIN,250.39,7568230,2026-01-06T20:55:18Z,False,379841.63,,250.67,250.59,,L,120,39,22905135907755,,regular,
4078,COIN,250.39,7572308,2026-01-06T20:55:18Z,False,1021090.42,,250.67,250.59,,L,120,39,22905135907755,,regular,
3000,COIN,250.39,7563742,2026-01-06T20:55:18Z,False,751170.00,,250.67,250.59,,L,120,39,22905135907741,,regular,
1626,COIN,250.7099,7548354,2026-01-06T20:55:14Z,False,407654.2974,,250.94,250.8,,L,20,347,22905135903746,,regular,
8078,COIN,250.39,7533749,2026-01-06T20:54:47Z,False,2022650.42,,250.63,250.54,,L,10,40,22905135876855,,regular,
1600,COIN,250.59,7525038,2026-01-06T20:54:47Z,False,400944.00,,250.63,250.54,,L,10,40,22905135876835,,regular,
600,COIN,250.61,7519264,2026-01-06T20:54:42Z,False,150366.00,,250.67,250.54,,L,10,10,22905135871662,,regular,
480,COIN,250.56,7514333,2026-01-06T20:54:39Z,False,120268.80,,250.56,250.52,,L,1170,1,22905135868594,,regular,
400,COIN,250.63,7512870,2026-01-06T20:54:38Z,False,100252.00,,250.56,250.52,,L,1170,1,22905135868564,,regular,
400,COIN,250.66,7511580,2026-01-06T20:54:38Z,False,100264.00,,250.56,250.52,,L,1170,1,22905135868551,,regular,
600,COIN,250.75,7498246,2026-01-06T20:54:05Z,False,150450.00,,250.79,250.77,,L,40,10,22905135834910,,regular,
600,COIN,250.72,7494735,2026-01-06T20:54:00Z,False,150432.00,,250.7,250.64,,L,20,10,22905135829799,,regular,
600,COIN,250.72,7494135,2026-01-06T20:54:00Z,False,150432.00,,250.7,250.64,,L,20,10,22905135829787,,regular,
1702,COIN,250.7201,7489096,2026-01-06T20:53:52Z,False,426725.6102,,250.8,250.73,,L,175,1,22905135821796,,regular,
600,COIN,250.8199,7484376,2026-01-06T20:53:47Z,False,150491.9400,,250.82,250.71,,L,20,90,22905135817128,,regular,
600,COIN,250.835,7481534,2026-01-06T20:53:33Z,False,150501.000,,250.85,250.78,,L,20,100,22905135803367,,regular,
1185,COIN,250.86,7480607,2026-01-06T20:53:32Z,False,297269.10,,250.86,250.83,,L,120,42,22905135802036,,regular,
400,COIN,250.8,7478750,2026-01-06T20:53:29Z,False,100320.0,,250.83,250.77,,L,40,42,22905135799118,,regular,
400,COIN,250.7812,7477722,2026-01-06T20:53:28Z,False,100312.4800,,250.82,250.77,,L,2,52,22905135797638,,regular,
500,COIN,250.65,7476036,2026-01-06T20:53:26Z,False,125325.00,,250.7,250.61,,L,115,33,22905135795625,,regular,
600,COIN,250.65,7475536,2026-01-06T20:53:26Z,False,150390.00,,250.7,250.61,,L,115,33,22905135795620,,regular,
500,COIN,250.66,7473271,2026-01-06T20:53:24Z,False,125330.00,,250.67,250.61,,L,20,33,22905135793814,,regular,
600,COIN,250.62,7472037,2026-01-06T20:53:22Z,False,150372.00,,250.68,250.61,,L,240,20,22905135792566,,regular,
520,COIN,250.64,7470549,2026-01-06T20:53:22Z,False,130332.80,,250.68,250.61,,L,240,20,22905135791572,,regular,
600,COIN,250.67,7465718,2026-01-06T20:53:19Z,False,150402.00,,250.74,250.69,,L,10,10,22905135789197,,regular,
500,COIN,250.76,7461818,2026-01-06T20:53:17Z,False,125380.00,,250.79,250.69,,L,24,10,22905135786828,,regular,
600,COIN,250.77,7458483,2026-01-06T20:53:12Z,False,150462.00,,250.82,250.75,,L,343,15,22905135782063,,regular,
500,COIN,250.83,7455635,2026-01-06T20:53:05Z,False,125415.00,,250.82,250.74,,L,211,5,22905135774779,,regular,
600,COIN,250.825,7454281,2026-01-06T20:53:02Z,False,150495.000,,250.83,250.79,,L,17,72,22905135772001,,regular,
600,COIN,250.88,7440100,2026-01-06T20:52:20Z,False,150528.00,,250.98,250.94,,L,1,10,22905135729689,,regular,
1000,COIN,250.9899,7436168,2026-01-06T20:52:11Z,False,250989.9000,,250.99,250.91,,L,101,42,22905135720999,,regular,
500,COIN,251.01,7434379,2026-01-06T20:52:08Z,False,125505.00,,251,250.91,,L,25,50,22905135718268,,regular,
1500,COIN,250.8401,7430768,2026-01-06T20:52:02Z,False,376260.1500,,250.92,250.84,,L,73,23,22905135712015,,regular,
495,COIN,250.92,7427046,2026-01-06T20:52:00Z,False,124205.40,,250.92,250.87,,L,43,51,22905135709736,,regular,
500,COIN,250.895,7424815,2026-01-06T20:51:56Z,False,125447.500,,250.87,250.85,,L,10,1,22905135705654,,regular,
523,COIN,250.8,7422453,2026-01-06T20:51:49Z,False,131168.4,,250.83,250.79,,L,24,130,22905135698707,,regular,
500,COIN,250.745,7409130,2026-01-06T20:51:20Z,False,125372.500,,250.79,250.72,,L,15,10,22905135669912,,regular,
600,COIN,251.1978,7405952,2026-01-06T20:51:10Z,False,150718.6800,average_price_trade,250.72,250.62,,L,10,12,22905135659834,derivative_priced,regular,
680,COIN,250.7844,7405352,2026-01-06T20:51:10Z,False,170533.3920,average_price_trade,250.72,250.62,,L,10,12,22905135659814,derivative_priced,regular,
500,COIN,250.67,7404545,2026-01-06T20:51:09Z,False,125335.00,,250.72,250.61,,L,10,80,22905135658944,,regular,
577,COIN,250.6701,7403665,2026-01-06T20:51:07Z,False,144636.6477,,250.73,250.67,,L,10,12,22905135656842,,regular,
1160,COIN,251.0323,7393477,2026-01-06T20:50:39Z,False,291197.4680,average_price_trade,250.94,250.85,,L,135,12,22905135628711,derivative_priced,regular,
400,COIN,250.8069,7390020,2026-01-06T20:50:30Z,False,100322.7600,,250.88,250.8,,L,368,41,22905135620517,,regular,
480,COIN,250.83,7389485,2026-01-06T20:50:30Z,False,120398.40,,251.03,250.97,,L,23,120,22905135620222,,regular,
600,COIN,250.85,7387011,2026-01-06T20:50:30Z,False,150510.00,,251.03,250.97,,L,23,120,22905135619575,,regular,
500,COIN,251.0188,7382878,2026-01-06T20:50:19Z,False,125509.4000,,251.03,250.95,,L,131,2,22905135609146,,regular,
470,COIN,251.15,7377779,2026-01-06T20:49:58Z,False,118040.50,,251.24,251.09,,L,10,10,22905135588442,,regular,
500,COIN,251.292,7376585,2026-01-06T20:49:53Z,False,125646.000,,251.31,251.25,,L,11,24,22905135582834,,regular,
1080,COIN,251.2847,7372868,2026-01-06T20:49:37Z,False,271387.4760,average_price_trade,251.36,251.31,,L,1,124,22905135567432,derivative_priced,regular,
500,COIN,251.3316,7371647,2026-01-06T20:49:35Z,False,125665.8000,,251.35,251.31,,L,18,50,22905135564820,,regular,
511,COIN,251.38,7364337,2026-01-06T20:49:24Z,False,128455.18,,251.46,251.37,,L,22,100,22905135554370,,regular,
2900,COIN,251.45,7357897,2026-01-06T20:49:05Z,False,729205.00,,251.4,251.37,,L,198,48,22905135535175,,regular,
500,COIN,251.334,7352335,2026-01-06T20:48:54Z,False,125667.000,,251.37,251.31,,L,120,52,22905135523955,,regular,
900,COIN,251.2,7333773,2026-01-06T20:47:19Z,False,226080.0,,251.25,251.18,,L,40,6,22905135429212,,regular,
500,COIN,251.07,7331364,2026-01-06T20:47:17Z,False,125535.00,,251.19,251.07,,L,280,27,22905135427434,,regular,
500,COIN,250.95,7327882,2026-01-06T20:47:10Z,False,125475.00,,251.01,250.95,,L,40,82,22905135419877,,regular,
500,COIN,251.1828,7324918,2026-01-06T20:46:57Z,False,125591.4000,,251.23,251.15,,L,171,10,22905135407551,,regular,
1041,COIN,251.0125,7316227,2026-01-06T20:46:22Z,False,261304.0125,,251.09,251.01,,L,10,20,22905135372393,,regular,
500,COIN,251.16,7314406,2026-01-06T20:46:21Z,False,125580.00,,251.16,251.06,,L,50,9,22905135370929,,regular,
400,COIN,251.2335,7310478,2026-01-06T20:46:05Z,False,100493.4000,average_price_trade,251.27,251.11,,L,13,5,22905135355031,derivative_priced,regular,
1000,COIN,251.49,7303587,2026-01-06T20:45:50Z,False,251490.00,,251.49,251.39,,L,1005,40,22905135340056,,regular,
520,COIN,251.2093,7297772,2026-01-06T20:45:44Z,False,130628.8360,average_price_trade,251.43,251.33,,L,51,85,22905135333708,derivative_priced,regular,
2440,COIN,251.1604,7295747,2026-01-06T20:45:34Z,False,612831.3760,average_price_trade,251.38,251.25,,L,10,5,22905135324129,derivative_priced,regular,
400,COIN,251.16,7286894,2026-01-06T20:45:19Z,False,100464.00,,251.29,251.17,,L,26,10,22905135309511,,regular,
400,COIN,251.02,7276252,2026-01-06T20:45:04Z,False,100408.00,,251.03,251.01,,L,1,10,22905135294265,,regular,
400,COIN,251.03,7273652,2026-01-06T20:44:53Z,False,100412.00,,251.1,251.03,,L,10,7,22905135283375,,regular,
520,COIN,251.05,7269951,2026-01-06T20:44:30Z,False,130546.00,,251.08,251.04,,L,50,12,22905135260474,,regular,
400,COIN,251.255,7255846,2026-01-06T20:43:50Z,False,100502.000,,251.31,251.21,,L,28,10,22905135219801,,regular,
1000,COIN,251.1763,7254874,2026-01-06T20:43:49Z,False,251176.3000,average_price_trade,251.36,251.21,,L,50,10,22905135218633,derivative_priced,regular,
480,COIN,251.1765,7252198,2026-01-06T20:43:37Z,False,120564.7200,average_price_trade,251.39,251.27,,L,50,10,22905135207340,derivative_priced,regular,
400,COIN,251.1685,7239525,2026-01-06T20:42:44Z,False,100467.4000,,251.25,251.13,,L,200,10,22905135153967,,regular,
400,COIN,251.14,7238711,2026-01-06T20:42:37Z,False,100456.00,,251.25,251.13,,L,160,10,22905135147483,,regular,
400,COIN,251.2995,7229270,2026-01-06T20:42:04Z,False,100519.8000,,251.36,251.26,,L,197,324,22905135114445,,regular,
1000,COIN,251.25,7227655,2026-01-06T20:41:54Z,False,251250.00,,251.36,251.26,,L,157,10,22905135104506,,regular,
400,COIN,251.33,7224875,2026-01-06T20:41:40Z,False,100532.00,,251.33,251.23,,L,14,20,22905135090365,,regular,
520,COIN,251.0855,7222074,2026-01-06T20:41:38Z,False,130564.4600,average_price_trade,251.23,251.15,,L,90,10,22905135088008,derivative_priced,regular,
400,COIN,251.1912,7221023,2026-01-06T20:41:34Z,False,100476.4800,,251.23,251.14,,L,90,14,22905135083883,,regular,
1000,COIN,251.2499,7208688,2026-01-06T20:41:05Z,False,251249.9000,,251.3,251.2,,L,470,13,22905135055364,,regular,
10856,COIN,251.215,7204993,2026-01-06T20:41:02Z,False,2727190.040,,251.28,251.15,,L,10,80,22905135051986,,regular,
400,COIN,251.29,7192954,2026-01-06T20:40:55Z,False,100516.00,,251.29,251.24,,L,40,2,22905135044855,,regular,
500,COIN,251.3,7192552,2026-01-06T20:40:55Z,False,125650.0,,251.3,251.24,,L,350,2,22905135044626,,regular,
506,COIN,251.085,7178632,2026-01-06T20:40:45Z,False,127049.010,,251.15,251.04,,L,10,19,22905135034791,,regular,
400,COIN,251.04,7177926,2026-01-06T20:40:45Z,False,100416.00,,251.15,251.04,,L,10,19,22905135034775,,regular,
600,COIN,251.1599,7177515,2026-01-06T20:40:43Z,False,150695.9400,,251.15,251.04,,L,10,19,22905135033014,,regular,
1313,COIN,251.0407,7170860,2026-01-06T20:40:09Z,False,329616.4391,,251.16,251.08,,L,6,10,22905134998954,,regular,
720,COIN,250.87,7163021,2026-01-06T20:39:50Z,False,180626.40,,250.9,250.82,,L,40,23,22905134980512,,regular,
1270,COIN,250.87,7153516,2026-01-06T20:39:35Z,False,318604.90,,250.87,250.81,,L,144,6,22905134965508,,regular,
500,COIN,250.8741,7150718,2026-01-06T20:39:26Z,False,125437.0500,,250.9,250.84,,L,223,89,22905134956390,,regular,
400,COIN,251.3284,7148617,2026-01-06T20:39:26Z,False,100531.3600,average_price_trade,250.89,250.84,,L,481,89,22905134955710,derivative_priced,regular,
520,COIN,250.92,7140254,2026-01-06T20:39:13Z,False,130478.40,,251.01,250.95,,L,90,1,22905134942942,,regular,
500,COIN,250.9218,7139554,2026-01-06T20:39:13Z,False,125460.9000,,251.01,250.95,,L,90,1,22905134942941,,regular,
500,COIN,251.07,7138239,2026-01-06T20:39:13Z,False,125535.00,,251.11,251.03,,L,89,29,22905134942754,,regular,
1000,COIN,251.0801,7135415,2026-01-06T20:38:55Z,False,251080.1000,,251.18,251.08,,L,17,58,22905134925377,,regular,
1000,COIN,251.1399,7132635,2026-01-06T20:38:52Z,False,251139.9000,,251.14,251.08,,L,120,41,22905134921714,,regular,
500,COIN,251.17,7130325,2026-01-06T20:38:50Z,False,125585.00,,251.17,251.11,,L,27,6,22905134919845,,regular,
480,COIN,251.3288,7118155,2026-01-06T20:37:23Z,False,120637.8240,average_price_trade,251.28,251.23,,L,7,10,22905134833349,derivative_priced,regular,
1020,COIN,251.2501,7108784,2026-01-06T20:36:46Z,False,256275.1020,,251.4,251.25,,L,141,198,22905134796262,,regular,
1000,COIN,251.2801,7105405,2026-01-06T20:36:32Z,False,251280.1000,,251.4,251.28,,L,40,51,22905134782274,,regular,
500,COIN,251.306,7098191,2026-01-06T20:35:54Z,False,125653.000,,251.31,251.14,,L,30,10,22905134744257,,regular,
560,COIN,251.3346,7092712,2026-01-06T20:35:28Z,False,140747.3760,average_price_trade,251.33,251.22,,L,149,27,22905134718231,derivative_priced,regular,
500,COIN,251.33,7087884,2026-01-06T20:35:13Z,False,125665.00,,251.44,251.33,,L,27,80,22905134702827,,regular,
1500,COIN,251.27,7085149,2026-01-06T20:34:50Z,False,376905.00,,251.36,251.27,,L,1,53,22905134679858,,regular,
400,COIN,251.3647,7080271,2026-01-06T20:34:17Z,False,100545.8800,,251.42,251.25,,L,181,10,22905134646763,,regular,
720,COIN,251.3522,7074703,2026-01-06T20:33:46Z,False,180973.5840,,251.37,251.24,,L,14,102,22905134616194,,regular,
900,COIN,251.3,7073569,2026-01-06T20:33:42Z,False,226170.0,contingent_trade,251.37,251.24,,L,54,102,22905134612235,qualified_contingent_trade,regular,
480,COIN,251.4509,7071836,2026-01-06T20:33:32Z,False,120696.4320,average_price_trade,251.49,251.34,,L,161,10,22905134602451,derivative_priced,regular,
520,COIN,251.4945,7070895,2026-01-06T20:33:28Z,False,130777.1400,average_price_trade,251.49,251.38,,L,124,26,22905134597893,derivative_priced,regular,
560,COIN,251.4289,7069162,2026-01-06T20:33:20Z,False,140800.1840,average_price_trade,251.49,251.34,,L,78,10,22905134590250,derivative_priced,regular,
1000,COIN,251.5,7068601,2026-01-06T20:33:20Z,False,251500.0,,251.5,251.34,,L,39,10,22905134589871,,regular,
500,COIN,251.4325,7066507,2026-01-06T20:33:16Z,False,125716.2500,,251.42,251.24,,L,10,12,22905134586197,,regular,
484,COIN,251.5,7054365,2026-01-06T20:32:48Z,False,121726.0,,251.56,251.44,,L,82,140,22905134557789,,regular,
500,COIN,251.454,7052851,2026-01-06T20:32:42Z,False,125727.000,,251.57,251.44,,L,723,150,22905134551583,,regular,
600,COIN,251.5875,7049899,2026-01-06T20:32:30Z,False,150952.5000,average_price_trade,251.57,251.51,,L,1000,4,22905134540249,derivative_priced,regular,
880,COIN,251.6101,7047526,2026-01-06T20:32:08Z,False,221416.8880,,251.66,251.51,,L,24,90,22905134517616,,regular,
400,COIN,251.425,7030560,2026-01-06T20:31:15Z,False,100570.000,,251.49,251.4,,L,25,17,22905134465057,,regular,
600,COIN,251.42,7028555,2026-01-06T20:31:04Z,False,150852.00,,251.5,251.41,,2,99,45,22905134453658,,regular,
400,COIN,251.41,7027955,2026-01-06T20:31:04Z,False,100564.00,,251.5,251.41,,L,99,45,22905134453651,,regular,
500,COIN,251.43,7026771,2026-01-06T20:30:59Z,False,125715.00,,251.49,251.36,,L,2,130,22905134448649,,regular,
600,COIN,251.12,7018525,2026-01-06T20:30:45Z,False,150672.00,,251.29,251.2,,L,1,40,22905134434811,,regular,
1682,COIN,251.1,7014734,2026-01-06T20:30:27Z,False,422350.2,,251.28,251.17,,L,10,25,22905134417452,,regular,
420,COIN,251.3535,7011431,2026-01-06T20:30:22Z,False,105568.4700,,251.42,251.3,,L,40,213,22905134411871,,regular,
1000,COIN,251.19,7009137,2026-01-06T20:30:11Z,False,251190.00,,251.34,251.17,,L,10,25,22905134401264,,regular,
500,COIN,251.2532,7002573,2026-01-06T20:30:04Z,False,125626.6000,,251.34,251.19,,L,10,3,22905134393682,,regular,
750,COIN,251.5172,6995752,2026-01-06T20:29:25Z,False,188637.9000,,251.52,251.42,,L,12,13,22905134355305,,regular,
400,COIN,251.52,6994447,2026-01-06T20:29:23Z,False,100608.00,,251.52,251.42,,L,12,13,22905134352580,,regular,
1240,COIN,251.4107,6993568,2026-01-06T20:29:17Z,False,311749.2680,average_price_trade,251.52,251.42,,L,12,3,22905134346974,derivative_priced,regular,
400,COIN,251.53,6991302,2026-01-06T20:29:07Z,False,100612.00,,251.59,251.48,,L,107,15,22905134337501,,regular,
600,COIN,251.5653,6990899,2026-01-06T20:29:06Z,False,150939.1800,,251.59,251.46,,L,107,30,22905134335989,,regular,
1000,COIN,251.57,6988417,2026-01-06T20:28:56Z,False,251570.00,,251.56,251.42,,L,10,3,22905134325662,,regular,
1000,COIN,251.4501,6987349,2026-01-06T20:28:52Z,False,251450.1000,,251.56,251.42,,L,10,3,22905134322506,,regular,
500,COIN,251.52,6985584,2026-01-06T20:28:43Z,False,125760.00,,251.58,251.52,,L,10,44,22905134313461,,regular,
700,COIN,251.585,6985046,2026-01-06T20:28:40Z,False,176109.500,,251.62,251.52,,L,10,160,22905134310565,,regular,
500,COIN,251.585,6984338,2026-01-06T20:28:38Z,False,125792.500,,251.62,251.52,,L,10,40,22905134307726,,regular,
480,COIN,251.589,6981508,2026-01-06T20:28:07Z,False,120762.720,,251.6,251.51,,L,20,40,22905134276571,,regular,
400,COIN,251.245,6972572,2026-01-06T20:27:22Z,False,100498.000,,251.29,251.16,,L,328,29,22905134231822,,regular,
440,COIN,251.225,6972138,2026-01-06T20:27:20Z,False,110539.000,,251.29,251.16,,L,328,29,22905134229861,,regular,
400,COIN,251.2043,6971538,2026-01-06T20:27:19Z,False,100481.7200,,251.29,251.16,,L,128,16,22905134229347,,regular,
400,COIN,251.2,6968326,2026-01-06T20:27:06Z,False,100480.0,,251.29,251.2,,L,10,500,22905134215715,,regular,
500,COIN,251.3,6965672,2026-01-06T20:26:46Z,False,125650.0,,251.3,251.17,,L,166,80,22905134196456,,regular,
600,COIN,251.225,6964033,2026-01-06T20:26:43Z,False,150735.000,,251.26,251.18,,L,209,6,22905134193050,,regular,
500,COIN,251.3924,6955961,2026-01-06T20:26:11Z,False,125696.2000,,251.47,251.3,,L,10,35,22905134160590,,regular,
10000,COIN,251.64,6945427,2026-01-06T20:25:46Z,False,2516400.00,,251.72,251.56,,L,292,40,22905134136423,,regular,
759,COIN,251.6499,6934727,2026-01-06T20:25:37Z,False,191002.2741,,251.69,251.56,,L,8,50,22905134127271,,regular,
400,COIN,251.5917,6930171,2026-01-06T20:25:26Z,False,100636.6800,,251.69,251.58,,2,27,19,22905134116355,,regular,
720,COIN,251.55,6926643,2026-01-06T20:25:14Z,False,181116.00,,251.64,251.5,,L,84,2,22905134104054,,regular,
400,COIN,251.53,6923520,2026-01-06T20:25:03Z,False,100612.00,,251.59,251.44,,L,17,40,22905134093493,,regular,
780,COIN,251.46,6907745,2026-01-06T20:23:20Z,False,196138.80,,251.51,251.41,,L,50,58,22905133990191,,regular,
719,COIN,251.5,6906106,2026-01-06T20:23:17Z,False,180828.5,,251.51,251.41,,L,10,10,22905133987164,,regular,
400,COIN,251.49,6902583,2026-01-06T20:23:06Z,False,100596.00,,251.5,251.33,,L,241,10,22905133975882,,regular,
800,COIN,251.449,6900181,2026-01-06T20:22:58Z,False,201159.200,,251.5,251.37,,L,40,10,22905133968017,,regular,
560,COIN,251.1178,6898669,2026-01-06T20:22:54Z,False,140625.9680,average_price_trade,251.43,251.24,,L,40,40,22905133964118,derivative_priced,regular,
500,COIN,251.4626,6896596,2026-01-06T20:22:51Z,False,125731.3000,,251.51,251.4,,L,120,10,22905133961230,,regular,
400,COIN,251.415,6894800,2026-01-06T20:22:45Z,False,100566.000,,251.48,251.36,,L,50,10,22905133954967,,regular,
500,COIN,251.1175,6890683,2026-01-06T20:22:26Z,False,125558.7500,,251.17,251.04,,L,10,78,22905133935968,,regular,
11840,COIN,251.235,6883166,2026-01-06T20:21:56Z,False,2974622.400,,251.26,251.13,,L,207,4,22905133906312,,regular,
500,COIN,251.231,6870739,2026-01-06T20:21:53Z,False,125615.500,,251.29,251.13,,L,10,4,22905133902991,,regular,
693,COIN,251.315,6861940,2026-01-06T20:21:09Z,False,174161.295,,251.38,251.26,,L,145,15,22905133859207,,regular,
600,COIN,251.28,6856076,2026-01-06T20:20:49Z,False,150768.00,,251.34,251.1,,L,487,165,22905133838703,,regular,
800,COIN,251.31,6855209,2026-01-06T20:20:46Z,False,201048.00,,251.34,251.16,,L,40,80,22905133835791,,regular,
566,COIN,251.365,6852482,2026-01-06T20:20:40Z,False,142272.590,,251.41,251.3,,L,10,200,22905133830059,,regular,
835,COIN,251.6106,6849676,2026-01-06T20:20:23Z,False,210094.8510,,251.68,251.56,,L,70,10,22905133812858,,regular,
400,COIN,251.62,6847579,2026-01-06T20:20:16Z,False,100648.00,,251.66,251.58,,L,49,13,22905133806490,,regular,
1050,COIN,251.5,6845357,2026-01-06T20:20:10Z,False,264075.0,,251.56,251.47,,L,18,18,22905133800186,,regular,
520,COIN,250.9808,6831248,2026-01-06T20:19:16Z,False,130510.0160,average_price_trade,251.41,251.27,,L,10,10,22905133746012,derivative_priced,regular,
553,COIN,251.4199,6829320,2026-01-06T20:19:06Z,False,139035.2047,,251.41,251.27,,L,10,10,22905133736072,,regular,
405,COIN,251.22,6822404,2026-01-06T20:18:39Z,False,101744.10,,251.22,251.15,,L,300,3,22905133709184,,regular,
500,COIN,251.21,6818878,2026-01-06T20:18:22Z,False,125605.00,,251.26,251.18,,L,1,10,22905133691729,,regular,
600,COIN,251.26,6818187,2026-01-06T20:18:17Z,False,150756.00,,251.26,251.18,,L,1,10,22905133686827,,regular,
742,COIN,251.1584,6812506,2026-01-06T20:17:36Z,False,186359.5328,,251.16,251.07,,L,49,40,22905133646023,,regular,
500,COIN,251.1542,6810633,2026-01-06T20:17:29Z,False,125577.1000,,251.14,251.08,,L,4,1,22905133639564,,regular,
700,COIN,250.8546,6800996,2026-01-06T20:16:17Z,False,175598.2200,,250.89,250.8,,L,10,13,22905133566871,,regular,
420,COIN,250.555,6794635,2026-01-06T20:15:56Z,False,105233.100,,250.63,250.48,,L,116,159,22905133545831,,regular,
675,COIN,250.48,6794215,2026-01-06T20:15:55Z,False,169074.00,,250.63,250.48,,L,116,79,22905133544856,,regular,
500,COIN,250.5,6793369,2026-01-06T20:15:43Z,False,125250.0,,250.63,250.45,,L,146,40,22905133533231,,regular,
400,COIN,250.7567,6788024,2026-01-06T20:15:15Z,False,100302.6800,average_price_trade,250.88,250.79,,L,39,43,22905133505448,derivative_priced,regular,
708,COIN,250.81,6782371,2026-01-06T20:14:33Z,False,177573.48,,250.84,250.7,,L,58,10,22905133463522,,regular,
500,COIN,250.66,6775305,2026-01-06T20:14:14Z,False,125330.00,,250.72,250.63,,L,114,10,22905133444051,,regular,
500,COIN,250.73,6767221,2026-01-06T20:13:03Z,False,125365.00,,250.73,250.67,,L,148,200,22905133372747,,regular,
700,COIN,250.646,6765056,2026-01-06T20:12:46Z,False,175452.200,,250.69,250.6,,L,132,11,22905133355812,,regular,
1065,COIN,250.6401,6762925,2026-01-06T20:12:38Z,False,266931.7065,,250.76,250.64,,L,126,20,22905133347834,,regular,
800,COIN,250.7099,6754092,2026-01-06T20:11:53Z,False,200567.9200,,250.71,250.58,,L,11,311,22905133302722,,regular,
500,COIN,250.7,6750358,2026-01-06T20:11:18Z,False,125350.0,,250.72,250.59,,L,40,80,22905133267982,,regular,
760,COIN,250.465,6745424,2026-01-06T20:11:05Z,False,190353.400,,250.52,250.39,,L,40,1600,22905133255214,,regular,
650,COIN,250.3746,6742441,2026-01-06T20:11:02Z,False,162743.4900,,250.46,250.31,,L,57,60,22905133251684,,regular,
400,COIN,250.9805,6734177,2026-01-06T20:10:53Z,False,100392.2000,average_price_trade,250.4,250.31,,L,74,6,22905133243418,derivative_priced,regular,
500,COIN,250.39,6732190,2026-01-06T20:10:44Z,False,125195.00,,250.41,250.33,,L,1,2,22905133234165,,regular,
500,COIN,250.7,6730025,2026-01-06T20:10:30Z,False,125350.0,,250.8,250.7,,L,85,4,22905133219753,,regular,
608,COIN,250.8,6727507,2026-01-06T20:10:07Z,False,152486.4,,250.92,250.8,,L,38,10,22905133197517,,regular,
500,COIN,250.695,6722475,2026-01-06T20:09:58Z,False,125347.500,,250.74,250.68,,L,553,1,22905133188411,,regular,
1000,COIN,250.8299,6719732,2026-01-06T20:09:58Z,False,250829.9000,,250.74,250.68,,L,55,1,22905133187955,,regular,
399,COIN,250.79,6716342,2026-01-06T20:09:53Z,False,100065.21,,250.83,250.73,,L,143,6,22905133183433,,regular,
600,COIN,251.25,6701427,2026-01-06T20:09:12Z,False,150750.00,,251.25,251.12,,L,39,10,22905133142058,,regular,
500,COIN,251.185,6699670,2026-01-06T20:09:05Z,False,125592.500,,251.25,251.12,,L,39,10,22905133135349,,regular,
760,COIN,251.2599,6695766,2026-01-06T20:08:53Z,False,190957.5240,,251.25,251.1,,L,81,55,22905133123043,,regular,
680,COIN,251.1434,6693995,2026-01-06T20:08:47Z,False,170777.5120,average_price_trade,251.26,251.11,,L,185,18,22905133116836,derivative_priced,regular,
820,COIN,251.1699,6687621,2026-01-06T20:08:34Z,False,205959.3180,,251.17,251.05,,L,40,28,22905133103964,,regular,
1520,COIN,251.1699,6686801,2026-01-06T20:08:34Z,False,381778.2480,,251.17,251.05,,L,40,28,22905133103962,,regular,
2500,COIN,251.1699,6685072,2026-01-06T20:08:34Z,False,627924.7500,,251.17,251.05,,L,40,28,22905133103877,,regular,
600,COIN,251.12,6681173,2026-01-06T20:08:25Z,False,150672.00,,251.19,251.05,,L,80,13,22905133095291,,regular,
500,COIN,251.0572,6676916,2026-01-06T20:08:06Z,False,125528.6000,,251.11,251,,L,37,1,22905133076223,,regular,
760,COIN,251,6675198,2026-01-06T20:08:00Z,False,190760,,251.11,250.99,,L,111,13,22905133070409,,regular,
500,COIN,251.2,6670750,2026-01-06T20:07:51Z,False,125600.0,,251.28,251.12,,L,41,270,22905133060621,,regular,
720,COIN,251.25,6670198,2026-01-06T20:07:50Z,False,180900.00,,251.29,251.12,,L,40,10,22905133059731,,regular,
400,COIN,251.25,6667806,2026-01-06T20:07:41Z,False,100500.00,,251.25,251.1,,L,16,35,22905133051360,,regular,
400,COIN,251.16,6666660,2026-01-06T20:07:39Z,False,100464.00,,251.31,251.1,,L,50,355,22905133049226,,regular,
500,COIN,251.325,6664978,2026-01-06T20:07:37Z,False,125662.500,,251.33,251.28,,L,27,200,22905133047250,,regular,
400,COIN,251.335,6664183,2026-01-06T20:07:37Z,False,100534.000,,251.33,251.28,,L,27,200,22905133046972,,regular,
680,COIN,250.9484,6661735,2026-01-06T20:07:29Z,False,170644.9120,average_price_trade,251.2,251.08,,L,15,55,22905133039404,derivative_priced,regular,
1000,COIN,250.8199,6636053,2026-01-06T20:07:03Z,False,250819.9000,,250.82,250.75,,L,50,10,22905133012736,,regular,
600,COIN,250.7728,6631084,2026-01-06T20:06:45Z,False,150463.6800,,250.83,250.72,,L,10,192,22905132995397,,regular,
1000,COIN,250.83,6630315,2026-01-06T20:06:45Z,False,250830.00,,250.83,250.72,,L,10,192,22905132994614,,regular,
1000,COIN,250.7201,6629146,2026-01-06T20:06:43Z,False,250720.1000,,250.83,250.72,,L,10,96,22905132993390,,regular,
400,COIN,250.7688,6626972,2026-01-06T20:06:30Z,False,100307.5200,,250.82,250.73,,L,10,3,22905132980300,,regular,
680,COIN,250.6651,6624372,2026-01-06T20:06:18Z,False,170452.2680,average_price_trade,250.84,250.75,,L,125,74,22905132967673,derivative_priced,regular,
400,COIN,250.73,6619555,2026-01-06T20:06:04Z,False,100292.00,,250.8,250.73,,L,7,40,22905132954402,,regular,
400,COIN,250.7612,6618486,2026-01-06T20:06:00Z,False,100304.4800,,250.77,250.72,,L,1,10,22905132949628,,regular,
1000,COIN,250.6,6616942,2026-01-06T20:05:50Z,False,250600.0,,250.68,250.53,,L,130,79,22905132940554,,regular,
1080,COIN,250.5535,6613243,2026-01-06T20:05:38Z,False,270597.7800,,250.61,250.54,,L,170,10,22905132927929,,regular,
840,COIN,250.634,6609114,2026-01-06T20:05:31Z,False,210532.560,,250.67,250.63,,L,38,428,22905132921539,,regular,
600,COIN,250.65,6609724,2026-01-06T20:05:31Z,False,150390.00,,250.67,250.63,,2,38,428,22905132921539,,regular,
420,COIN,250.53,6603829,2026-01-06T20:05:15Z,False,105222.60,,250.6,250.5,,L,51,10,22905132905447,,regular,
631,COIN,250.54,6602276,2026-01-06T20:05:13Z,False,158090.74,,250.54,250.45,,L,108,10,22905132903363,,regular,
680,COIN,250.4891,6600365,2026-01-06T20:05:06Z,False,170332.5880,average_price_trade,250.49,250.44,,L,80,8,22905132896360,derivative_priced,regular,
880,COIN,250.5599,6598609,2026-01-06T20:05:03Z,False,220492.7120,,250.53,250.46,,L,10,40,22905132893279,,regular,
1080,COIN,250.5399,6593872,2026-01-06T20:04:48Z,False,270583.0920,,250.51,250.48,,L,2,12,22905132877999,,regular,
499,COIN,250.48,6592318,2026-01-06T20:04:44Z,False,124989.52,,250.51,250.48,,L,2,12,22905132874167,,regular,
500,COIN,250.4,6584595,2026-01-06T20:04:13Z,False,125200.0,,250.44,250.39,,L,307,7,22905132843480,,regular,
680,COIN,250.393,6578164,2026-01-06T20:04:00Z,False,170267.240,average_price_trade,250.47,250.31,,L,40,10,22905132830367,derivative_priced,regular,
1000,COIN,250.4101,6576800,2026-01-06T20:03:53Z,False,250410.1000,,250.46,250.39,,L,2,10,22905132823007,,regular,
500,COIN,250.27,6560503,2026-01-06T20:02:49Z,False,125135.00,,250.33,250.21,,L,96,126,22905132758644,,regular,
680,COIN,250.2328,6559671,2026-01-06T20:02:46Z,False,170158.3040,average_price_trade,250.27,250.21,,L,27,26,22905132756348,derivative_priced,regular,
400,COIN,250.2701,6556332,2026-01-06T20:02:37Z,False,100108.0400,,250.37,250.27,,L,12,40,22905132747288,,regular,
400,COIN,250.265,6553531,2026-01-06T20:02:34Z,False,100106.000,,250.3,250.21,,L,6,224,22905132744355,,regular,
400,COIN,250.32,6553931,2026-01-06T20:02:34Z,False,100128.00,,250.3,250.21,,L,6,224,22905132744355,,regular,
500,COIN,250.29,6551564,2026-01-06T20:02:22Z,False,125145.00,,250.31,250.18,,L,10,176,22905132731974,,regular,
1000,COIN,250.3399,6548752,2026-01-06T20:02:14Z,False,250339.9000,,250.34,250.24,,L,98,14,22905132724319,,regular,
500,COIN,250.11,6545056,2026-01-06T20:01:59Z,False,125055.00,,250.17,250.09,,L,8,10,22905132709353,,regular,
500,COIN,250.09,6544206,2026-01-06T20:01:55Z,False,125045.00,,250.16,250.08,,L,27,90,22905132705465,,regular,
640,COIN,249.9617,6537197,2026-01-06T20:01:31Z,False,159975.4880,average_price_trade,250,249.95,,L,45,1,22905132680880,derivative_priced,regular,
500,COIN,249.9326,6529244,2026-01-06T20:01:06Z,False,124966.3000,,249.98,249.87,,L,40,80,22905132656477,,regular,
560,COIN,249.8059,6516540,2026-01-06T20:00:20Z,False,139891.3040,average_price_trade,249.93,249.85,,L,113,210,22905132610162,derivative_priced,regular,
500,COIN,249.5974,6499586,2026-01-06T19:59:03Z,False,124798.7000,,249.66,249.56,,L,16,10,22905132532869,,regular,
560,COIN,249.6152,6499086,2026-01-06T19:59:02Z,False,139784.5120,average_price_trade,249.66,249.56,,L,16,10,22905132532410,derivative_priced,regular,
1985,COIN,249.61,6494719,2026-01-06T19:58:39Z,False,495475.85,,249.7,249.61,,L,60,57,22905132508915,,regular,
600,COIN,249.6401,6488115,2026-01-06T19:57:57Z,False,149784.0600,,249.76,249.64,,L,107,40,22905132466791,,regular,
500,COIN,249.7217,6487107,2026-01-06T19:57:56Z,False,124860.8500,,249.76,249.63,,L,180,10,22905132465953,,regular,
520,COIN,249.5842,6483112,2026-01-06T19:57:42Z,False,129783.7840,average_price_trade,249.62,249.54,,L,66,16,22905132452379,derivative_priced,regular,
860,COIN,249.5301,6480180,2026-01-06T19:57:24Z,False,214595.8860,,249.62,249.54,,L,77,17,22905132434182,,regular,
4880,COIN,249.5301,6479320,2026-01-06T19:57:24Z,False,1217706.8880,,249.62,249.54,,L,77,17,22905132434180,,regular,
500,COIN,249.645,6469038,2026-01-06T19:56:51Z,False,124822.500,,249.71,249.59,,L,107,10,22905132401518,,regular,
999,COIN,249.6,6466625,2026-01-06T19:56:47Z,False,249350.4,,249.64,249.52,,L,351,10,22905132397302,,regular,
520,COIN,249.3406,6455001,2026-01-06T19:56:27Z,False,129657.1120,average_price_trade,249.69,249.57,,L,40,120,22905132377465,derivative_priced,regular,
2613,COIN,249.46,6447672,2026-01-06T19:56:27Z,False,651838.98,,249.58,249.46,,L,40,130,22905132376582,,regular,
1374,COIN,249.46,6449046,2026-01-06T19:56:27Z,False,342758.04,,249.58,249.46,,L,40,130,22905132376582,,regular,
500,COIN,249.5,6440346,2026-01-06T19:56:27Z,False,124750.0,,249.58,249.46,,L,40,130,22905132376581,,regular,
480,COIN,249.4598,6435397,2026-01-06T19:56:27Z,False,119740.7040,,249.4,249.31,,L,9,80,22905132376572,,regular,
1533,COIN,249.4598,6434917,2026-01-06T19:56:27Z,False,382421.8734,,249.4,249.31,,L,9,80,22905132376568,,regular,
500,COIN,249.1111,6427298,2026-01-06T19:56:16Z,False,124555.5500,,249.14,249.05,,L,10,40,22905132365670,,regular,
500,COIN,249.04,6426777,2026-01-06T19:56:15Z,False,124520.00,,249.14,249.03,,L,10,40,22905132364983,,regular,
500,COIN,249.015,6424584,2026-01-06T19:56:04Z,False,124507.500,,249.07,248.96,,L,10,2,22905132354542,,regular,
450,COIN,248.98,6423204,2026-01-06T19:55:59Z,False,112041.00,,249.05,248.92,,L,26,1,22905132349152,,regular,
500,COIN,249.08,6419486,2026-01-06T19:55:45Z,False,124540.00,,249.08,249,,L,12,4,22905132334594,,regular,
420,COIN,249.0437,6418724,2026-01-06T19:55:36Z,False,104598.3540,,249.08,249,,L,132,1,22905132325994,,regular,
1000,COIN,249.1499,6417842,2026-01-06T19:55:34Z,False,249149.9000,,249.14,249.03,,L,10,40,22905132324298,,regular,
520,COIN,249.0675,6412345,2026-01-06T19:55:15Z,False,129515.1000,average_price_trade,249.23,249.12,,L,405,10,22905132304859,derivative_priced,regular,
560,COIN,249.17,6410916,2026-01-06T19:55:14Z,False,139535.20,,249.23,249.12,,L,405,10,22905132304230,,regular,
500,COIN,249.01,6405105,2026-01-06T19:55:00Z,False,124505.00,,249.06,248.97,,L,7,6,22905132289680,,regular,
500,COIN,249.06,6403988,2026-01-06T19:54:53Z,False,124530.00,,249.06,248.97,,L,7,16,22905132282906,,regular,
776,COIN,249.06,6403378,2026-01-06T19:54:51Z,False,193270.56,,249.06,248.97,,L,7,16,22905132280824,,regular,
500,COIN,248.97,6402164,2026-01-06T19:54:47Z,False,124485.00,,249.06,248.97,,L,7,16,22905132277021,,regular,
957,COIN,248.91,6399537,2026-01-06T19:54:46Z,False,238206.87,,249.06,248.97,,L,302,6,22905132276067,,regular,
480,COIN,248.98,6398466,2026-01-06T19:54:45Z,False,119510.40,,249.06,248.97,,L,302,6,22905132275493,,regular,
1000,COIN,249.0599,6397467,2026-01-06T19:54:39Z,False,249059.9000,,249.06,248.97,,L,40,6,22905132268732,,regular,
500,COIN,249,6395408,2026-01-06T19:54:29Z,False,124500,,249,248.97,,L,33,6,22905132258978,,regular,
500,COIN,249.18,6393329,2026-01-06T19:54:18Z,False,124590.00,,249.19,249.06,,L,49,7,22905132248148,,regular,
500,COIN,249.1377,6392363,2026-01-06T19:54:17Z,False,124568.8500,,249.22,249.07,,L,118,10,22905132247401,,regular,
520,COIN,249.2183,6390853,2026-01-06T19:54:08Z,False,129593.5160,average_price_trade,249.22,249.06,,L,16,7,22905132238559,derivative_priced,regular,
500,COIN,249.1,6390134,2026-01-06T19:54:07Z,False,124550.0,,249.22,249.06,,L,16,17,22905132236691,,regular,
500,COIN,249.3,6373130,2026-01-06T19:53:01Z,False,124650.0,,249.35,249.27,,L,230,17,22905132170915,,regular,
520,COIN,249.3544,6371092,2026-01-06T19:52:50Z,False,129664.2880,average_price_trade,249.4,249.3,,L,20,90,22905132160351,derivative_priced,regular,
500,COIN,249.3301,6369878,2026-01-06T19:52:49Z,False,124665.0500,,249.4,249.3,,L,20,80,22905132159027,,regular,
500,COIN,249.3945,6361572,2026-01-06T19:52:00Z,False,124697.2500,,249.4,249.36,,L,3,40,22905132110367,,regular,
450,COIN,249.4,6360332,2026-01-06T19:51:57Z,False,112230.0,,249.4,249.36,,L,6,40,22905132107308,,regular,
2108,COIN,249.4,6357515,2026-01-06T19:51:50Z,False,525735.2,,249.34,249.22,,L,19,90,22905132100222,,regular,
429,COIN,249.3498,6351217,2026-01-06T19:51:22Z,False,106971.0642,,249.35,249.27,,L,35,20,22905132071673,,regular,
720,COIN,249.2,6349338,2026-01-06T19:51:20Z,False,179424.0,,249.26,249.16,,L,80,10,22905132070153,,regular,
500,COIN,249.055,6344386,2026-01-06T19:51:11Z,False,124527.500,,249.11,249,,L,10,90,22905132061532,,regular,
500,COIN,249,6340216,2026-01-06T19:50:56Z,False,124500,,249,248.91,,L,14,10,22905132046347,,regular,
500,COIN,248.895,6338800,2026-01-06T19:50:43Z,False,124447.500,,249.01,248.86,,L,35,10,22905132032862,,regular,
500,COIN,248.95,6337649,2026-01-06T19:50:34Z,False,124475.00,,249.02,248.88,,L,70,120,22905132024203,,regular,
500,COIN,249.0231,6336070,2026-01-06T19:50:26Z,False,124511.5500,,249.08,248.98,,L,15,77,22905132016364,,regular,
500,COIN,249.08,6334966,2026-01-06T19:50:17Z,False,124540.00,,249.11,248.98,,L,10,70,22905132006898,,regular,
840,COIN,249.085,6331350,2026-01-06T19:49:45Z,False,209231.400,,249.1,248.95,,L,90,40,22905131975201,,regular,
440,COIN,249,6327726,2026-01-06T19:49:27Z,False,109560,,249.05,248.96,,L,206,25,22905131956865,,regular,
500,COIN,248.89,6325866,2026-01-06T19:49:12Z,False,124445.00,,249,248.89,,L,255,105,22905131942381,,regular,
560,COIN,248.88,6322492,2026-01-06T19:49:01Z,False,139372.80,,248.9,248.76,,L,20,85,22905131930984,,regular,
500,COIN,248.8119,6321221,2026-01-06T19:48:55Z,False,124405.9500,,248.95,248.76,,L,250,110,22905131924874,,regular,
1665,COIN,248.8201,6319039,2026-01-06T19:48:49Z,False,414285.4665,,248.9,248.82,,L,52,40,22905131919405,,regular,
982,COIN,248.88,6316578,2026-01-06T19:48:49Z,False,244400.16,,249,248.88,,L,256,18,22905131919391,,regular,
500,COIN,249.0389,6313243,2026-01-06T19:48:19Z,False,124519.4500,,249.07,248.97,,L,201,69,22905131888677,,regular,
500,COIN,249.02,6310015,2026-01-06T19:47:42Z,False,124510.00,,249.02,248.94,,L,4,12,22905131852472,,regular,
1000,COIN,248.9816,6307362,2026-01-06T19:47:17Z,False,248981.6000,,249.02,248.89,,L,120,10,22905131827072,,regular,
1000,COIN,248.89,6297617,2026-01-06T19:46:18Z,False,248890.00,,248.93,248.81,,L,189,2,22905131767730,,regular,
700,COIN,248.8116,6295334,2026-01-06T19:46:13Z,False,174168.1200,,248.89,248.75,,L,40,25,22905131762994,,regular,
559,COIN,248.9,6291976,2026-01-06T19:45:51Z,False,139135.1,,248.9,248.8,,L,55,80,22905131741393,,regular,
450,COIN,248.73,6289289,2026-01-06T19:45:43Z,False,111928.50,,248.81,248.73,,L,16,40,22905131733239,,regular,
450,COIN,248.74,6284680,2026-01-06T19:45:20Z,False,111933.00,,248.81,248.74,,L,215,10,22905131709636,,regular,
450,COIN,248.69,6283553,2026-01-06T19:45:08Z,False,111910.50,,248.84,248.65,,L,120,20,22905131697946,,regular,
450,COIN,248.7393,6276482,2026-01-06T19:44:01Z,False,111932.6850,,248.83,248.68,,L,59,330,22905131631296,,regular,
500,COIN,248.525,6271335,2026-01-06T19:43:31Z,False,124262.500,,248.7,248.5,,L,148,2,22905131601552,,regular,
450,COIN,248.54,6270831,2026-01-06T19:43:31Z,False,111843.00,,248.7,248.5,,L,148,16,22905131601344,,regular,
450,COIN,248.605,6268997,2026-01-06T19:43:17Z,False,111872.250,,248.76,248.53,,L,10,9,22905131587483,,regular,
450,COIN,248.8883,6267111,2026-01-06T19:43:10Z,False,111999.7350,,248.93,248.84,,L,1,1,22905131579629,,regular,
450,COIN,248.905,6265802,2026-01-06T19:43:01Z,False,112007.250,,248.93,248.88,,L,1,16,22905131570728,,regular,
450,COIN,248.7832,6264083,2026-01-06T19:42:50Z,False,111952.4400,,248.86,248.75,,L,10,1,22905131559779,,regular,
450,COIN,248.78,6261900,2026-01-06T19:42:30Z,False,111951.00,,248.88,248.78,,L,109,10,22905131540276,,regular,
1000,COIN,248.85,6260371,2026-01-06T19:42:21Z,False,248850.00,,248.85,248.72,,L,80,10,22905131531239,,regular,
450,COIN,248.745,6258939,2026-01-06T19:42:15Z,False,111935.250,,248.85,248.71,,2,160,80,22905131525285,,regular,
450,COIN,248.7201,6257143,2026-01-06T19:42:05Z,False,111924.0450,,248.85,248.72,,L,160,40,22905131515286,,regular,
500,COIN,248.7188,6253572,2026-01-06T19:41:40Z,False,124359.4000,,248.81,248.68,,L,20,50,22905131489736,,regular,
1000,COIN,248.79,6250505,2026-01-06T19:41:22Z,False,248790.00,,248.81,248.71,,L,20,40,22905131471965,,regular,
450,COIN,248.7765,6249321,2026-01-06T19:41:20Z,False,111949.4250,,248.81,248.73,,L,20,1,22905131469861,,regular,
450,COIN,248.6,6243945,2026-01-06T19:40:59Z,False,111870.0,,248.61,248.54,,L,22,80,22905131449539,,regular,
500,COIN,248.5,6242644,2026-01-06T19:40:54Z,False,124250.0,,248.5,248.45,,L,62,12,22905131443575,,regular,
1065,COIN,248.39,6240114,2026-01-06T19:40:38Z,False,264535.35,,248.45,248.39,,L,98,26,22905131428276,,regular,
450,COIN,248.39,6238945,2026-01-06T19:40:37Z,False,111775.50,,248.45,248.39,,L,98,26,22905131426889,,regular,
450,COIN,248.2,6234410,2026-01-06T19:40:08Z,False,111690.0,,248.29,248.18,,L,64,26,22905131398323,,regular,
450,COIN,248.24,6232151,2026-01-06T19:39:50Z,False,111708.00,,248.25,248.17,,L,120,26,22905131379978,,regular,
420,COIN,248.16,6225737,2026-01-06T19:39:10Z,False,104227.20,,248.21,248.16,,L,41,2,22905131339656,,regular,
500,COIN,248.1905,6224469,2026-01-06T19:39:02Z,False,124095.2500,,248.21,248.15,,L,10,40,22905131331733,,regular,
450,COIN,248.11,6221011,2026-01-06T19:38:47Z,False,111649.50,,248.16,248.06,,L,313,123,22905131316603,,regular,
880,COIN,248.3001,6214068,2026-01-06T19:37:34Z,False,218504.0880,,248.4,248.27,,L,50,80,22905131244235,,regular,
500,COIN,248.72,6200095,2026-01-06T19:36:31Z,False,124360.00,,248.72,248.62,,L,82,40,22905131180955,,regular,
500,COIN,249,6191959,2026-01-06T19:35:05Z,False,124500,,249.04,248.97,,L,50,210,22905131094718,,regular,
480,COIN,248.96,6189580,2026-01-06T19:34:53Z,False,119500.80,,248.96,248.89,,L,27,15,22905131083422,,regular,
1016,COIN,248.8899,6187316,2026-01-06T19:34:48Z,False,252872.1384,,248.85,248.79,,L,10,244,22905131078407,,regular,
500,COIN,248.76,6184506,2026-01-06T19:34:34Z,False,124380.00,,248.82,248.71,,L,142,200,22905131063937,,regular,
500,COIN,248.71,6183780,2026-01-06T19:34:32Z,False,124355.00,,248.82,248.71,,L,127,10,22905131062147,,regular,
500,COIN,248.6001,6173569,2026-01-06T19:33:51Z,False,124300.0500,,248.73,248.6,,L,110,100,22905131020917,,regular,
500,COIN,248.91,6171606,2026-01-06T19:33:29Z,False,124455.00,,248.95,248.88,,L,40,55,22905130999324,,regular,
500,COIN,248.9801,6164896,2026-01-06T19:33:00Z,False,124490.0500,,249.04,248.98,,L,30,104,22905130970271,,regular,
800,COIN,248.98,6161312,2026-01-06T19:32:45Z,False,199184.00,,248.99,248.91,,L,141,71,22905130955442,,regular,
500,COIN,248.9001,6158130,2026-01-06T19:32:36Z,False,124450.0500,,248.92,248.9,,L,40,40,22905130945893,,regular,
450,COIN,248.81,6153782,2026-01-06T19:32:24Z,False,111964.50,,248.83,248.77,,L,120,18,22905130933754,,regular,
500,COIN,248.83,6148948,2026-01-06T19:31:58Z,False,124415.00,,248.88,248.78,,L,114,21,22905130907984,,regular,
430,COIN,248.903,6146868,2026-01-06T19:31:48Z,False,107028.290,,248.91,248.84,,L,3,99,22905130898547,,regular,
720,COIN,248.8,6137512,2026-01-06T19:31:00Z,False,179136.0,,248.82,248.75,,L,62,39,22905130849763,,regular,
500,COIN,248.75,6135448,2026-01-06T19:30:47Z,False,124375.00,,248.79,248.68,,L,49,20,22905130837030,,regular,
2300,COIN,248.71,6132840,2026-01-06T19:30:42Z,False,572033.00,,248.73,248.71,,L,52,1,22905130832338,,regular,
7320,COIN,248.75,6112553,2026-01-06T19:28:24Z,False,1820850.00,,248.75,248.65,,L,131,23,22905130693964,,regular,
1200,COIN,248.749,6105233,2026-01-06T19:28:24Z,False,298498.800,,248.75,248.65,,L,131,23,22905130693961,,regular,
500,COIN,248.595,6097472,2026-01-06T19:28:24Z,False,124297.500,,248.7,248.58,,L,140,24,22905130693833,,regular,
500,COIN,248.6928,6095406,2026-01-06T19:28:18Z,False,124346.4000,,248.73,248.62,,L,10,40,22905130687632,,regular,
403,COIN,248.6201,6094731,2026-01-06T19:28:12Z,False,100193.9003,,248.73,248.62,,L,10,40,22905130681981,,regular,
500,COIN,248.7054,6093875,2026-01-06T19:28:05Z,False,124352.7000,,248.73,248.62,,L,10,40,22905130675304,,regular,
9480,COIN,248.655,6090071,2026-01-06T19:27:49Z,False,2357249.400,,248.7,248.61,,L,9,54,22905130659240,,regular,
500,COIN,248.59,6079590,2026-01-06T19:27:45Z,False,124295.00,,248.67,248.49,,L,64,222,22905130654720,,regular,
1228,COIN,248.6599,6074021,2026-01-06T19:27:29Z,False,305354.3572,,248.66,248.52,,L,52,10,22905130639196,,regular,
500,COIN,248.76,6070162,2026-01-06T19:27:13Z,False,124380.00,contingent_trade,248.7,248.64,,L,20,185,22905130623141,qualified_contingent_trade,regular,
500,COIN,248.76,6069662,2026-01-06T19:27:13Z,False,124380.00,contingent_trade,248.7,248.64,,L,20,185,22905130623038,qualified_contingent_trade,regular,
450,COIN,248.61,6068086,2026-01-06T19:27:01Z,False,111874.50,,248.63,248.59,,L,92,50,22905130610824,,regular,
445,COIN,248.588,6066361,2026-01-06T19:27:01Z,False,110621.660,,248.53,248.47,,L,47,50,22905130610778,,regular,
1000,COIN,248.37,6049802,2026-01-06T19:25:17Z,False,248370.00,,248.42,248.32,,L,209,280,22905130506811,,regular,
500,COIN,248.3612,6044354,2026-01-06T19:24:28Z,False,124180.6000,,248.36,248.29,,L,10,100,22905130457805,,regular,
500,COIN,248.2559,6033350,2026-01-06T19:23:09Z,False,124127.9500,,248.29,248.23,,L,77,18,22905130379454,,regular,
500,COIN,247.9916,6018521,2026-01-06T19:22:06Z,False,123995.8000,,248.04,247.96,,L,239,85,22905130315945,,regular,
500,COIN,247.9599,6014920,2026-01-06T19:21:33Z,False,123979.9500,,247.96,247.89,,L,170,2,22905130282791,,regular,
605,COIN,248.0101,6008164,2026-01-06T19:20:34Z,False,150046.1105,,248.04,248.01,,L,15,84,22905130223688,,regular,
640,COIN,248.005,6001093,2026-01-06T19:19:43Z,False,158723.200,,248.06,247.95,,L,99,114,22905130173032,,regular,
480,COIN,248,5999128,2026-01-06T19:19:35Z,False,119040,,248,247.95,,L,70,50,22905130164732,,regular,
1500,COIN,248.01,5966781,2026-01-06T19:15:55Z,False,372015.00,,248.03,247.92,,L,809,327,22905129945431,,regular,
1000,COIN,248.1699,5959893,2026-01-06T19:15:07Z,False,248169.9000,,248.17,248.1,,L,213,198,22905129897394,,regular,
500,COIN,248.045,5951502,2026-01-06T19:14:13Z,False,124022.500,,248.07,248.02,,L,188,77,22905129842606,,regular,
500,COIN,248.0208,5950018,2026-01-06T19:14:07Z,False,124010.4000,,248.07,248.03,,L,171,1,22905129837255,,regular,
697,COIN,248.0499,5949128,2026-01-06T19:14:07Z,False,172890.7803,,248.05,248.01,,L,11,7,22905129836968,,regular,
850,COIN,248.07,5940860,2026-01-06T19:13:27Z,False,210859.50,,248.11,248.03,,L,11,53,22905129796635,,regular,
700,COIN,247.9,5926827,2026-01-06T19:12:37Z,False,173530.0,,247.92,247.81,,L,42,115,22905129747472,,regular,
1880,COIN,247.9198,5925765,2026-01-06T19:12:27Z,False,466089.2240,,247.92,247.81,,L,51,115,22905129737258,,regular,
450,COIN,247.82,5921930,2026-01-06T19:12:08Z,False,111519.00,,247.92,247.82,,L,80,103,22905129717907,,regular,
450,COIN,247.71,5917270,2026-01-06T19:11:38Z,False,111469.50,,247.71,247.61,,L,12,10,22905129687679,,regular,
450,COIN,247.3328,5907865,2026-01-06T19:10:30Z,False,111299.7600,,247.45,247.38,,L,16,2,22905129620183,,regular,
1000,COIN,247.4499,5903973,2026-01-06T19:09:54Z,False,247449.9000,,247.43,247.35,,L,10,22,22905129584190,,regular,
450,COIN,247.395,5900265,2026-01-06T19:09:30Z,False,111327.750,,247.46,247.33,,L,55,90,22905129559823,,regular,
610,COIN,247.25,5892542,2026-01-06T19:08:48Z,False,150822.50,,247.34,247.26,,L,206,11,22905129517581,,regular,
450,COIN,247.3012,5891541,2026-01-06T19:08:46Z,False,111285.5400,,247.34,247.27,,L,196,14,22905129515819,,regular,
450,COIN,247.3559,5887012,2026-01-06T19:08:13Z,False,111310.1550,,247.4,247.34,,L,1,20,22905129482707,,regular,
1200,COIN,247.4281,5884581,2026-01-06T19:07:57Z,False,296913.7200,,247.43,247.34,,L,26,20,22905129466870,,regular,
800,COIN,247.5,5878700,2026-01-06T19:07:27Z,False,198000.0,,247.49,247.41,,L,19,257,22905129436957,,regular,
507,COIN,247.25,5870517,2026-01-06T19:06:23Z,False,125355.75,,247.39,247.27,,L,4,14,22905129372931,,regular,
500,COIN,247.355,5866301,2026-01-06T19:05:56Z,False,123677.500,,247.41,247.3,,L,139,105,22905129346337,,regular,
500,COIN,247.35,5865452,2026-01-06T19:05:49Z,False,123675.00,contingent_trade,247.41,247.29,,L,159,3,22905129339008,qualified_contingent_trade,regular,
950,COIN,247.19,5856427,2026-01-06T19:05:04Z,False,234830.50,,247.28,247.19,,L,1980,11,22905129293719,,regular,
1400,COIN,247.25,5854676,2026-01-06T19:05:01Z,False,346150.00,,247.24,247.17,,L,268,15,22905129291112,,regular,
450,COIN,247.0982,5846225,2026-01-06T19:04:09Z,False,111194.1900,,247.12,246.98,,L,15,10,22905129239545,,regular,
42440,COIN,247.065,5844854,2026-01-06T19:04:06Z,False,10485438.600,,247.11,247.01,,L,23,40,22905129236358,,regular,
553,COIN,247.02,5800580,2026-01-06T19:03:54Z,False,136602.06,,247.07,247,,L,110,20,22905129224115,,regular,
1360,COIN,247.01,5799195,2026-01-06T19:03:47Z,False,335933.60,,247.07,247,,L,110,20,22905129217048,,regular,
480,COIN,246.935,5796458,2026-01-06T19:03:34Z,False,118528.800,,247,246.91,,L,40,10,22905129203702,,regular,
600,COIN,246.9401,5792253,2026-01-06T19:02:51Z,False,148164.0600,,247.05,246.94,,L,40,55,22905129160818,,regular,
