size,ticker,price,volume,executed_at,canceled,premium,sale_cond_codes,nbbo_bid,nbbo_ask,ext_hour_sold_codes,market_center,nbbo_ask_quantity,nbbo_bid_quantity,tracking_id,trade_code,trade_settlement,trf_executed_at
600,COIN,308.89,7743176,2025-08-26T23:51:04Z,False,185334.00,,308.60,308.99,extended_hours_trade,L,25,5,71464540055817,,regular,
500,COIN,308.9892,7738454,2025-08-26T23:24:04Z,False,154494.6000,,308.49,309.86,extended_hours_trade,L,40,40,69844516818322,,regular,
400,COIN,309.57,7729944,2025-08-26T23:06:59Z,False,123828.00,,309.36,309.70,extended_hours_trade,L,49,40,68819058728370,,regular,
625,COIN,309.1989,7724352,2025-08-26T22:51:19Z,False,193249.3125,,309.10,309.20,extended_hours_trade,L,44,19,67879846735029,,regular,
692,COIN,308,7703019,2025-08-26T21:50:15Z,False,213136,,307.25,307.92,extended_hours_trade,L,1,100,64215310358255,,regular,
401,COIN,308.45,7691198,2025-08-26T21:09:42Z,False,123688.45,,308.28,308.52,extended_hours_trade,L,1,3,61782861456301,,regular,
1506,COIN,308.32,7690581,2025-08-26T21:09:07Z,False,464329.92,,308.28,308.52,extended_hours_trade,L,1,3,61747650494132,,regular,
1301,COIN,308.48,7687802,2025-08-26T21:06:11Z,False,401332.48,prior_reference_price,308.28,308.77,extended_hours_trade,L,1,3,61571272885955,,regular,
500,COIN,308.69,7683853,2025-08-26T20:52:51Z,False,154345.00,,308.51,308.80,extended_hours_trade,L,15,12,60771746023913,,regular,
366,COIN,308.70,7680762,2025-08-26T20:41:03Z,False,112984.20,,308.51,308.97,extended_hours_trade,L,96,12,60063606459594,,regular,
385,COIN,308.56,7678902,2025-08-26T20:37:51Z,False,118795.60,,308.53,308.97,extended_hours_trade,L,96,10,59871304084794,,regular,
20324,COIN,308.48,7676072,2025-08-26T20:33:06Z,False,6269547.52,prior_reference_price,308.53,308.97,extended_hours_trade,L,100,10,59586863216544,,regular,
500,COIN,308.9693,7655654,2025-08-26T20:31:46Z,False,154484.6500,,308.53,308.97,extended_hours_trade,L,100,10,59506657038542,,regular,
400,COIN,308.97,7655015,2025-08-26T20:30:50Z,False,123588.00,,308.51,308.97,extended_hours_trade,L,100,12,59450438296810,,regular,
4300,COIN,308.65,7652023,2025-08-26T20:25:00Z,False,1327195.00,average_price_trade,308.25,308.60,extended_hours_trade,L,5,10,59100981138388,,regular,
1050,COIN,308.48,7642948,2025-08-26T20:11:04Z,False,323904.00,prior_reference_price,307.99,308.75,extended_hours_trade,L,50,50,58264470409020,,regular,
17408,COIN,308.48,7641788,2025-08-26T20:10:40Z,False,5370019.84,prior_reference_price,307.99,308.72,extended_hours_trade,L,50,50,58240450849050,,regular,
739,COIN,308.48,7623913,2025-08-26T20:08:51Z,False,227966.72,prior_reference_price,308.10,308.81,extended_hours_trade,L,50,50,58131359588251,,regular,
951,COIN,308.4738,7623161,2025-08-26T20:08:40Z,False,293358.5838,prior_reference_price,308.10,308.81,extended_hours_trade,L,50,50,58120359606432,,regular,
656,COIN,308.48,7620833,2025-08-26T20:07:18Z,False,202362.88,prior_reference_price,308.06,308.53,extended_hours_trade,L,50,50,58038271721296,,regular,
1112,COIN,308.4741,7617922,2025-08-26T20:05:52Z,False,343023.1992,prior_reference_price,308.06,308.61,extended_hours_trade,L,100,94,57952979650838,,regular,
3076,COIN,308.48,7616498,2025-08-26T20:05:51Z,False,948884.48,prior_reference_price,308.06,308.61,extended_hours_trade,L,100,94,57951142098414,,regular,
2547,COIN,308.48,7613002,2025-08-26T20:05:34Z,False,785698.56,prior_reference_price,308.02,308.61,extended_hours_trade,L,100,94,57934813582429,,regular,
784,COIN,308.48,7610063,2025-08-26T20:05:15Z,False,241848.32,,308.02,308.68,extended_hours_trade,L,100,94,57915361687541,,regular,
1100,COIN,308.4951,7607218,2025-08-26T20:03:57Z,False,339344.6100,average_price_trade,308.50,308.68,extended_hours_trade,L,180,658,57837604118407,,regular,
2720,COIN,308.4649,7606020,2025-08-26T20:03:40Z,False,839024.5280,average_price_trade,308.50,308.76,extended_hours_trade,L,224,746,57820077315046,,regular,
4404,COIN,308.48,7601085,2025-08-26T20:02:46Z,False,1358545.92,prior_reference_price,308.01,308.66,extended_hours_trade,L,64,50,57766564149027,,regular,
800,COIN,308.01,7596646,2025-08-26T20:02:33Z,False,246408.00,,308.01,308.66,extended_hours_trade,L,64,50,57753635073240,,regular,
577,COIN,308.4899,7595339,2025-08-26T20:02:17Z,False,177998.6723,average_price_trade,308,308.66,extended_hours_trade,L,64,50,57737977865335,,regular,
1155,COIN,308.4701,7594762,2025-08-26T20:02:17Z,False,356282.9655,average_price_trade,308,308.66,extended_hours_trade,L,64,50,57737801451349,,regular,
506,COIN,308.4701,7593607,2025-08-26T20:02:17Z,False,156085.8706,average_price_trade,308,308.66,extended_hours_trade,L,64,50,57737592000832,,regular,
4218,COIN,308.4701,7593101,2025-08-26T20:02:17Z,False,1301126.8818,average_price_trade,308,308.66,extended_hours_trade,L,64,50,57737335291209,,regular,
595,COIN,308.4899,7588779,2025-08-26T20:02:16Z,False,183551.4905,average_price_trade,308,308.66,extended_hours_trade,L,64,50,57736662171782,,regular,
404,COIN,308.4899,7587861,2025-08-26T20:02:15Z,False,124629.9196,average_price_trade,308,308.66,extended_hours_trade,L,64,50,57735846599833,,regular,
429,COIN,308.4701,7587442,2025-08-26T20:02:14Z,False,132333.6729,average_price_trade,308,308.66,extended_hours_trade,L,64,50,57734716614772,,regular,
1400,COIN,308.48,7587013,2025-08-26T20:02:14Z,False,431872.00,prior_reference_price,308,308.66,extended_hours_trade,L,64,50,57734259798005,,regular,
2354,COIN,308.48,7585313,2025-08-26T20:02:12Z,False,726161.92,prior_reference_price,308,308.66,extended_hours_trade,L,64,50,57732811190233,,regular,
1971,COIN,308.48,7582573,2025-08-26T20:02:09Z,False,608014.08,,307.77,308.66,extended_hours_trade,L,64,50,57729565954001,,regular,
1171,COIN,308.48,7577739,2025-08-26T20:01:03Z,False,361230.08,prior_reference_price,307.70,308,extended_hours_trade,L,95,200,57663863670055,,regular,
2970,COIN,307.71,7576568,2025-08-26T20:00:55Z,False,913898.70,,307.70,308.76,extended_hours_trade,L,45,200,57655848899170,,regular,
350,COIN,307.70,7572919,2025-08-26T20:00:37Z,False,107695.00,,307.70,308.76,extended_hours_trade,L,45,200,57637300461268,,regular,
2856,COIN,308.48,7571374,2025-08-26T20:00:22Z,False,881018.88,prior_reference_price,308,308.76,extended_hours_trade,L,45,52,57622399287768,,regular,
473,COIN,308.48,7568518,2025-08-26T20:00:22Z,False,145911.04,prior_reference_price,308,308.76,extended_hours_trade,L,45,52,57622324172005,,regular,
790,COIN,308.48,7567342,2025-08-26T20:00:01Z,False,243699.20,,308,308.76,extended_hours_trade,L,45,52,57601750476783,,regular,
3941,COIN,308.48,7566450,2025-08-26T20:00:01Z,False,1215719.68,,308,308.76,extended_hours_trade,L,45,52,57601734962879,,regular,
1816,COIN,308.48,7199440,2025-08-26T20:00:01Z,False,560199.68,,308,308.76,extended_hours_trade,L,45,52,57601109888385,,regular,
870,COIN,308.48,7196109,2025-08-26T20:00:00Z,False,268377.60,,308.25,308.76,extended_hours_trade,L,44,100,57600716533266,,regular,
1514,COIN,308.48,7197624,2025-08-26T20:00:00Z,False,467038.72,,308.25,308.76,extended_hours_trade,L,44,100,57600716594119,,regular,
537,COIN,308.50,7190359,2025-08-26T19:59:57Z,False,165664.50,,308.53,308.80,,L,100,200,57597682328986,,regular,
1000,COIN,308.75,7155801,2025-08-26T19:59:52Z,False,308750.00,,308.67,308.73,,L,100,37,57592191025357,,regular,
500,COIN,308.6505,7125605,2025-08-26T19:59:38Z,False,154325.2500,,308.64,308.69,,L,51,162,57578928107847,,regular,
402,COIN,308.5055,7109969,2025-08-26T19:59:31Z,False,124019.2110,,308.52,308.59,,L,392,9,57571277987609,,regular,
550,COIN,308.57,7106649,2025-08-26T19:59:29Z,False,169713.50,,308.53,308.62,,L,990,72,57569620790790,,regular,
500,COIN,308.555,7102202,2025-08-26T19:59:22Z,False,154277.500,,308.51,308.59,,L,10,10,57562021941546,,regular,
700,COIN,308.62,7080194,2025-08-26T19:59:04Z,False,216034.00,,308.58,308.62,,L,753,100,57544013999055,,regular,
378,COIN,308.54,7059821,2025-08-26T19:58:30Z,False,116628.12,,308.61,308.65,,L,84,101,57510590561872,,regular,
1000,COIN,308.64,7050671,2025-08-26T19:58:17Z,False,308640.00,,308.62,308.66,,L,243,300,57497550950790,,regular,
447,COIN,308.595,7040684,2025-08-26T19:58:04Z,False,137941.965,,308.55,308.65,,L,144,56,57484812591171,,regular,
1000,COIN,308.48,7023190,2025-08-26T19:57:31Z,False,308480.00,,308.42,308.48,,L,385,83,57451353909712,,regular,
605,COIN,308.4401,7018002,2025-08-26T19:57:17Z,False,186606.2605,,308.45,308.50,,L,25,83,57437418486724,,regular,
500,COIN,308.3955,7016014,2025-08-26T19:57:10Z,False,154197.7500,,308.37,308.41,,L,3,1,57430230712476,,regular,
400,COIN,308.45,7012817,2025-08-26T19:57:06Z,False,123380.00,,308.45,308.48,,L,73,349,57426688681929,,regular,
500,COIN,308.4878,7011147,2025-08-26T19:57:05Z,False,154243.9000,,308.49,308.53,,L,3,23,57425845913558,,regular,
1000,COIN,308.28,6988439,2025-08-26T19:56:22Z,False,308280.00,,308.27,308.32,,L,1,1,57382535105891,,regular,
500,COIN,308.29,6983746,2025-08-26T19:56:03Z,False,154145.00,,308.28,308.35,,L,20,1,57363829184225,,regular,
1000,COIN,308.06,6974212,2025-08-26T19:55:40Z,False,308060.00,,308.06,308.14,,L,40,13,57340979709048,,regular,
400,COIN,308.03,6972121,2025-08-26T19:55:39Z,False,123212.00,,308,308.14,,L,465,60,57339600705183,,regular,
330,COIN,308.14,6959336,2025-08-26T19:55:13Z,False,101686.20,,308,308.12,,L,1,106,57313663892458,,regular,
800,COIN,307.845,6953166,2025-08-26T19:55:01Z,False,246276.000,,308.27,308.63,,L,37,315,57301773261455,,regular,
1000,COIN,308.28,6936320,2025-08-26T19:54:56Z,False,308280.00,,308.27,308.50,,L,1,105,57296012184345,,regular,
400,COIN,308.3645,6935086,2025-08-26T19:54:54Z,False,123345.8000,,308.27,308.50,,L,1,105,57294968996490,,regular,
445,COIN,308.3939,6926791,2025-08-26T19:54:33Z,False,137235.2855,,308.36,308.41,,L,190,8,57273162717814,,regular,
334,COIN,308.5916,6909520,2025-08-26T19:53:36Z,False,103069.5944,,308.66,308.78,,L,7,65,57216371819246,,regular,
526,COIN,308.95,6892738,2025-08-26T19:52:58Z,False,162507.70,,308.91,309,,L,4952,5,57178346090604,,regular,
656,COIN,309.0645,6891004,2025-08-26T19:52:52Z,False,202746.3120,,308.91,309.08,,L,303,5,57172466165131,,regular,
599,COIN,309.1096,6869055,2025-08-26T19:52:17Z,False,185156.6504,,309,309.11,,L,101,7,57137661928270,,regular,
650,COIN,308.95,6855136,2025-08-26T19:52:01Z,False,200817.50,,308.80,308.94,,L,3,611,57121926489431,,regular,
1000,COIN,308.8001,6853446,2025-08-26T19:51:57Z,False,308800.1000,,308.80,308.94,,L,1,403,57117224728728,,regular,
400,COIN,308.8498,6850693,2025-08-26T19:51:54Z,False,123539.9200,,308.80,308.94,,L,1,47,57114348723202,,regular,
500,COIN,308.82,6842125,2025-08-26T19:51:25Z,False,154410.00,,308.77,308.90,,L,467,23,57085075302895,,regular,
1000,COIN,308.5801,6835078,2025-08-26T19:51:11Z,False,308580.1000,,308.75,308.90,,L,417,100,57071664274184,,regular,
1000,COIN,308.9093,6821433,2025-08-26T19:51:02Z,False,308909.3000,,308.84,308.95,,L,100,232,57062234440357,,regular,
333,COIN,308.895,6820232,2025-08-26T19:51:01Z,False,102862.035,,308.84,308.95,,L,100,232,57061392793515,,regular,
500,COIN,308.90,6819634,2025-08-26T19:51:00Z,False,154450.00,,308.80,308.88,,L,21,200,57060274015284,,regular,
600,COIN,308.5995,6814882,2025-08-26T19:50:53Z,False,185159.7000,,308.56,308.68,,L,247,8,57053832753681,,regular,
400,COIN,308.48,6808825,2025-08-26T19:50:43Z,False,123392.00,,308.35,308.55,,L,77,179,57043979204997,,regular,
1000,COIN,308.3701,6806800,2025-08-26T19:50:41Z,False,308370.1000,,308.35,308.56,,L,25,179,57041187636582,,regular,
400,COIN,308.277,6791892,2025-08-26T19:50:19Z,False,123310.800,,308.20,308.42,,L,540,400,57019997957207,,regular,
2224,COIN,308.35,6789097,2025-08-26T19:50:11Z,False,685770.40,,308.15,308.36,,L,64,304,57011628160522,,regular,
1000,COIN,307.58,6770308,2025-08-26T19:50:00Z,False,307580.00,,307.44,307.71,,L,20,100,57000164286316,,regular,
404,COIN,307.51,6755129,2025-08-26T19:49:46Z,False,124234.04,,307.50,307.55,,L,51,120,56986262473712,,regular,
400,COIN,307.51,6755529,2025-08-26T19:49:46Z,False,123004.00,,307.50,307.55,,L,51,120,56986262784055,,regular,
500,COIN,307.383,6747418,2025-08-26T19:49:32Z,False,153691.500,,307.33,307.47,,L,110,34,56972539909530,,regular,
800,COIN,307.47,6746911,2025-08-26T19:49:32Z,False,245976.00,,307.33,307.47,,L,110,34,56972104866333,,regular,
346,COIN,307.2854,6735704,2025-08-26T19:48:48Z,False,106320.7484,,307.28,307.43,,L,1,16,56928118227156,,regular,
406,COIN,307.2854,6735358,2025-08-26T19:48:48Z,False,124757.8724,,307.28,307.43,,L,1,16,56928117861834,,regular,
400,COIN,307.35,6731028,2025-08-26T19:48:42Z,False,122940.00,,307.27,307.43,,L,100,175,56922779483171,,regular,
600,COIN,307.44,6727809,2025-08-26T19:48:37Z,False,184464.00,,307.25,307.44,,L,100,1,56917554658173,,regular,
480,COIN,307.4371,6726813,2025-08-26T19:48:30Z,False,147569.8080,,307.20,307.42,,L,54,12,56910849705978,,regular,
400,COIN,307.25,6724919,2025-08-26T19:48:18Z,False,122900.00,,307.15,307.33,,L,1,1,56898979786876,,regular,
1500,COIN,307.20,6724431,2025-08-26T19:48:17Z,False,460800.00,,307.15,307.33,,L,1,1,56897298115146,,regular,
396,COIN,307.25,6722574,2025-08-26T19:48:13Z,False,121671.00,,307.15,307.33,,L,11,1,56893328196301,,regular,
480,COIN,307.2412,6718723,2025-08-26T19:48:03Z,False,147475.7760,,307.15,307.35,,L,9,1,56883643231564,,regular,
1187,COIN,307.25,6714695,2025-08-26T19:47:54Z,False,364705.75,,307.15,307.36,,L,295,2,56874568243967,,regular,
400,COIN,307.25,6710841,2025-08-26T19:47:40Z,False,122900.00,,307.15,307.36,,L,238,10,56860979260694,,regular,
360,COIN,307.2682,6705974,2025-08-26T19:47:28Z,False,110616.5520,,307.09,307.27,,L,247,1004,56848182111689,,regular,
480,COIN,307.192,6702362,2025-08-26T19:47:13Z,False,147452.160,,307.01,307.16,,L,26,109,56833933746285,,regular,
400,COIN,307.1189,6701205,2025-08-26T19:47:07Z,False,122847.5600,,307.01,307.15,,L,1,9,56827311942391,,regular,
479,COIN,307.2872,6700298,2025-08-26T19:47:06Z,False,147190.5688,,307.01,307.15,,L,1,9,56826374484333,,regular,
800,COIN,307.06,6697695,2025-08-26T19:46:51Z,False,245648.00,,307.07,307.15,,L,1,4,56811489874114,,regular,
515,COIN,307.16,6695348,2025-08-26T19:46:41Z,False,158187.40,,307.07,307.26,,L,3,1,56801728916347,,regular,
358,COIN,307.16,6694802,2025-08-26T19:46:39Z,False,109963.28,,307.07,307.26,,L,2,1,56799507513842,,regular,
380,COIN,307.145,6692534,2025-08-26T19:46:10Z,False,116715.100,,307.01,307.26,,L,2,100,56770548885284,,regular,
400,COIN,306.9999,6679659,2025-08-26T19:45:37Z,False,122799.9600,,306.86,307,,L,937,10,56737924412149,,regular,
700,COIN,307,6676636,2025-08-26T19:45:19Z,False,214900,,306.86,307,,L,582,10,56719357244677,,regular,
5000,COIN,306.8162,6668517,2025-08-26T19:44:38Z,False,1534081.0000,,306.83,306.98,,L,108,6,56678497821785,,regular,
2800,COIN,306.86,6663255,2025-08-26T19:44:34Z,False,859208.00,contingent_trade,306.83,306.98,,L,108,6,56674701670894,qualified_contingent_trade,regular,
358,COIN,306.93,6655139,2025-08-26T19:44:06Z,False,109880.94,,306.90,307.01,,L,88,58,56646242707759,,regular,
400,COIN,306.95,6652967,2025-08-26T19:44:01Z,False,122780.00,,306.90,307.01,,L,88,2,56641380093932,,regular,
935,COIN,306.745,6645986,2025-08-26T19:43:07Z,False,286806.575,,306.65,306.83,,L,8,108,56587420698739,,regular,
1000,COIN,306.9699,6644285,2025-08-26T19:42:59Z,False,306969.9000,,306.65,306.88,,L,10,103,56579670772296,,regular,
380,COIN,306.71,6640759,2025-08-26T19:42:42Z,False,116549.80,,306.66,306.80,,L,46,5,56562779462497,,regular,
380,COIN,306.5835,6638665,2025-08-26T19:42:31Z,False,116501.7300,,306.51,306.72,,L,21,111,56551543853842,,regular,
380,COIN,306.5996,6635128,2025-08-26T19:42:06Z,False,116507.8480,,306.51,306.75,,L,210,1,56526858244522,,regular,
2900,COIN,306.82,6631432,2025-08-26T19:41:45Z,False,889778.00,contingent_trade,306.51,306.82,,L,19,81,56505428967406,qualified_contingent_trade,regular,
2486,COIN,306.39,6622698,2025-08-26T19:41:11Z,False,761685.54,,306.39,306.69,,L,300,6,56471420133450,,regular,
500,COIN,306.90,6601467,2025-08-26T19:39:20Z,False,153450.00,,306.82,307,,L,16,1,56360782805826,,regular,
810,COIN,307,6597046,2025-08-26T19:38:40Z,False,248670,,307,307.08,,L,50,108,56320802626578,,regular,
1000,COIN,307.0001,6596136,2025-08-26T19:38:40Z,False,307000.1000,,307,307.10,,L,5,115,56320017301331,,regular,
400,COIN,307.036,6595057,2025-08-26T19:38:38Z,False,122814.400,,307,307.10,,L,5,8,56318957361978,,regular,
700,COIN,307.08,6592552,2025-08-26T19:38:29Z,False,214956.00,,307.08,307.12,,L,20,100,56309751747148,,regular,
400,COIN,306.89,6589773,2025-08-26T19:38:17Z,False,122756.00,,306.90,306.95,,L,1,27,56297778947306,,regular,
4900,COIN,306.98,6589292,2025-08-26T19:38:16Z,False,1504202.00,contingent_trade,306.90,306.95,,L,1,27,56296870248414,qualified_contingent_trade,regular,
480,COIN,306.8828,6584257,2025-08-26T19:38:09Z,False,147303.7440,,306.90,306.96,,L,1,5,56289944060475,,regular,
400,COIN,306.925,6579239,2025-08-26T19:37:19Z,False,122770.000,,306.82,307.03,,L,13,280,56239023771341,,regular,
400,COIN,306.8221,6578839,2025-08-26T19:37:19Z,False,122728.8400,,306.82,307.03,,L,13,280,56239020932874,,regular,
550,COIN,307,6576084,2025-08-26T19:37:03Z,False,168850,,306.81,307.05,,L,100,29,56223023017944,,regular,
480,COIN,306.8455,6573945,2025-08-26T19:36:59Z,False,147285.8400,,306.80,306.93,,L,410,115,56219540813399,,regular,
600,COIN,306.8699,6571353,2025-08-26T19:36:44Z,False,184121.9400,,306.80,306.87,,L,406,14,56204415362931,,regular,
480,COIN,306.828,6570412,2025-08-26T19:36:41Z,False,147277.440,,306.80,306.88,,L,102,14,56201061771615,,regular,
500,COIN,306.84,6569641,2025-08-26T19:36:33Z,False,153420.00,,306.75,306.88,,L,300,31,56193107798950,,regular,
364,COIN,306.88,6569105,2025-08-26T19:36:32Z,False,111704.32,,306.75,306.88,,L,300,31,56192559698173,,regular,
500,COIN,306.96,6565395,2025-08-26T19:36:07Z,False,153480.00,,306.85,306.95,,L,3,3,56167804615694,,regular,
480,COIN,306.9374,6564178,2025-08-26T19:36:06Z,False,147329.9520,,306.83,306.95,,L,3,12,56166141326987,,regular,
500,COIN,307,6561370,2025-08-26T19:35:42Z,False,153500,,306.94,307.14,,L,12,1,56142504533436,,regular,
400,COIN,307,6551513,2025-08-26T19:34:49Z,False,122800,,306.98,307.02,,L,100,100,56089439092562,,regular,
1000,COIN,307.154,6547829,2025-08-26T19:34:48Z,False,307154.000,,307.13,307.23,,L,103,200,56088567618422,,regular,
800,COIN,307.12,6541783,2025-08-26T19:34:43Z,False,245696.00,,307.17,307.27,,L,401,20,56083778652964,,regular,
344,COIN,307.20,6532097,2025-08-26T19:33:57Z,False,105676.80,,307.12,307.21,,L,50,112,56037815062520,,regular,
668,COIN,307.121,6531355,2025-08-26T19:33:47Z,False,205156.828,,307.12,307.28,,L,171,12,56027477472218,,regular,
500,COIN,307.22,6529283,2025-08-26T19:33:45Z,False,153610.00,,307.06,307.28,,L,60,9,56025740643472,,regular,
777,COIN,307.22,6528683,2025-08-26T19:33:45Z,False,238709.94,,307.06,307.28,,L,60,9,56025734131196,,regular,
1618,COIN,307.30,6522593,2025-08-26T19:33:22Z,False,497211.40,,307.15,307.37,,L,200,3,56002216788736,,regular,
400,COIN,307.2301,6520155,2025-08-26T19:33:20Z,False,122892.0400,,307.24,307.47,,L,100,4,56000572250569,,regular,
400,COIN,307.2301,6520555,2025-08-26T19:33:20Z,False,122892.0400,,307.24,307.47,,L,100,4,56000572816570,,regular,
400,COIN,307.35,6518871,2025-08-26T19:33:19Z,False,122940.00,,307.24,307.47,,L,100,4,55999579208966,,regular,
479,COIN,307.4775,6518090,2025-08-26T19:33:13Z,False,147281.7225,,307.23,307.38,,L,3,100,55993078668599,,regular,
1000,COIN,307.4531,6515675,2025-08-26T19:33:01Z,False,307453.1000,,307.25,307.44,,L,5,201,55981833750194,,regular,
1200,COIN,307.32,6513165,2025-08-26T19:32:46Z,False,368784.00,,307.32,307.44,,L,1,34,55966693065362,,regular,
1000,COIN,307.48,6510047,2025-08-26T19:32:42Z,False,307480.00,,307.25,307.44,,L,1,200,55962399579492,,regular,
500,COIN,307.435,6499245,2025-08-26T19:31:55Z,False,153717.500,,307.39,307.56,,L,152,6,55915253507433,,regular,
2350,COIN,307.34,6493042,2025-08-26T19:31:45Z,False,722249.00,,307.30,307.45,,L,13,45,55905333239086,,regular,
358,COIN,307.45,6483804,2025-08-26T19:31:04Z,False,110067.10,,307.34,307.56,,L,72,410,55864391445163,,regular,
350,COIN,307.35,6448158,2025-08-26T19:29:17Z,False,107572.50,,307.28,307.41,,L,110,5,55757960831294,,regular,
800,COIN,307.41,6447808,2025-08-26T19:29:17Z,False,245928.00,,307.28,307.41,,L,200,5,55757948750834,,regular,
500,COIN,307.25,6438305,2025-08-26T19:28:45Z,False,153625.00,,306.93,307.03,,L,12,5,55725223500180,,regular,
550,COIN,307.10,6433656,2025-08-26T19:28:45Z,False,168905.00,,306.93,307.03,,L,12,5,55725218495542,,regular,
1028,COIN,306.9579,6423434,2025-08-26T19:27:53Z,False,315552.7212,,306.70,306.92,,L,207,85,55673774204474,,regular,
400,COIN,306.94,6417139,2025-08-26T19:27:27Z,False,122776.00,,306.81,306.99,,L,75,700,55647929892730,,regular,
395,COIN,306.7728,6395511,2025-08-26T19:25:32Z,False,121175.2560,,306.77,306.94,,L,1,4,55532551864329,,regular,
500,COIN,306.8388,6395116,2025-08-26T19:25:32Z,False,153419.4000,,306.77,306.96,,L,22,4,55532362392100,,regular,
358,COIN,306.905,6392317,2025-08-26T19:25:18Z,False,109871.990,,306.86,307,,L,125,1,55518844282410,,regular,
328,COIN,307,6390187,2025-08-26T19:25:02Z,False,100696,contingent_trade,306.97,307.16,,L,400,80,55502903774630,qualified_contingent_trade,regular,
380,COIN,307.17,6386390,2025-08-26T19:24:55Z,False,116724.60,,307.03,307.17,,L,29,102,55495239584613,,regular,
480,COIN,307.0614,6384360,2025-08-26T19:24:47Z,False,147389.4720,,307.03,307.11,,L,423,1,55487111205720,,regular,
480,COIN,307.01,6381716,2025-08-26T19:24:15Z,False,147364.80,,307.01,307.25,,L,4,1,55455645443743,,regular,
500,COIN,307.20,6378976,2025-08-26T19:23:55Z,False,153600.00,,306.97,307.25,,L,90,100,55435002039927,,regular,
480,COIN,307.2674,6377123,2025-08-26T19:23:47Z,False,147488.3520,,306.97,307.25,,L,80,100,55427470089579,,regular,
500,COIN,306.9501,6375756,2025-08-26T19:23:45Z,False,153475.0500,,306.95,307.12,,L,102,104,55425269945772,,regular,
1000,COIN,307.08,6373245,2025-08-26T19:23:30Z,False,307080.00,,307.01,307.18,,L,186,200,55410590698750,,regular,
600,COIN,307.5176,6362723,2025-08-26T19:23:00Z,False,184510.5600,,307.28,307.46,,L,5,100,55380975509459,,regular,
400,COIN,307.1301,6361577,2025-08-26T19:22:53Z,False,122852.0400,,307.18,307.47,,L,5,1,55373098930873,,regular,
800,COIN,307.4701,6358072,2025-08-26T19:22:43Z,False,245976.0800,,307.47,307.54,,L,50,209,55363110561536,,regular,
1400,COIN,307.50,6351491,2025-08-26T19:22:30Z,False,430500.00,,307.48,307.59,,L,112,100,55350036390887,,regular,
3999,COIN,307.10,6337414,2025-08-26T19:22:11Z,False,1228092.90,,307,307.22,,L,28,5,55331500195203,,regular,
900,COIN,307.085,6332975,2025-08-26T19:22:06Z,False,276376.500,,307,307.22,,L,28,5,55326787976562,,regular,
500,COIN,307.08,6331437,2025-08-26T19:21:58Z,False,153540.00,,306.95,307.22,,L,100,200,55318220047831,,regular,
1000,COIN,307.0501,6325993,2025-08-26T19:21:37Z,False,307050.1000,,307.05,307.30,,L,91,100,55297248595359,,regular,
351,COIN,307.25,6318280,2025-08-26T19:21:09Z,False,107844.75,,307.06,307.27,,L,50,37,55269514757261,,regular,
1000,COIN,306.9001,6308387,2025-08-26T19:21:05Z,False,306900.1000,,306.91,306.98,,L,104,70,55265158285845,,regular,
610,COIN,306.9008,6307015,2025-08-26T19:21:01Z,False,187209.4880,,306.90,306.98,,L,104,100,55261024676811,,regular,
480,COIN,306.9378,6305005,2025-08-26T19:20:58Z,False,147330.1440,,306.90,306.97,,L,100,100,55258532058071,,regular,
480,COIN,306.7298,6296224,2025-08-26T19:20:46Z,False,147230.3040,,306.62,306.78,,L,18,380,55246345778597,,regular,
480,COIN,306.63,6290152,2025-08-26T19:20:26Z,False,147182.40,,306.55,306.71,,L,120,300,55226651088799,,regular,
400,COIN,306.606,6289494,2025-08-26T19:20:25Z,False,122642.400,,306.55,306.71,,L,120,300,55225557914138,,regular,
800,COIN,306.5501,6288270,2025-08-26T19:20:23Z,False,245240.0800,,306.55,306.71,,L,120,100,55223125488560,,regular,
1000,COIN,306.5501,6286809,2025-08-26T19:20:16Z,False,306550.1000,,306.55,306.65,,L,10,100,55216985736937,,regular,
500,COIN,306.6868,6279976,2025-08-26T19:20:03Z,False,153343.4000,,306.66,306.73,,L,104,87,55203092263452,,regular,
400,COIN,306.73,6278665,2025-08-26T19:19:58Z,False,122692.00,,306.62,306.73,,L,100,200,55198276117879,,regular,
400,COIN,306.5424,6273033,2025-08-26T19:19:31Z,False,122616.9600,,306.60,306.66,,L,56,10,55171793308764,,regular,
1273,COIN,306.25,6267147,2025-08-26T19:19:06Z,False,389856.25,,306.16,306.38,,L,50,86,55146976572921,,regular,
480,COIN,306.313,6259809,2025-08-26T19:18:10Z,False,147030.240,,306.29,306.34,,L,23,100,55090190476136,,regular,
500,COIN,306.182,6253652,2025-08-26T19:17:39Z,False,153091.000,,306.15,306.27,,L,115,20,55059827515900,,regular,
800,COIN,306.19,6250564,2025-08-26T19:17:12Z,False,244952.00,contingent_trade,306.12,306.25,,L,35,210,55032067850128,qualified_contingent_trade,regular,
400,COIN,306.2045,6249384,2025-08-26T19:17:03Z,False,122481.8000,,306.12,306.25,,L,34,210,55023952237522,,regular,
400,COIN,306.2499,6248696,2025-08-26T19:17:01Z,False,122499.9600,,306.12,306.25,,L,34,210,55021143954927,,regular,
400,COIN,306.185,6248294,2025-08-26T19:16:58Z,False,122474.000,,306.12,306.25,,L,29,210,55018572867958,,regular,
400,COIN,306.21,6246774,2025-08-26T19:16:20Z,False,122484.00,,306.12,306.27,,L,1,208,54980499885771,,regular,
567,COIN,306.0128,6238576,2025-08-26T19:14:59Z,False,173509.2576,,306.10,306.37,,L,300,1,54899614239328,,regular,
500,COIN,306.1984,6232684,2025-08-26T19:13:11Z,False,153099.2000,,306.05,306.36,,L,1,11,54791316763130,,regular,
374,COIN,306.04,6231254,2025-08-26T19:12:58Z,False,114458.96,,306.05,306.37,,L,54,10,54778574311012,,regular,
699,COIN,306.38,6215532,2025-08-26T19:10:18Z,False,214159.62,,306.36,306.48,,L,5,4,54618448227905,,regular,
500,COIN,306.2188,6210580,2025-08-26T19:10:11Z,False,153109.4000,,306.17,306.38,,L,174,1,54611392155223,,regular,
500,COIN,306.33,6209949,2025-08-26T19:10:06Z,False,153165.00,,306.16,306.34,,L,50,5,54606048622242,,regular,
380,COIN,306.0558,6195986,2025-08-26T19:08:14Z,False,116301.2040,,306.02,306.16,,L,3,81,54494841692504,,regular,
400,COIN,306.1799,6195280,2025-08-26T19:08:06Z,False,122471.9600,,306.02,306.16,,L,3,80,54486092182857,,regular,
700,COIN,306.0799,6193266,2025-08-26T19:07:47Z,False,214255.9300,,305.91,306.08,,L,100,287,54467615604913,,regular,
600,COIN,305.8701,6186624,2025-08-26T19:06:25Z,False,183522.0600,,306.02,306.14,,L,100,1,54385422221420,,regular,
600,COIN,305.8727,6186023,2025-08-26T19:06:24Z,False,183523.6200,,306.02,306.14,,L,100,1,54384057697914,,regular,
380,COIN,306.20,6179919,2025-08-26T19:04:35Z,False,116356.00,,305.91,306.20,,L,5,8,54275642704285,,regular,
350,COIN,306,6173298,2025-08-26T19:03:34Z,False,107100,,306,306.09,,L,15,50,54214751248399,,regular,
400,COIN,305.995,6166781,2025-08-26T19:02:10Z,False,122398.000,,305.94,306.05,,L,23,216,54130334918775,,regular,
400,COIN,305.9411,6166381,2025-08-26T19:02:10Z,False,122376.4400,,305.94,306.05,,L,23,216,54130332092563,,regular,
400,COIN,305.998,6162452,2025-08-26T19:01:56Z,False,122399.200,,305.80,305.98,,L,12,300,54116169527877,,regular,
400,COIN,305.855,6160013,2025-08-26T19:01:20Z,False,122342.000,,305.84,305.94,,L,1,15,54080788465551,,regular,
500,COIN,305.86,6158703,2025-08-26T19:00:57Z,False,152930.00,,305.79,305.97,,L,75,20,54057070722065,,regular,
364,COIN,305.85,6156018,2025-08-26T18:59:53Z,False,111329.40,,305.79,306.12,,L,1,20,53993997448663,,regular,
1117,COIN,306.03,6143195,2025-08-26T18:58:38Z,False,341835.51,,305.97,306.17,,L,121,100,53918089671816,,regular,
510,COIN,306.03,6143705,2025-08-26T18:58:38Z,False,156075.30,,305.97,306.17,,L,121,100,53918089931344,,regular,
500,COIN,306.02,6140986,2025-08-26T18:58:37Z,False,153010.00,,306.03,306.17,,L,139,375,53917706621167,,regular,
415,COIN,306.14,6133144,2025-08-26T18:57:23Z,False,127048.10,,306.14,306.25,,L,9,3,53843953959433,,regular,
328,COIN,306,6129435,2025-08-26T18:56:33Z,False,100368,contingent_trade,306.02,306.22,,L,200,217,53793081497659,qualified_contingent_trade,regular,
448,COIN,306.052,6125632,2025-08-26T18:56:03Z,False,137111.296,contingent_trade,306,306.25,,L,10,83,53763787107527,qualified_contingent_trade,regular,
328,COIN,305.93,6124897,2025-08-26T18:56:03Z,False,100345.04,contingent_trade,306,306.25,,L,10,83,53763692570266,qualified_contingent_trade,regular,
448,COIN,306.052,6124320,2025-08-26T18:56:03Z,False,137111.296,contingent_trade,306,306.25,,L,10,83,53763683121350,qualified_contingent_trade,regular,
1000,COIN,306.19,6123552,2025-08-26T18:55:59Z,False,306190.00,,306,306.13,,L,20,83,53759131605570,,regular,
1400,COIN,306.17,6120943,2025-08-26T18:55:22Z,False,428638.00,,306.18,306.39,,L,55,50,53722871316303,,regular,
380,COIN,306.3365,6115128,2025-08-26T18:54:23Z,False,116407.8700,,306.20,306.38,,L,1,110,53663483004919,,regular,
400,COIN,306.30,6114743,2025-08-26T18:54:22Z,False,122520.00,,306.20,306.38,,L,1,110,53662447360367,,regular,
380,COIN,306.4074,6114310,2025-08-26T18:54:17Z,False,116434.8120,,306.15,306.38,,L,1,16,53657781457045,,regular,
2000,COIN,306.20,6110553,2025-08-26T18:53:40Z,False,612400.00,contingent_trade,306.14,306.38,,L,1,50,53620713074349,qualified_contingent_trade,regular,
1501,COIN,305.9701,6106505,2025-08-26T18:53:25Z,False,459261.1201,,306.14,306.37,,L,2,50,53605706854578,,regular,
700,COIN,306.22,6102118,2025-08-26T18:52:58Z,False,214354.00,,306.20,306.31,,L,8,3,53578703492390,,regular,
380,COIN,306.0388,6096463,2025-08-26T18:52:36Z,False,116294.7440,,306.01,306.10,,L,75,3,53556767741145,,regular,
480,COIN,306.03,6095664,2025-08-26T18:52:30Z,False,146894.40,,306.01,306.10,,L,75,3,53550756530422,,regular,
380,COIN,306.063,6094590,2025-08-26T18:52:15Z,False,116303.940,,306,306.14,,L,226,13,53535268413965,,regular,
4800,COIN,305.92,6093979,2025-08-26T18:52:08Z,False,1468416.00,contingent_trade,306,306.16,,L,5,10,53528550465880,qualified_contingent_trade,regular,
400,COIN,306.108,6084182,2025-08-26T18:51:34Z,False,122443.200,,306,306.20,,L,100,111,53494692982047,,regular,
1000,COIN,306.4201,6079726,2025-08-26T18:50:53Z,False,306420.1000,,306.40,306.51,,L,1,5,53453837244606,,regular,
1184,COIN,306.2599,6070994,2025-08-26T18:50:24Z,False,362611.7216,,306.21,306.26,,L,120,100,53424975052808,,regular,
348,COIN,306.27,6063983,2025-08-26T18:49:22Z,False,106581.96,,306.13,306.27,,L,200,205,53362671620572,,regular,
1563,COIN,306.20,6061845,2025-08-26T18:48:43Z,False,478590.60,,306.10,306.24,,L,5,200,53323892831782,,regular,
1000,COIN,306.0801,6059057,2025-08-26T18:48:21Z,False,306080.1000,,306.08,306.20,,L,84,100,53301080810792,,regular,
1000,COIN,306.0601,6057795,2025-08-26T18:48:15Z,False,306060.1000,,306.17,306.28,,L,55,12,53295044732306,,regular,
1925,COIN,306.17,6056461,2025-08-26T18:48:12Z,False,589377.25,,306.06,306.15,,L,100,103,53292725926960,,regular,
2033,COIN,306.10,6052202,2025-08-26T18:47:58Z,False,622301.30,,306.05,306.20,,L,250,21,53278334684114,,regular,
1000,COIN,306.165,6046005,2025-08-26T18:47:35Z,False,306165.000,,306.11,306.22,,L,101,100,53255355259092,,regular,
500,COIN,306.25,6044064,2025-08-26T18:47:12Z,False,153125.00,,306.12,306.37,,L,5,6,53232153139169,,regular,
400,COIN,306.285,6043420,2025-08-26T18:47:03Z,False,122514.000,,306.12,306.37,,L,5,7,53223577549047,,regular,
400,COIN,306.3583,6038789,2025-08-26T18:46:21Z,False,122543.3200,,306.21,306.37,,L,100,101,53181947833777,,regular,
348,COIN,306.4446,6027508,2025-08-26T18:44:00Z,False,106642.7208,average_price_trade,306.43,306.66,,L,120,10,53040275301536,,regular,
520,COIN,306.47,6024789,2025-08-26T18:43:44Z,False,159364.40,,306.47,306.60,,L,1,7,53024327514330,,regular,
998,COIN,306.47,6023166,2025-08-26T18:43:29Z,False,305857.06,,306.43,306.65,,L,5,10,53009028003148,,regular,
369,COIN,306.32,6018492,2025-08-26T18:43:01Z,False,113032.08,contingent_trade,306.43,306.62,,L,28,10,52981642183789,qualified_contingent_trade,regular,
369,COIN,306.32,6018861,2025-08-26T18:43:01Z,False,113032.08,contingent_trade,306.43,306.62,,L,28,10,52981642638667,qualified_contingent_trade,regular,
1000,COIN,306.7072,6017034,2025-08-26T18:42:52Z,False,306707.2000,,306.54,306.71,,L,138,10,52972312027822,,regular,
500,COIN,306.7445,6012422,2025-08-26T18:42:27Z,False,153372.2500,,306.66,306.79,,L,100,100,52947098026278,,regular,
1000,COIN,306.5001,6004589,2025-08-26T18:42:10Z,False,306500.1000,,306.50,306.64,,L,101,101,52930171518749,,regular,
400,COIN,306.4974,6001485,2025-08-26T18:41:33Z,False,122598.9600,,306.41,306.50,,L,4,25,52893448530223,,regular,
500,COIN,306.572,5999056,2025-08-26T18:41:20Z,False,153286.000,,306.51,306.66,,L,100,43,52880047404759,,regular,
500,COIN,306.50,5996522,2025-08-26T18:41:12Z,False,153250.00,,306.49,306.55,,L,1,31,52872571391654,,regular,
400,COIN,306.50,5996022,2025-08-26T18:41:12Z,False,122600.00,,306.49,306.55,,L,1,31,52872570866187,,regular,
1000,COIN,306.29,5985751,2025-08-26T18:40:35Z,False,306290.00,,306.14,306.29,,L,1050,21,52835914618481,,regular,
500,COIN,306,5978438,2025-08-26T18:39:44Z,False,153000,,306,306.21,,L,50,300,52784725792516,,regular,
400,COIN,305.77,5972642,2025-08-26T18:38:39Z,False,122308.00,,305.77,306,,L,102,20,52719854477116,,regular,
549,COIN,305.86,5970374,2025-08-26T18:38:11Z,False,167917.14,,305.86,306.15,,L,50,100,52691273576514,,regular,
1000,COIN,305.7501,5949712,2025-08-26T18:34:30Z,False,305750.1000,,305.84,305.97,,L,210,57,52470846460334,,regular,
700,COIN,305.85,5947989,2025-08-26T18:34:24Z,False,214095.00,,305.84,305.90,,L,15,7,52464991628847,,regular,
400,COIN,305.915,5945551,2025-08-26T18:34:23Z,False,122366.000,,305.90,305.98,,L,376,8,52463929273475,,regular,
600,COIN,305.886,5944222,2025-08-26T18:34:12Z,False,183531.600,,305.87,305.98,,L,400,8,52452979181778,,regular,
497,COIN,305.8513,5942271,2025-08-26T18:33:57Z,False,152008.0961,,305.84,305.92,,L,1,22,52437139179301,,regular,
380,COIN,305.9345,5941768,2025-08-26T18:33:55Z,False,116255.1100,,305.85,305.92,,L,1,3,52435415713490,,regular,
422,COIN,305.91,5939093,2025-08-26T18:33:35Z,False,129094.02,,305.85,306.05,,L,700,4,52415889483943,,regular,
500,COIN,305.915,5937711,2025-08-26T18:33:31Z,False,152957.500,,305.85,305.98,,L,202,4,52411831899966,,regular,
377,COIN,305.8515,5936711,2025-08-26T18:33:21Z,False,115306.0155,,305.85,306,,L,300,15,52401537075796,,regular,
500,COIN,305.945,5935939,2025-08-26T18:33:12Z,False,152972.500,,305.85,306.04,,L,105,16,52392282603241,,regular,
480,COIN,306.0285,5935238,2025-08-26T18:33:09Z,False,146893.6800,,305.85,306.04,,L,105,4,52389891382021,,regular,
550,COIN,305.97,5934036,2025-08-26T18:32:51Z,False,168283.50,,305.85,306.11,,L,30,11,52371810969433,,regular,
500,COIN,306.0096,5932851,2025-08-26T18:32:48Z,False,153004.8000,,305.93,306.20,,L,210,3,52368147631484,,regular,
480,COIN,306.14,5929229,2025-08-26T18:32:35Z,False,146947.20,,306,306.20,,L,10,218,52355753817439,,regular,
380,COIN,305.97,5927965,2025-08-26T18:32:16Z,False,116268.60,,305.99,306.09,,L,100,8,52336793413595,,regular,
480,COIN,306.045,5923325,2025-08-26T18:31:26Z,False,146901.600,,305.89,306.17,,L,10,104,52286506959907,,regular,
380,COIN,306.2199,5922631,2025-08-26T18:31:19Z,False,116363.5620,,305.84,306.22,,L,500,10,52279603910743,,regular,
592,COIN,306.10,5919934,2025-08-26T18:31:10Z,False,181211.20,,306.07,306.23,,L,57,100,52270862166288,,regular,
350,COIN,306.2089,5914707,2025-08-26T18:31:05Z,False,107173.1150,,306.10,306.21,,L,111,100,52265756688562,,regular,
500,COIN,306.10,5914268,2025-08-26T18:31:05Z,False,153050.00,,306.10,306.21,,L,111,100,52265403016856,,regular,
480,COIN,306.2773,5911116,2025-08-26T18:30:57Z,False,147013.1040,,306.17,306.40,,L,50,201,52257794903843,,regular,
500,COIN,306.275,5909528,2025-08-26T18:30:56Z,False,153137.500,,306.31,306.40,,L,50,200,52256159978792,,regular,
500,COIN,306.25,5908955,2025-08-26T18:30:55Z,False,153125.00,,306.21,306.31,,L,1,22,52255300745877,,regular,
600,COIN,306.2399,5904580,2025-08-26T18:30:41Z,False,183743.9400,,306.16,306.24,,L,19,36,52241788950577,,regular,
1099,COIN,306.1699,5902317,2025-08-26T18:30:38Z,False,336480.7201,,306.10,306.14,,L,29,7,52238990718140,,regular,
400,COIN,305.995,5899948,2025-08-26T18:30:21Z,False,122398.000,,305.99,306.12,,L,80,1,52221496775416,,regular,
550,COIN,306.08,5899307,2025-08-26T18:30:18Z,False,168344.00,,305.81,306.08,,L,200,10,52218737380962,,regular,
334,COIN,305.94,5896758,2025-08-26T18:30:14Z,False,102183.96,,305.80,306.08,,L,205,313,52214636415662,,regular,
1000,COIN,305.7501,5893982,2025-08-26T18:29:51Z,False,305750.1000,,305.75,306.08,,L,205,304,52191714348013,,regular,
480,COIN,305.59,5883247,2025-08-26T18:29:05Z,False,146683.20,,305.47,305.70,,L,5,403,52145678487139,,regular,
480,COIN,305.6977,5882669,2025-08-26T18:29:01Z,False,146734.8960,,305.47,305.70,,L,300,302,52141455759625,,regular,
2200,COIN,305.60,5880204,2025-08-26T18:28:53Z,False,672320.00,contingent_trade,305.51,305.70,,L,40,20,52133668402897,qualified_contingent_trade,regular,
480,COIN,305.605,5876726,2025-08-26T18:28:29Z,False,146690.400,,305.50,305.70,,L,65,10,52109014468437,,regular,
480,COIN,305.649,5875188,2025-08-26T18:28:24Z,False,146711.520,,305.58,305.73,,L,100,250,52104019832225,,regular,
1000,COIN,305.5601,5872910,2025-08-26T18:28:06Z,False,305560.1000,,305.55,305.75,,L,100,1,52086369555271,,regular,
400,COIN,305.64,5871865,2025-08-26T18:28:04Z,False,122256.00,,305.60,305.78,,L,200,2,52084540020016,,regular,
480,COIN,305.7665,5868480,2025-08-26T18:27:24Z,False,146767.9200,,305.63,305.89,,L,200,50,52044745926378,,regular,
480,COIN,305.8512,5867914,2025-08-26T18:27:11Z,False,146808.5760,,305.71,305.98,,L,105,50,52031638774091,,regular,
500,COIN,305.86,5866667,2025-08-26T18:26:55Z,False,152930.00,,305.63,305.90,,L,43,26,52015529889336,,regular,
330,COIN,305.73,5863613,2025-08-26T18:26:37Z,False,100890.90,,305.62,305.84,,L,100,100,51997092602043,,regular,
1000,COIN,305.5601,5862928,2025-08-26T18:26:18Z,False,305560.1000,,305.60,305.88,,L,100,2,51978926854891,,regular,
1000,COIN,305.72,5861799,2025-08-26T18:26:15Z,False,305720.00,,305.70,305.88,,L,100,1,51975630656847,,regular,
450,COIN,305.7921,5860011,2025-08-26T18:26:13Z,False,137606.4450,,305.79,305.99,,L,5,463,51973417369651,,regular,
480,COIN,305.8866,5858817,2025-08-26T18:26:04Z,False,146825.5680,,305.83,305.99,,L,5,8,51964159416258,,regular,
500,COIN,305.87,5856655,2025-08-26T18:25:50Z,False,152935.00,,305.79,305.89,,L,105,342,51950866285735,,regular,
480,COIN,305.56,5850279,2025-08-26T18:25:23Z,False,146668.80,,305.52,305.63,,L,100,3,51923525870433,,regular,
500,COIN,305.6499,5849336,2025-08-26T18:25:12Z,False,152824.9500,,305.52,305.65,,L,210,3,51912910856343,,regular,
480,COIN,305.52,5848826,2025-08-26T18:25:09Z,False,146649.60,,305.52,305.65,,L,210,3,51909731827743,,regular,
378,COIN,305.40,5848030,2025-08-26T18:25:07Z,False,115441.20,,305.52,305.65,,L,100,3,51907299426435,,regular,
480,COIN,305.5625,5847448,2025-08-26T18:25:01Z,False,146670.0000,,305.52,305.65,,L,205,3,51901909891531,,regular,
480,COIN,305.6475,5846909,2025-08-26T18:24:58Z,False,146710.8000,,305.52,305.65,,L,205,3,51898433731335,,regular,
1200,COIN,305.41,5844279,2025-08-26T18:24:23Z,False,366492.00,,305.30,305.55,,L,105,1,51863827970788,,regular,
1000,COIN,305.27,5843078,2025-08-26T18:24:19Z,False,305270.00,,305.30,305.55,,L,105,1,51859914946085,,regular,
600,COIN,305.4382,5842027,2025-08-26T18:24:17Z,False,183262.9200,,305.30,305.55,,L,55,1,51857835563622,,regular,
500,COIN,305.34,5838826,2025-08-26T18:24:05Z,False,152670.00,,305.27,305.41,,L,131,1205,51845380905839,,regular,
1000,COIN,305.345,5838324,2025-08-26T18:24:03Z,False,305345.000,,305.27,305.42,,L,236,105,51843239541400,,regular,
625,COIN,305.333,5837304,2025-08-26T18:24:02Z,False,190833.125,,305.27,305.42,,L,331,105,51842469365699,,regular,
500,COIN,305.49,5830440,2025-08-26T18:22:44Z,False,152745.00,,305.41,305.65,,L,100,5,51764740892292,,regular,
1046,COIN,305.6998,5828084,2025-08-26T18:22:18Z,False,319761.9908,,305.50,305.60,,L,20,1,51738740679435,,regular,
480,COIN,305.63,5827018,2025-08-26T18:22:17Z,False,146702.40,,305.50,305.60,,L,20,1,51737744880384,,regular,
480,COIN,305.5115,5826500,2025-08-26T18:22:14Z,False,146645.5200,,305.41,305.60,,L,20,2,51734071841318,,regular,
470,COIN,305.759,5823469,2025-08-26T18:21:23Z,False,143706.730,,305.59,305.85,,L,205,110,51683112345448,,regular,
1000,COIN,305.5901,5822981,2025-08-26T18:21:22Z,False,305590.1000,,305.69,305.85,,L,50,8,51682855389575,,regular,
358,COIN,305.73,5821814,2025-08-26T18:21:21Z,False,109451.34,,305.69,305.85,,L,50,8,51681848587752,,regular,
997,COIN,305.5928,5821456,2025-08-26T18:21:21Z,False,304676.0216,,305.69,305.85,,L,50,8,51681488300088,,regular,
480,COIN,305.725,5820042,2025-08-26T18:21:07Z,False,146748.000,,305.69,305.85,,L,50,8,51667915756541,,regular,
480,COIN,305.7332,5814939,2025-08-26T18:20:50Z,False,146751.9360,,305.69,305.75,,L,81,121,51650573445485,,regular,
480,COIN,305.705,5814233,2025-08-26T18:20:46Z,False,146738.400,,305.66,305.78,,L,1054,86,51646554556089,,regular,
3700,COIN,305.67,5810611,2025-08-26T18:20:17Z,False,1130979.00,,305.65,305.80,,L,120,7,51617431202385,,regular,
480,COIN,305.555,5801771,2025-08-26T18:19:13Z,False,146666.400,,305.50,305.80,,L,100,16,51553982603903,,regular,
380,COIN,305.7432,5799882,2025-08-26T18:19:08Z,False,116182.4160,,305.70,305.80,,L,1,15,51548728384344,,regular,
999,COIN,305.5801,5795666,2025-08-26T18:18:40Z,False,305274.5199,,305.63,305.91,,L,100,8,51520098394887,,regular,
700,COIN,305.5801,5794652,2025-08-26T18:18:39Z,False,213906.0700,,305.75,305.90,,L,10,5,51519942629644,,regular,
900,COIN,305.8946,5789787,2025-08-26T18:18:37Z,False,275305.1400,,305.75,305.90,,L,10,3,51517151437722,,regular,
500,COIN,305.855,5775714,2025-08-26T18:17:56Z,False,152927.500,,305.72,306,,L,305,50,51476897469394,,regular,
400,COIN,305.916,5773609,2025-08-26T18:17:46Z,False,122366.400,,305.77,305.99,,L,50,8,51466050020436,,regular,
480,COIN,305.9882,5772356,2025-08-26T18:17:42Z,False,146874.3360,,305.86,305.99,,L,50,3,51462659995045,,regular,
500,COIN,305.81,5769279,2025-08-26T18:17:35Z,False,152905.00,,305.75,305.89,,L,194,3,51455473981930,,regular,
500,COIN,305.9118,5768139,2025-08-26T18:17:13Z,False,152955.9000,,305.80,306,,L,172,20,51433969739629,,regular,
832,COIN,305.7112,5765542,2025-08-26T18:16:58Z,False,254351.7184,,305.75,306,,L,110,3,51418148429488,,regular,
1246,COIN,305.7112,5766788,2025-08-26T18:16:58Z,False,380916.1552,,305.75,306,,L,110,3,51418148456834,,regular,
526,COIN,305.79,5764710,2025-08-26T18:16:58Z,False,160845.54,,305.75,306,,L,110,3,51418147103262,,regular,
500,COIN,306.21,5755633,2025-08-26T18:15:34Z,False,153105.00,,306.03,306.21,,L,1,100,51334346892878,,regular,
380,COIN,306.10,5753881,2025-08-26T18:15:27Z,False,116318.00,,305.96,306.25,,L,80,280,51327050266442,,regular,
480,COIN,306.11,5747591,2025-08-26T18:15:22Z,False,146932.80,,306.11,306.25,,L,150,5,51322060656827,,regular,
480,COIN,306.109,5744010,2025-08-26T18:15:05Z,False,146932.320,,306.06,306.24,,L,5,5,51305135773579,,regular,
380,COIN,305.85,5730916,2025-08-26T18:14:27Z,False,116223.00,,305.75,305.93,,L,65,106,51267628471470,,regular,
480,COIN,305.75,5729947,2025-08-26T18:14:21Z,False,146760.00,,305.75,305.91,,L,10,5,51261641109744,,regular,
480,COIN,306.0782,5725329,2025-08-26T18:14:02Z,False,146917.5360,,306,306.16,,L,50,301,51242452499232,,regular,
1000,COIN,306.0001,5724646,2025-08-26T18:14:01Z,False,306000.1000,,306,306.16,,L,50,301,51241331970112,,regular,
400,COIN,306.0018,5723496,2025-08-26T18:13:56Z,False,122400.7200,,306,306.16,,L,50,301,51236519879817,,regular,
829,COIN,306.09,5721015,2025-08-26T18:13:36Z,False,253748.61,,306,306.18,,L,130,300,51216687018554,,regular,
770,COIN,306.126,5718826,2025-08-26T18:13:32Z,False,235717.020,,306,306.18,,L,130,100,51212212618337,,regular,
400,COIN,305.9801,5715539,2025-08-26T18:13:16Z,False,122392.0400,,305.98,306.20,,L,100,100,51196621423761,,regular,
480,COIN,305.94,5711222,2025-08-26T18:13:08Z,False,146851.20,,305.94,306,,L,10,44,51188564017319,,regular,
1000,COIN,305.9292,5710742,2025-08-26T18:13:07Z,False,305929.2000,,305.94,306.04,,L,50,44,51187131303534,,regular,
600,COIN,306.0501,5706284,2025-08-26T18:12:51Z,False,183630.0600,,306.09,306.35,,L,180,100,51171864542191,,regular,
1000,COIN,306.0501,5705152,2025-08-26T18:12:51Z,False,306050.1000,,306.09,306.35,,L,180,100,51171589896039,,regular,
1148,COIN,306.4178,5697405,2025-08-26T18:12:34Z,False,351767.6344,,306.22,306.45,,L,53,40,51154577326726,,regular,
400,COIN,306.38,5692437,2025-08-26T18:12:26Z,False,122552.00,,306.37,306.47,,L,103,8,51146378678713,,regular,
577,COIN,306.455,5690942,2025-08-26T18:12:23Z,False,176824.535,,306.38,306.50,,L,100,200,51143015602554,,regular,
423,COIN,306.455,5691365,2025-08-26T18:12:23Z,False,129630.465,,306.38,306.50,,L,100,200,51143015903158,,regular,
480,COIN,306.44,5687687,2025-08-26T18:12:14Z,False,147091.20,,306.38,306.46,,L,50,100,51134695850696,,regular,
500,COIN,306.325,5677903,2025-08-26T18:11:54Z,False,153162.500,,306.25,306.40,,L,100,100,51114880401452,,regular,
700,COIN,306.15,5676790,2025-08-26T18:11:52Z,False,214305.00,,306.32,306.40,,L,100,201,51112307753039,,regular,
500,COIN,306.312,5674242,2025-08-26T18:11:47Z,False,153156.000,,306.15,306.33,,L,50,300,51107490874853,,regular,
817,COIN,306.1346,5671689,2025-08-26T18:11:40Z,False,250111.9682,,306.13,306.47,,L,100,100,51100463539495,,regular,
470,COIN,306.14,5669555,2025-08-26T18:11:37Z,False,143885.80,,306.12,306.48,,L,1,80,51097767215421,,regular,
399,COIN,306.32,5663766,2025-08-26T18:11:32Z,False,122221.68,,306.25,306.47,,L,100,203,51092155000011,,regular,
1000,COIN,306.26,5662955,2025-08-26T18:11:32Z,False,306260.00,,306.25,306.47,,L,100,203,51092146119080,,regular,
400,COIN,306.39,5659599,2025-08-26T18:11:30Z,False,122556.00,,306.33,306.46,,L,100,204,51090068545911,,regular,
600,COIN,306.299,5647371,2025-08-26T18:11:09Z,False,183779.400,,306.11,306.30,,L,401,209,51069858509908,,regular,
500,COIN,306.299,5646220,2025-08-26T18:11:08Z,False,153149.500,,306.07,306.30,,L,401,101,51068047056929,,regular,
400,COIN,305.6899,5632808,2025-08-26T18:11:03Z,False,122275.9600,,305.60,305.69,,L,200,1,51063066319770,,regular,
500,COIN,305.5206,5630035,2025-08-26T18:10:59Z,False,152760.3000,,305.52,305.60,,L,267,200,51059281594222,,regular,
500,COIN,305.53,5627364,2025-08-26T18:10:55Z,False,152765.00,,305.44,305.55,,L,25,101,51055287770007,,regular,
502,COIN,305.60,5621612,2025-08-26T18:10:50Z,False,153411.20,,305.48,305.56,,L,227,200,51050064234049,,regular,
500,COIN,305.598,5616043,2025-08-26T18:10:39Z,False,152799.000,,305.57,305.65,,L,100,100,51039400770493,,regular,
400,COIN,305.405,5613176,2025-08-26T18:10:37Z,False,122162.000,,305.43,305.53,,L,62,55,51037803447335,,regular,
897,COIN,305.3001,5611488,2025-08-26T18:10:33Z,False,273854.1897,,305.30,305.45,,L,50,100,51033592833649,,regular,
500,COIN,305.11,5597706,2025-08-26T18:10:05Z,False,152555.00,,305,305.11,,L,150,10,51005512798422,,regular,
1000,COIN,304.3499,5571017,2025-08-26T18:09:14Z,False,304349.9000,,304.12,304.30,,L,17,245,50954928051200,,regular,
363,COIN,304.2514,5565577,2025-08-26T18:07:09Z,False,110443.2582,,304.18,304.34,,L,1,111,50829878581791,,regular,
500,COIN,304.18,5563945,2025-08-26T18:06:37Z,False,152090.00,,304.34,304.45,,L,1,200,50797524898205,,regular,
1000,COIN,304.395,5562457,2025-08-26T18:06:25Z,False,304395.000,,304.29,304.45,,L,1,214,50785662848456,,regular,
499,COIN,304.285,5559910,2025-08-26T18:05:52Z,False,151838.215,,304.20,304.37,,L,200,100,50752212695150,,regular,
400,COIN,304.32,5554595,2025-08-26T18:05:05Z,False,121728.00,,304.17,304.35,,L,200,211,50705028431894,,regular,
400,COIN,304.3602,5553383,2025-08-26T18:04:49Z,False,121744.0800,average_price_trade,304.22,304.37,,L,9,1,50689008390593,derivative_priced,regular,
500,COIN,304.3548,5552878,2025-08-26T18:04:36Z,False,152177.4000,,304.19,304.47,,L,50,1,50676506968743,,regular,
1000,COIN,304.3157,5546454,2025-08-26T18:03:41Z,False,304315.7000,,304.27,304.37,,L,4,2,50621474250064,,regular,
500,COIN,304.4164,5542311,2025-08-26T18:03:18Z,False,152208.2000,,304.31,304.50,,L,290,101,50598967077166,,regular,
1500,COIN,304.4899,5540055,2025-08-26T18:02:32Z,False,456734.8500,,304.30,304.49,,L,150,1,50552008069678,,regular,
1000,COIN,304.1901,5538298,2025-08-26T18:02:19Z,False,304190.1000,,304.30,304.49,,L,50,1,50539330439379,,regular,
800,COIN,304,5525246,2025-08-26T18:00:42Z,False,243200,,303.95,304.08,,L,45,201,50442540003491,,regular,
400,COIN,304,5522499,2025-08-26T18:00:41Z,False,121600,,303.88,304,,L,341,1,50441817370787,,regular,
400,COIN,303.772,5519148,2025-08-26T18:00:16Z,False,121508.800,,303.59,303.87,,L,9,304,50416862585117,,regular,
1000,COIN,303.74,5507123,2025-08-26T17:57:28Z,False,303740.00,contingent_trade,303.69,303.80,,L,100,100,50248655957141,qualified_contingent_trade,regular,
400,COIN,303.73,5503890,2025-08-26T17:57:19Z,False,121492.00,,303.54,303.73,,L,654,100,50239609301461,,regular,
600,COIN,303.73,5503215,2025-08-26T17:57:19Z,False,182238.00,,303.54,303.73,,L,654,100,50239453197340,,regular,
550,COIN,303.50,5492558,2025-08-26T17:54:19Z,False,166925.00,,303.50,303.60,,L,231,101,50059252357973,,regular,
1000,COIN,303.40,5489813,2025-08-26T17:53:31Z,False,303400.00,,303.32,303.50,,L,201,4,50011083065801,,regular,
958,COIN,303.6001,5475873,2025-08-26T17:49:46Z,False,290848.8958,,303.66,303.83,,L,46,15,49786012346960,,regular,
3600,COIN,303.31,5459286,2025-08-26T17:46:05Z,False,1091916.00,,303.47,303.59,,L,103,1,49565595389537,,regular,
380,COIN,303.51,5448956,2025-08-26T17:43:17Z,False,115333.80,,303.50,303.60,,L,2,41,49397791347018,,regular,
480,COIN,303.4465,5448295,2025-08-26T17:43:05Z,False,145654.3200,,303.48,303.61,,L,25,14,49385457719946,,regular,
350,COIN,303.50,5447671,2025-08-26T17:42:54Z,False,106225.00,,303.48,303.61,,L,25,14,49374854649743,,regular,
396,COIN,303.4053,5446951,2025-08-26T17:42:51Z,False,120148.4988,average_price_trade,303.35,303.57,,L,100,5,49371970847249,,regular,
500,COIN,303.4095,5443910,2025-08-26T17:42:09Z,False,151704.7500,,303.37,303.58,,L,200,1,49329334348875,,regular,
480,COIN,304.0356,5426622,2025-08-26T17:39:35Z,False,145937.0880,,303.96,304.10,,L,100,2,49175710352576,,regular,
480,COIN,304.0244,5425965,2025-08-26T17:39:25Z,False,145931.7120,,303.97,304.04,,L,51,9,49165010362757,,regular,
650,COIN,303.9999,5424249,2025-08-26T17:39:23Z,False,197599.9350,,303.89,304,,L,300,3,49163448095438,,regular,
1000,COIN,303.88,5421994,2025-08-26T17:38:23Z,False,303880.00,contingent_trade,303.75,304,,L,16,112,49103730905887,qualified_contingent_trade,regular,
380,COIN,303.7798,5417776,2025-08-26T17:37:23Z,False,115436.3240,,303.60,303.93,,L,49,3,49043059502549,,regular,
380,COIN,303.878,5416265,2025-08-26T17:37:19Z,False,115473.640,,303.75,303.88,,L,30,1,49039898092724,,regular,
480,COIN,303.7194,5407231,2025-08-26T17:35:25Z,False,145785.3120,,303.60,303.93,,L,206,1,48925864657314,,regular,
380,COIN,303.5687,5406418,2025-08-26T17:35:16Z,False,115356.1060,,303.60,303.93,,L,211,1,48916385373415,,regular,
480,COIN,303.60,5405645,2025-08-26T17:35:08Z,False,145728.00,,303.60,303.93,,L,211,1,48908585745617,,regular,
350,COIN,303.7212,5404923,2025-08-26T17:35:05Z,False,106302.4200,,303.75,303.93,,L,211,53,48905928832007,,regular,
380,COIN,303.745,5403472,2025-08-26T17:34:23Z,False,115423.100,,303.54,303.96,,L,206,80,48863877468311,,regular,
380,COIN,303.74,5402056,2025-08-26T17:34:12Z,False,115421.20,,303.60,303.96,,L,206,2,48852714140714,,regular,
380,COIN,303.932,5395397,2025-08-26T17:33:37Z,False,115494.160,,303.77,304.07,,L,200,110,48817291593685,,regular,
480,COIN,303.78,5394844,2025-08-26T17:33:29Z,False,145814.40,,303.77,304.07,,L,200,110,48809128790699,,regular,
380,COIN,303.959,5389116,2025-08-26T17:32:27Z,False,115504.420,,303.87,304.12,,L,100,4,48747323741670,,regular,
480,COIN,303.96,5386754,2025-08-26T17:32:03Z,False,145900.80,,303.96,304.19,,L,100,1,48723818322789,,regular,
380,COIN,303.911,5382714,2025-08-26T17:31:30Z,False,115486.180,,303.72,304,,L,3,50,48690991053987,,regular,
480,COIN,303.69,5382220,2025-08-26T17:31:22Z,False,145771.20,,303.69,304,,L,3,1,48682840870155,,regular,
480,COIN,303.735,5379756,2025-08-26T17:31:04Z,False,145792.800,,303.63,303.86,,L,1,10,48664123550320,,regular,
400,COIN,303.86,5378994,2025-08-26T17:31:01Z,False,121544.00,,303.79,303.94,,L,202,154,48661077556388,,regular,
712,COIN,303.7101,5368272,2025-08-26T17:29:20Z,False,216241.5912,,303.71,303.99,,L,401,302,48560054620827,,regular,
350,COIN,303.54,5363526,2025-08-26T17:27:57Z,False,106239.00,contingent_trade,303.63,303.79,,L,345,10,48477335266974,qualified_contingent_trade,regular,
400,COIN,303.9125,5359712,2025-08-26T17:26:55Z,False,121565.0000,average_price_trade,303.82,304.14,,L,150,50,48415603096793,derivative_priced,regular,
818,COIN,303.89,5351956,2025-08-26T17:25:11Z,False,248582.02,,303.89,304,,L,161,3,48311892111602,,regular,
550,COIN,304,5350522,2025-08-26T17:25:00Z,False,167200,,303.89,303.98,,L,9,3,48300549023989,,regular,
1000,COIN,303.8515,5346518,2025-08-26T17:24:27Z,False,303851.5000,,303.85,304,,L,532,324,48267770551537,,regular,
1000,COIN,303.7501,5345009,2025-08-26T17:24:20Z,False,303750.1000,,303.75,304,,L,532,100,48260819130016,,regular,
600,COIN,303.78,5332989,2025-08-26T17:22:52Z,False,182268.00,,303.69,303.87,,L,105,112,48172367134642,,regular,
400,COIN,303.60,5325540,2025-08-26T17:21:29Z,False,121440.00,,303.51,303.77,,L,1,20,48089289387580,,regular,
1000,COIN,303.282,5314414,2025-08-26T17:20:17Z,False,303282.000,,303.08,303.29,,L,100,8,48017198360089,,regular,
500,COIN,303.10,5311850,2025-08-26T17:20:13Z,False,151550.00,,303,303.16,,L,183,318,48013252195103,,regular,
480,COIN,303.046,5289730,2025-08-26T17:19:57Z,False,145462.080,,303,303.10,,L,101,50,47997783406844,,regular,
560,COIN,303.11,5289123,2025-08-26T17:19:48Z,False,169741.60,contingent_trade,303,303.10,,L,101,50,47988471554724,qualified_contingent_trade,regular,
448,COIN,303.11,5288563,2025-08-26T17:19:48Z,False,135793.28,contingent_trade,303,303.10,,L,101,50,47988467997878,qualified_contingent_trade,regular,
336,COIN,303.0029,5288059,2025-08-26T17:19:48Z,False,101808.9744,contingent_trade,303,303.10,,L,101,50,47988461717461,qualified_contingent_trade,regular,
400,COIN,303.0386,5287163,2025-08-26T17:19:48Z,False,121215.4400,contingent_trade,303,303.10,,L,101,50,47988365052099,qualified_contingent_trade,regular,
400,COIN,303.0386,5286603,2025-08-26T17:19:48Z,False,121215.4400,contingent_trade,303,303.10,,L,101,50,47988364348401,qualified_contingent_trade,regular,
700,COIN,303.16,5283638,2025-08-26T17:19:23Z,False,212212.00,,303.05,303.16,,L,183,4,47963389771834,,regular,
424,COIN,303.035,5282578,2025-08-26T17:19:06Z,False,128486.840,,302.99,303.16,,L,184,1,47946914768224,,regular,
1900,COIN,302.99,5273508,2025-08-26T17:18:06Z,False,575681.00,,302.86,302.99,,L,104,139,47886737418194,,regular,
758,COIN,303.0709,5267534,2025-08-26T17:17:46Z,False,229727.7422,,302.80,303.08,,L,200,100,47866456396055,,regular,
470,COIN,302.7585,5263371,2025-08-26T17:17:07Z,False,142296.4950,,302.65,302.96,,L,121,209,47827745876449,,regular,
480,COIN,302.6814,5261698,2025-08-26T17:16:46Z,False,145287.0720,contingent_trade,302.60,302.79,,L,105,100,47806631501864,qualified_contingent_trade,regular,
480,COIN,302.65,5259363,2025-08-26T17:16:19Z,False,145272.00,,302.53,302.78,,L,1,50,47779116255354,,regular,
524,COIN,302.68,5257496,2025-08-26T17:15:59Z,False,158604.32,,302.50,302.68,,L,205,370,47759712861212,,regular,
370,COIN,302.68,5255190,2025-08-26T17:15:53Z,False,111991.60,,302.57,302.68,,L,125,50,47753306699801,,regular,
429,COIN,302.855,5248904,2025-08-26T17:15:37Z,False,129924.795,,302.70,303.01,,L,105,601,47737479737250,,regular,
500,COIN,302.90,5244587,2025-08-26T17:15:03Z,False,151450.00,,302.90,303.02,,L,213,200,47703230357185,,regular,
448,COIN,302.7171,5221412,2025-08-26T17:13:44Z,False,135617.2608,contingent_trade,302.75,302.84,,L,300,1,47624552686514,qualified_contingent_trade,regular,
336,COIN,302.7172,5221748,2025-08-26T17:13:44Z,False,101712.9792,contingent_trade,302.75,302.84,,L,300,1,47624552847850,qualified_contingent_trade,regular,
500,COIN,302.695,5219499,2025-08-26T17:13:32Z,False,151347.500,,302.70,302.79,,2,101,14,47612103962226,,regular,
600,COIN,302.7076,5214041,2025-08-26T17:12:48Z,False,181624.5600,,302.67,302.80,,L,106,4,47568680923308,,regular,
480,COIN,302.6812,5212138,2025-08-26T17:12:32Z,False,145286.9760,,302.58,302.80,,L,6,264,47552033902157,,regular,
400,COIN,302.74,5211038,2025-08-26T17:12:26Z,False,121096.00,,302.58,302.90,,L,103,223,47546359630802,,regular,
1000,COIN,302.5801,5209403,2025-08-26T17:12:14Z,False,302580.1000,,302.76,302.90,,L,113,6,47534090987510,,regular,
712,COIN,302.58,5207945,2025-08-26T17:12:10Z,False,215436.96,,302.76,302.90,,L,113,6,47530878813213,,regular,
380,COIN,302.742,5202572,2025-08-26T17:11:35Z,False,115041.960,,302.75,302.88,,L,19,3,47495048425453,,regular,
480,COIN,302.60,5201679,2025-08-26T17:11:23Z,False,145248.00,,302.60,302.87,,L,1,3,47483868297819,,regular,
480,COIN,302.7072,5199880,2025-08-26T17:11:05Z,False,145299.4560,,302.58,302.81,,L,3,50,47465924852964,,regular,
530,COIN,302.74,5196857,2025-08-26T17:11:02Z,False,160452.20,,302.73,302.94,,L,2,20,47462581602885,,regular,
785,COIN,302.57,5195830,2025-08-26T17:11:01Z,False,237517.45,,302.57,302.64,,L,1,200,47461331577673,,regular,
600,COIN,302.50,5190520,2025-08-26T17:10:46Z,False,181500.00,,302.56,302.73,,L,29,1,47446571422971,,regular,
400,COIN,302.7101,5187658,2025-08-26T17:10:40Z,False,121084.0400,,302.75,303.03,,L,101,16,47440657220706,,regular,
400,COIN,302.711,5187258,2025-08-26T17:10:40Z,False,121084.400,,302.75,303.03,,L,101,16,47440656989354,,regular,
1000,COIN,302.7207,5186562,2025-08-26T17:10:38Z,False,302720.7000,,302.88,303.02,,L,91,12,47438038757245,,regular,
700,COIN,302.71,5185486,2025-08-26T17:10:38Z,False,211897.00,,302.88,303.02,,L,91,12,47438036117434,,regular,
2000,COIN,302.9101,5183302,2025-08-26T17:10:36Z,False,605820.2000,,302.94,303.14,,L,109,1,47436065043113,,regular,
5000,COIN,303.1399,5175676,2025-08-26T17:10:31Z,False,1515699.5000,,303,303.14,,L,115,1025,47431184543286,,regular,
396,COIN,303.06,5165237,2025-08-26T17:10:18Z,False,120011.76,,303.05,303.25,,L,18,3,47418302931736,,regular,
350,COIN,303.20,5154658,2025-08-26T17:09:37Z,False,106120.00,,303.30,303.45,,L,316,5,47377256391732,,regular,
604,COIN,303.21,5152282,2025-08-26T17:09:28Z,False,183138.84,,303.21,303.46,,L,1,167,47368966825776,,regular,
2500,COIN,303.45,5149998,2025-08-26T17:09:20Z,False,758625.00,,303.20,303.45,,L,108,6,47360737302777,,regular,
500,COIN,303.3514,5146109,2025-08-26T17:08:54Z,False,151675.7000,average_price_trade,303.20,303.47,,L,100,104,47334511274946,,regular,
1000,COIN,303.2001,5141941,2025-08-26T17:08:10Z,False,303200.1000,,303.35,303.51,,L,200,36,47290345458771,,regular,
594,COIN,304.4971,5124871,2025-08-26T17:05:58Z,False,180871.2774,,304.21,304.50,,L,231,58,47158507638327,,regular,
1900,COIN,304.296,5123492,2025-08-26T17:05:45Z,False,578162.400,,304.27,304.47,,L,93,11,47145194751145,,regular,
