size,ticker,price,volume,executed_at,canceled,premium,sale_cond_codes,nbbo_ask,nbbo_bid,ext_hour_sold_codes,market_center,nbbo_ask_quantity,nbbo_bid_quantity,tracking_id,trade_code,trade_settlement,trf_executed_at
1129,DUOL,165.8,2680473,2026-01-13T21:00:33Z,False,187188.2,prior_reference_price,166.5,165.5,extended_hours_trade,L,55,346,22136337076696,,regular,2026-01-13T21:00:33Z
4366,DUOL,165.8,2678488,2026-01-13T21:00:09Z,False,723882.8,,166.5,165.5,extended_hours_trade,L,55,346,22136337052908,,regular,2026-01-13T21:00:09Z
616,DUOL,165.8,2673654,2026-01-13T21:00:09Z,False,102132.8,,166.5,165.5,extended_hours_trade,L,55,346,22136337052900,,regular,2026-01-13T21:00:09Z
640,DUOL,165.8,2525158,2026-01-13T21:00:00Z,False,106112.0,,166.5,165.5,extended_hours_trade,L,55,346,22136337044252,,regular,2026-01-13T21:00:00Z
2220,DUOL,165.8,2523768,2026-01-13T21:00:00Z,False,368076.0,,166.5,165.5,extended_hours_trade,L,55,346,22136337044119,,regular,2026-01-13T21:00:00Z
840,DUOL,165.9825,2352935,2026-01-13T20:56:29Z,False,139425.3000,average_price_trade,165.82,165.65,,L,1600,232,22136336832810,derivative_priced,regular,2026-01-13T20:56:29Z
1360,DUOL,165.9872,2351194,2026-01-13T20:56:24Z,False,225742.5920,average_price_trade,165.82,165.65,,L,364,120,22136336828192,derivative_priced,regular,2026-01-13T20:56:24Z
1280,DUOL,166.398,2320699,2026-01-13T20:55:22Z,False,212989.440,average_price_trade,166.33,166.2,,L,338,120,22136336765639,derivative_priced,regular,2026-01-13T20:55:22Z
800,DUOL,166.6393,2275473,2026-01-13T20:54:17Z,False,133311.4400,average_price_trade,166.76,166.57,,L,764,80,22136336701264,derivative_priced,regular,2026-01-13T20:54:17Z
800,DUOL,166.6642,2274661,2026-01-13T20:54:17Z,False,133331.3600,average_price_trade,166.76,166.57,,L,764,80,22136336701239,derivative_priced,regular,2026-01-13T20:54:17Z
720,DUOL,166.6661,2273406,2026-01-13T20:54:17Z,False,119999.5920,average_price_trade,166.76,166.57,,L,764,80,22136336701165,derivative_priced,regular,2026-01-13T20:54:17Z
600,DUOL,166.765,2256543,2026-01-13T20:54:08Z,False,100059.000,,166.8,166.66,,L,5,186,22136336692569,,regular,2026-01-13T20:54:08Z
685,DUOL,166.765,2255927,2026-01-13T20:54:08Z,False,114234.025,,166.8,166.66,,L,5,186,22136336692565,,regular,2026-01-13T20:54:08Z
1000,DUOL,166.72,2250981,2026-01-13T20:53:25Z,False,166720.00,average_price_trade,166.87,166.61,,L,817,182,22136336649571,derivative_priced,regular,2026-01-13T20:53:25Z
1080,DUOL,166.644,2239102,2026-01-13T20:52:22Z,False,179975.520,average_price_trade,166.87,166.64,,L,315,299,22136336586225,derivative_priced,regular,2026-01-13T20:52:22Z
1440,DUOL,166.644,2238022,2026-01-13T20:52:22Z,False,239967.360,average_price_trade,166.87,166.64,,L,315,299,22136336586221,derivative_priced,regular,2026-01-13T20:52:22Z
800,DUOL,166.7218,2216947,2026-01-13T20:50:56Z,False,133377.4400,,166.88,166.54,,L,428,9,22136336500132,,regular,2026-01-13T20:50:56Z
880,DUOL,166.6349,2196649,2026-01-13T20:49:26Z,False,146638.7120,average_price_trade,166.76,166.63,,L,209,71,22136336409933,derivative_priced,regular,2026-01-13T20:49:26Z
1560,DUOL,166.6842,2194653,2026-01-13T20:49:22Z,False,260027.3520,average_price_trade,166.76,166.62,,L,209,162,22136336405587,derivative_priced,regular,2026-01-13T20:49:22Z
680,DUOL,166.6573,2189888,2026-01-13T20:48:24Z,False,113326.9640,average_price_trade,166.78,166.61,,L,313,144,22136336348171,derivative_priced,regular,2026-01-13T20:48:24Z
686,DUOL,166.715,2182532,2026-01-13T20:47:49Z,False,114366.490,,166.77,166.66,,L,123,212,22136336313002,,regular,2026-01-13T20:47:49Z
3040,DUOL,166.22,2162566,2026-01-13T20:45:04Z,False,505308.80,,166.34,166.1,,L,122,11,22136336147757,,regular,2026-01-13T20:45:04Z
1400,DUOL,166.5569,2158094,2026-01-13T20:44:39Z,False,233179.6600,average_price_trade,166.34,166.2,,L,161,19,22136336122814,derivative_priced,regular,2026-01-13T20:44:39Z
787,DUOL,166.18,2150641,2026-01-13T20:43:52Z,False,130783.66,,166.49,166.19,,L,153,10,22136336076171,,regular,2026-01-13T20:43:52Z
1000,DUOL,166.6,2132676,2026-01-13T20:42:19Z,False,166600.0,,166.6,166.4,,L,1094,10,22136335983469,,regular,2026-01-13T20:42:19Z
5000,DUOL,166.73,2101270,2026-01-13T20:36:39Z,False,833650.00,,166.68,166.5,,L,10,8,22136335643313,,regular,2026-01-13T20:36:39Z
800,DUOL,166.7,2081720,2026-01-13T20:34:33Z,False,133360.0,,166.7,166.58,,L,10,291,22136335517450,,regular,2026-01-13T20:34:33Z
804,DUOL,167,2077600,2026-01-13T20:33:35Z,False,134268,,167.08,166.94,,L,40,12,22136335458689,,regular,2026-01-13T20:33:35Z
5000,DUOL,167.07,2074312,2026-01-13T20:33:35Z,False,835350.00,,167.08,166.94,,L,40,12,22136335458676,,regular,2026-01-13T20:33:35Z
1200,DUOL,167.5,2044222,2026-01-13T20:31:30Z,False,201000.0,,167.5,167.26,,L,40,14,22136335334239,,regular,2026-01-13T20:31:30Z
680,DUOL,166.6038,2037083,2026-01-13T20:30:52Z,False,113290.5840,average_price_trade,166.9,166.77,,L,98,4,22136335296432,derivative_priced,regular,2026-01-13T20:30:52Z
774,DUOL,166.94,2010282,2026-01-13T20:26:12Z,False,129211.56,,167.17,166.91,,L,96,5,22136335016503,,regular,2026-01-13T20:26:12Z
1411,DUOL,167.09,1956175,2026-01-13T20:17:48Z,False,235763.99,,167.25,167.09,,L,5,10,22136334511698,,regular,2026-01-13T20:17:48Z
1080,DUOL,166.8238,1929362,2026-01-13T20:14:24Z,False,180169.7040,average_price_trade,167.2,167.06,,L,257,2,22136334307715,derivative_priced,regular,2026-01-13T20:14:24Z
1300,DUOL,166.845,1916931,2026-01-13T20:12:12Z,False,216898.500,,166.91,166.78,,L,35,94,22136334176416,,regular,2026-01-13T20:12:12Z
2500,DUOL,166.44,1910242,2026-01-13T20:11:12Z,False,416100.00,,166.69,166.44,,L,448,40,22136334116548,,regular,2026-01-13T20:11:12Z
800,DUOL,166.58,1905142,2026-01-13T20:10:21Z,False,133264.00,average_price_trade,166.69,166.4,,L,195,71,22136334065109,derivative_priced,regular,2026-01-13T20:10:21Z
1660,DUOL,165.77,1815919,2026-01-13T19:54:10Z,False,275178.20,,165.98,165.77,,L,82,30,22136333094090,,regular,2026-01-13T19:54:10Z
606,DUOL,166.41,1788600,2026-01-13T19:46:56Z,False,100844.46,,166.51,166.31,,L,40,108,22136332659609,,regular,2026-01-13T19:46:56Z
1000,DUOL,166.425,1787867,2026-01-13T19:46:50Z,False,166425.000,,166.5,166.4,,L,13,22,22136332654226,,regular,2026-01-13T19:46:50Z
798,DUOL,166.01,1769702,2026-01-13T19:45:21Z,False,132475.98,,166.11,165.92,,L,6037,30,22136332564908,,regular,2026-01-13T19:45:21Z
768,DUOL,166.1,1764983,2026-01-13T19:45:03Z,False,127564.8,,166.1,165.84,,L,1348,82,22136332547005,,regular,2026-01-13T19:45:03Z
1532,DUOL,166,1762535,2026-01-13T19:44:52Z,False,254312,,166,165.73,,L,52,4,22136332535990,,regular,2026-01-13T19:44:52Z
760,DUOL,165.75,1757385,2026-01-13T19:44:34Z,False,125970.00,,165.75,165.61,,L,73,49,22136332518283,,regular,2026-01-13T19:44:34Z
2399,DUOL,165.6601,1753795,2026-01-13T19:44:25Z,False,397418.5799,,165.86,165.65,,L,285,5,22136332508917,,regular,2026-01-13T19:44:25Z
1000,DUOL,165.06,1725412,2026-01-13T19:40:08Z,False,165060.00,,165.38,165.06,,L,131,260,22136332251908,,regular,2026-01-13T19:40:08Z
720,DUOL,165.14,1722282,2026-01-13T19:40:00Z,False,118900.80,,165.38,165.14,,L,83,21,22136332244401,,regular,2026-01-13T19:40:00Z
1000,DUOL,165.2,1710366,2026-01-13T19:38:24Z,False,165200.0,,165.43,165.2,,L,40,132,22136332147631,,regular,2026-01-13T19:38:24Z
4000,DUOL,165.7501,1693766,2026-01-13T19:37:10Z,False,663000.4000,,165.87,165.76,,L,20,4,22136332074196,,regular,2026-01-13T19:37:10Z
640,DUOL,165.8281,1684792,2026-01-13T19:36:21Z,False,106129.9840,average_price_trade,165.95,165.74,,L,210,252,22136332025576,derivative_priced,regular,2026-01-13T19:36:21Z
750,DUOL,165.7201,1682203,2026-01-13T19:35:35Z,False,124290.0750,,165.95,165.72,,L,231,263,22136331978716,,regular,2026-01-13T19:35:35Z
800,DUOL,164.565,1574375,2026-01-13T19:15:11Z,False,131652.000,,164.67,164.46,,L,110,156,22136330754622,,regular,2026-01-13T19:15:11Z
1079,DUOL,163.7799,1553666,2026-01-13T19:07:49Z,False,176718.5121,,163.77,163.5,,L,37,211,22136330313146,,regular,2026-01-13T19:07:49Z
800,DUOL,163.74,1552587,2026-01-13T19:07:49Z,False,130992.00,,163.77,163.5,,L,37,211,22136330313145,,regular,2026-01-13T19:07:49Z
800,DUOL,163.4301,1544606,2026-01-13T19:06:29Z,False,130744.0800,,163.44,163.37,,L,120,16,22136330232771,,regular,2026-01-13T19:06:29Z
3230,DUOL,163.5765,1537043,2026-01-13T19:05:11Z,False,528352.0950,,163.67,163.58,,L,40,1,22136330155230,,regular,2026-01-13T19:05:11Z
945,DUOL,163.11,1526388,2026-01-13T19:02:38Z,False,154138.95,,163.35,163.11,,L,80,42,22136330002324,,regular,2026-01-13T19:02:38Z
1300,DUOL,162.88,1519461,2026-01-13T19:00:13Z,False,211744.00,,163.13,162.89,,L,2,6,22136329857456,,regular,2026-01-13T19:00:13Z
682,DUOL,162.55,1433663,2026-01-13T18:28:31Z,False,110859.10,,162.54,162.4,,L,6,285,22136327955229,,regular,2026-01-13T18:28:31Z
1393,DUOL,162.44,1368943,2026-01-13T18:03:21Z,False,226278.92,,162.54,162.35,,L,105,1,22136326444595,,regular,2026-01-13T18:03:21Z
800,DUOL,162.44,1361086,2026-01-13T17:59:51Z,False,129952.00,,162.5,162.33,,L,1,15,22136326235037,,regular,2026-01-13T17:59:51Z
1083,DUOL,162.3901,1357816,2026-01-13T17:58:15Z,False,175868.4783,,162.6,162.39,,L,3,331,22136326138836,,regular,2026-01-13T17:58:15Z
1500,DUOL,162.37,1325181,2026-01-13T17:46:27Z,False,243555.00,,162.47,162.27,,L,53,299,22136325431145,,regular,2026-01-13T17:46:27Z
1049,DUOL,161.8,1291433,2026-01-13T17:39:43Z,False,169728.2,,161.9,161.75,,L,192,22,22136325027498,,regular,2026-01-13T17:39:43Z
800,DUOL,161.87,1289516,2026-01-13T17:39:34Z,False,129496.00,,161.9,161.75,,L,3,68,22136325018304,,regular,2026-01-13T17:39:34Z
800,DUOL,162.07,1283341,2026-01-13T17:38:52Z,False,129656.00,,162.08,162,,L,15,1109,22136324975981,,regular,2026-01-13T17:38:52Z
1697,DUOL,162.18,1279243,2026-01-13T17:38:26Z,False,275219.46,,162.28,162.18,,L,191,114,22136324950493,,regular,2026-01-13T17:38:26Z
1000,DUOL,162.7112,1269967,2026-01-13T17:35:41Z,False,162711.2000,,162.8,162.58,,L,268,20,22136324785060,,regular,2026-01-13T17:35:41Z
5000,DUOL,163.1099,1244003,2026-01-13T17:27:28Z,False,815549.5000,,163.11,163.02,,L,322,80,22136324292424,,regular,2026-01-13T17:27:28Z
5000,DUOL,163.11,1238735,2026-01-13T17:27:28Z,False,815550.00,,163.11,163.02,,L,322,80,22136324292422,,regular,2026-01-13T17:27:28Z
840,DUOL,163.2626,1232367,2026-01-13T17:26:25Z,False,137140.5840,average_price_trade,163.16,163.05,,L,234,1,22136324229220,derivative_priced,regular,2026-01-13T17:26:25Z
800,DUOL,163.1623,1230616,2026-01-13T17:26:14Z,False,130529.8400,,163.24,163.07,,L,307,172,22136324218264,,regular,2026-01-13T17:26:14Z
720,DUOL,162.9752,1175582,2026-01-13T17:02:22Z,False,117342.1440,average_price_trade,163.06,162.88,,L,203,103,22136322786186,derivative_priced,regular,2026-01-13T17:02:22Z
720,DUOL,163.0873,1164940,2026-01-13T16:58:18Z,False,117422.8560,average_price_trade,163.04,162.89,,L,65,50,22136322541637,derivative_priced,regular,2026-01-13T16:58:18Z
2161,DUOL,163.05,1160605,2026-01-13T16:56:49Z,False,352351.05,,163.34,163.05,,L,172,299,22136322453290,,regular,2026-01-13T16:56:49Z
900,DUOL,163.21,1157634,2026-01-13T16:55:37Z,False,146889.00,,163.4,163.1,,L,395,20,22136322381377,,regular,2026-01-13T16:55:37Z
1395,DUOL,163.01,1156330,2026-01-13T16:54:38Z,False,227398.95,,163.4,163.01,,L,333,107,22136322322337,,regular,2026-01-13T16:54:38Z
900,DUOL,162.88,1146459,2026-01-13T16:51:32Z,False,146592.00,,162.88,162.7,,L,201,3,22136322135730,,regular,2026-01-13T16:51:32Z
679,DUOL,162.7201,1144036,2026-01-13T16:50:26Z,False,110486.9479,,162.89,162.77,,L,6,1,22136322070280,,regular,2026-01-13T16:50:26Z
719,DUOL,162.7201,1143357,2026-01-13T16:50:26Z,False,116995.7519,,162.89,162.77,,L,6,1,22136322070279,,regular,2026-01-13T16:50:26Z
5100,DUOL,163.065,1120437,2026-01-13T16:43:39Z,False,831631.500,,163.12,163,,L,26,6,22136321662641,,regular,2026-01-13T16:43:39Z
1500,DUOL,163.09,1113541,2026-01-13T16:42:51Z,False,244635.00,,163.15,163.05,,L,180,99,22136321614736,,regular,2026-01-13T16:42:51Z
1400,DUOL,163.095,1103763,2026-01-13T16:40:37Z,False,228333.000,,163.19,163.02,,L,98,11,22136321481282,,regular,2026-01-13T16:40:37Z
949,DUOL,162.94,1095745,2026-01-13T16:38:44Z,False,154630.06,,163.03,162.84,,L,12,9,22136321368215,,regular,2026-01-13T16:38:44Z
1550,DUOL,162.94,1092579,2026-01-13T16:38:33Z,False,252557.00,,163.03,162.94,,L,12,53,22136321357499,,regular,2026-01-13T16:38:33Z
1671,DUOL,162.94,1094250,2026-01-13T16:38:33Z,False,272272.74,,163.03,162.94,,L,12,53,22136321357499,,regular,2026-01-13T16:38:33Z
950,DUOL,163.4099,1075991,2026-01-13T16:34:00Z,False,155239.4050,,163.4,163.17,,L,1,254,22136321084256,,regular,2026-01-13T16:34:00Z
700,DUOL,162.63,1065475,2026-01-13T16:30:37Z,False,113841.00,,162.85,162.63,,L,157,128,22136320880889,,regular,2026-01-13T16:30:37Z
1080,DUOL,162.7965,1058817,2026-01-13T16:28:26Z,False,175820.2200,average_price_trade,162.9,162.77,,L,46,22,22136320749758,derivative_priced,regular,2026-01-13T16:28:26Z
939,DUOL,162.7001,1046440,2026-01-13T16:27:07Z,False,152775.3939,,162.89,162.7,,L,183,30,22136320670803,,regular,2026-01-13T16:27:07Z
880,DUOL,163.4659,1035557,2026-01-13T16:23:23Z,False,143849.9920,average_price_trade,163.56,163.3,,L,182,212,22136320446793,derivative_priced,regular,2026-01-13T16:23:23Z
1080,DUOL,163.5,1031554,2026-01-13T16:21:05Z,False,176580.0,,163.57,163.49,,L,44,6,22136320309261,,regular,2026-01-13T16:21:05Z
1320,DUOL,163.0497,1027924,2026-01-13T16:20:25Z,False,215225.6040,average_price_trade,163.45,163.24,,L,24,2,22136320269570,derivative_priced,regular,2026-01-13T16:20:25Z
760,DUOL,162.3548,999877,2026-01-13T16:12:22Z,False,123389.6480,average_price_trade,162.77,162.63,,L,53,46,22136319785605,derivative_priced,regular,2026-01-13T16:12:22Z
1100,DUOL,162.25,992824,2026-01-13T16:10:45Z,False,178475.00,,162.38,162.29,,L,371,1,22136319688652,,regular,2026-01-13T16:10:45Z
800,DUOL,162.308,990415,2026-01-13T16:10:43Z,False,129846.400,,162.38,162.29,,L,321,1,22136319687046,,regular,2026-01-13T16:10:43Z
700,DUOL,162.62,984766,2026-01-13T16:08:44Z,False,113834.00,,162.62,162.35,,L,129,9,22136319567683,,regular,2026-01-13T16:08:44Z
640,DUOL,162.7923,983167,2026-01-13T16:08:29Z,False,104187.0720,average_price_trade,162.63,162.45,,L,154,22,22136319552982,derivative_priced,regular,2026-01-13T16:08:29Z
2037,DUOL,162.8,967882,2026-01-13T16:04:39Z,False,331623.6,,163.09,162.92,,L,27,49,22136319323221,,regular,2026-01-13T16:04:39Z
1160,DUOL,162.9989,954664,2026-01-13T16:02:17Z,False,189078.7240,average_price_trade,163.31,163.07,,L,53,4,22136319180972,derivative_priced,regular,2026-01-13T16:02:17Z
958,DUOL,162.8,945612,2026-01-13T15:59:15Z,False,155962.4,,162.92,162.7,,2,25,134,22136318999304,,regular,2026-01-13T15:59:15Z
1910,DUOL,162.7001,944266,2026-01-13T15:59:15Z,False,310757.1910,,162.92,162.7,,L,25,134,22136318999284,,regular,2026-01-13T15:59:15Z
1040,DUOL,163.3405,934263,2026-01-13T15:58:12Z,False,169874.1200,average_price_trade,163.63,163.27,,L,167,201,22136318935823,derivative_priced,regular,2026-01-13T15:58:12Z
3320,DUOL,163.2701,931998,2026-01-13T15:57:46Z,False,542056.7320,,163.46,163.17,,L,8,124,22136318909691,,regular,2026-01-13T15:57:46Z
4204,DUOL,163.29,919348,2026-01-13T15:54:42Z,False,686471.16,,163.4,163.22,,L,27,1,22136318726263,,regular,2026-01-13T15:54:42Z
700,DUOL,163.485,899094,2026-01-13T15:53:42Z,False,114439.500,,163.68,163.29,,L,146,20,22136318665853,,regular,2026-01-13T15:53:42Z
1000,DUOL,163.16,895004,2026-01-13T15:52:33Z,False,163160.00,,163.35,163.15,,L,103,60,22136318597431,,regular,2026-01-13T15:52:33Z
700,DUOL,162.9681,885982,2026-01-13T15:50:19Z,False,114077.6700,,163.07,162.85,,L,143,1,22136318463288,,regular,2026-01-13T15:50:19Z
715,DUOL,163.55,873270,2026-01-13T15:47:57Z,False,116938.25,,163.84,163.55,,L,181,1,22136318321151,,regular,2026-01-13T15:47:57Z
1000,DUOL,163.5896,846567,2026-01-13T15:43:26Z,False,163589.6000,average_price_trade,164.02,163.59,,L,142,257,22136318050348,derivative_priced,regular,2026-01-13T15:43:26Z
8261,DUOL,163.695,843516,2026-01-13T15:43:11Z,False,1352284.395,,163.82,163.63,,L,174,15,22136318035200,,regular,2026-01-13T15:43:11Z
5000,DUOL,163.695,834978,2026-01-13T15:43:11Z,False,818475.000,,163.82,163.63,,L,174,15,22136318035169,,regular,2026-01-13T15:43:11Z
720,DUOL,163.3909,815157,2026-01-13T15:39:52Z,False,117641.4480,average_price_trade,163.56,163.34,,L,498,275,22136317835908,derivative_priced,regular,2026-01-13T15:39:52Z
920,DUOL,163.5599,810774,2026-01-13T15:39:27Z,False,150475.1080,,163.56,163.19,,L,498,130,22136317810867,,regular,2026-01-13T15:39:27Z
1160,DUOL,163.5599,809854,2026-01-13T15:39:27Z,False,189729.4840,,163.56,163.19,,L,498,130,22136317810866,,regular,2026-01-13T15:39:27Z
880,DUOL,163.7317,799079,2026-01-13T15:36:18Z,False,144083.8960,average_price_trade,164.07,163.75,,L,303,3,22136317622122,derivative_priced,regular,2026-01-13T15:36:18Z
848,DUOL,163.9047,797338,2026-01-13T15:35:47Z,False,138991.1856,,164.07,163.72,,L,130,107,22136317591343,,regular,2026-01-13T15:35:47Z
680,DUOL,163.9645,784792,2026-01-13T15:32:13Z,False,111495.8600,average_price_trade,163.49,163.15,,L,28,5,22136317377321,derivative_priced,regular,2026-01-13T15:32:13Z
2100,DUOL,163.775,766670,2026-01-13T15:27:11Z,False,343927.500,,163.95,163.6,,L,52,10,22136317075250,,regular,2026-01-13T15:27:11Z
760,DUOL,164.9085,745474,2026-01-13T15:24:44Z,False,125330.4600,average_price_trade,164.69,164.53,,L,203,13,22136316928151,derivative_priced,regular,2026-01-13T15:24:44Z
3320,DUOL,164.3901,744431,2026-01-13T15:24:38Z,False,545775.1320,,164.69,164.53,,L,264,13,22136316922355,,regular,2026-01-13T15:24:38Z
700,DUOL,165,734838,2026-01-13T15:24:06Z,False,115500,,165,164.88,,L,1,1,22136316889693,,regular,2026-01-13T15:24:06Z
1000,DUOL,165.0416,727874,2026-01-13T15:22:48Z,False,165041.6000,,165.15,165,,L,52,124,22136316812381,,regular,2026-01-13T15:22:48Z
3000,DUOL,165.09,723538,2026-01-13T15:22:20Z,False,495270.00,,165.34,165.14,,L,40,29,22136316783851,,regular,2026-01-13T15:22:20Z
720,DUOL,165.38,709615,2026-01-13T15:19:57Z,False,119073.60,,165.58,165.18,,2,13,131,22136316640692,,regular,2026-01-13T15:19:57Z
696,DUOL,164.815,695102,2026-01-13T15:18:04Z,False,114711.240,,164.9,164.74,,L,60,17,22136316527956,,regular,2026-01-13T15:18:04Z
1200,DUOL,164.94,694195,2026-01-13T15:17:48Z,False,197928.00,,165,164.74,,L,140,17,22136316512142,,regular,2026-01-13T15:17:48Z
1220,DUOL,164.0959,665379,2026-01-13T15:11:15Z,False,200196.9980,,164.55,164.24,,L,230,16,22136316118797,,regular,2026-01-13T15:11:15Z
700,DUOL,165.36,645942,2026-01-13T15:09:43Z,False,115752.00,,165.36,165.14,,L,148,120,22136316027026,,regular,2026-01-13T15:09:43Z
700,DUOL,165.06,628322,2026-01-13T15:07:40Z,False,115542.00,,165.06,164.66,,L,90,50,22136315903688,,regular,2026-01-13T15:07:40Z
1000,DUOL,165.145,612925,2026-01-13T15:05:53Z,False,165145.000,,165.27,164.99,,L,3,147,22136315796722,,regular,2026-01-13T15:05:53Z
640,DUOL,163.8903,576296,2026-01-13T15:02:27Z,False,104889.7920,average_price_trade,163.85,163.58,,L,8,33,22136315590972,derivative_priced,regular,2026-01-13T15:02:27Z
1000,DUOL,163.71,567622,2026-01-13T15:01:53Z,False,163710.00,,163.9,163.63,,L,468,28,22136315556746,,regular,2026-01-13T15:01:53Z
1000,DUOL,164.0304,559542,2026-01-13T14:59:38Z,False,164030.4000,,164.18,163.68,,L,187,5,22136315422113,,regular,2026-01-13T14:59:38Z
1520,DUOL,164.5999,536709,2026-01-13T14:56:32Z,False,250191.8480,,164.6,164.38,,L,100,50,22136315236161,,regular,2026-01-13T14:56:32Z
958,DUOL,164.4981,535189,2026-01-13T14:56:32Z,False,157589.1798,,164.6,164.38,,L,100,50,22136315236160,,regular,2026-01-13T14:56:32Z
958,DUOL,164.599,534210,2026-01-13T14:56:32Z,False,157685.842,,164.6,164.38,,L,100,50,22136315236158,,regular,2026-01-13T14:56:32Z
882,DUOL,164.27,527090,2026-01-13T14:56:21Z,False,144886.14,,164.34,164.01,,2,40,37,22136315225007,,regular,2026-01-13T14:56:21Z
934,DUOL,164.34,525352,2026-01-13T14:56:21Z,False,153493.56,,164.34,164.01,,L,40,37,22136315224999,,regular,2026-01-13T14:56:21Z
3000,DUOL,163.8634,472978,2026-01-13T14:50:08Z,False,491590.2000,,164.11,163.81,,L,187,3,22136314852250,,regular,2026-01-13T14:50:08Z
2000,DUOL,163.86,469837,2026-01-13T14:50:02Z,False,327720.00,,164.05,163.81,,L,18,3,22136314846019,,regular,2026-01-13T14:50:02Z
880,DUOL,163.8101,451596,2026-01-13T14:48:34Z,False,144152.8880,,164.02,163.81,,L,40,320,22136314757890,,regular,2026-01-13T14:48:34Z
859,DUOL,164.365,443017,2026-01-13T14:48:26Z,False,141189.535,,164.48,164.09,,L,27,160,22136314750210,,regular,2026-01-13T14:48:26Z
700,DUOL,164.365,442084,2026-01-13T14:48:26Z,False,115055.500,,164.48,164.25,,L,74,201,22136314749853,,regular,2026-01-13T14:48:26Z
800,DUOL,164.64,418511,2026-01-13T14:46:08Z,False,131712.00,,165.08,164.78,,L,37,6,22136314611612,,regular,2026-01-13T14:46:08Z
4220,DUOL,164.43,408116,2026-01-13T14:45:59Z,False,693894.60,,164.64,164.44,,L,93,13,22136314603464,,regular,2026-01-13T14:45:59Z
845,DUOL,164.235,396717,2026-01-13T14:45:34Z,False,138778.575,,164.39,164.14,,L,40,3,22136314577920,,regular,2026-01-13T14:45:34Z
1092,DUOL,164.04,386128,2026-01-13T14:44:46Z,False,179131.68,,164.27,164.04,,L,80,22,22136314529619,,regular,2026-01-13T14:44:46Z
1000,DUOL,164.3,370616,2026-01-13T14:43:20Z,False,164300.0,,164.47,164.25,,L,2,1,22136314444539,,regular,2026-01-13T14:43:20Z
878,DUOL,164.08,357382,2026-01-13T14:42:29Z,False,144062.24,,164.33,163.85,,L,175,18,22136314392771,,regular,2026-01-13T14:42:29Z
800,DUOL,164.0751,340575,2026-01-13T14:41:04Z,False,131260.0800,,164.17,164,,L,157,15,22136314307713,,regular,2026-01-13T14:41:04Z
1425,DUOL,163.98,333874,2026-01-13T14:40:44Z,False,233671.50,,164.17,163.68,,L,102,130,22136314288111,,regular,2026-01-13T14:40:44Z
893,DUOL,163.98,332449,2026-01-13T14:40:44Z,False,146434.14,,164.17,163.68,,L,102,130,22136314288110,,regular,2026-01-13T14:40:44Z
943,DUOL,163.8,326552,2026-01-13T14:40:13Z,False,154463.4,,163.5,163.23,,L,120,45,22136314257482,,regular,2026-01-13T14:40:13Z
4950,DUOL,163.5,324192,2026-01-13T14:40:13Z,False,809325.0,,163.5,163.23,,L,120,45,22136314257253,,regular,2026-01-13T14:40:13Z
630,DUOL,163.335,316380,2026-01-13T14:40:09Z,False,102901.050,,163.5,163.23,,L,70,5,22136314252750,,regular,2026-01-13T14:40:09Z
760,DUOL,162.7483,303734,2026-01-13T14:39:05Z,False,123688.7080,average_price_trade,163.5,163.22,,L,896,20,22136314189200,derivative_priced,regular,2026-01-13T14:39:05Z
1048,DUOL,163.109,299737,2026-01-13T14:38:50Z,False,170938.232,,163.11,162.82,,L,94,201,22136314173985,,regular,2026-01-13T14:38:50Z
1271,DUOL,162.9599,284858,2026-01-13T14:37:53Z,False,207122.0329,,162.95,162.5,,L,1,9,22136314117191,,regular,2026-01-13T14:37:53Z
700,DUOL,162.61,269051,2026-01-13T14:36:14Z,False,113827.00,,162.88,162.69,,2,63,5,22136314017990,,regular,2026-01-13T14:36:14Z
4936,DUOL,162.7199,267009,2026-01-13T14:36:13Z,False,803185.4264,,162.88,162.69,,L,63,5,22136314017414,,regular,2026-01-13T14:36:13Z
5000,DUOL,162.8199,256900,2026-01-13T14:35:15Z,False,814099.5000,,162.75,162.06,,L,16,82,22136313959487,,regular,2026-01-13T14:35:15Z
772,DUOL,161.97,212332,2026-01-13T14:33:08Z,False,125040.84,,161.97,161.61,,L,68,1,22136313831803,,regular,2026-01-13T14:33:08Z
955,DUOL,162.1773,200490,2026-01-13T14:32:15Z,False,154879.3215,,162.3,161.37,,L,247,10,22136313778709,,regular,2026-01-13T14:32:15Z
1000,DUOL,162.3,199342,2026-01-13T14:32:11Z,False,162300.0,,162.1,161.37,,L,8,10,22136313774637,,regular,2026-01-13T14:32:11Z
686,DUOL,161.5,197226,2026-01-13T14:31:59Z,False,110789.0,,162.1,161.37,,L,2,10,22136313763054,,regular,2026-01-13T14:31:59Z
6800,DUOL,161.72,195898,2026-01-13T14:31:59Z,False,1099696.00,,162.1,161.37,,L,2,10,22136313762596,,regular,2026-01-13T14:31:59Z
817,DUOL,161.64,183826,2026-01-13T14:31:58Z,False,132059.88,,162.1,161.37,,2,2,10,22136313762567,,regular,2026-01-13T14:31:58Z
817,DUOL,160.32,172702,2026-01-13T14:31:10Z,False,130981.44,,161.32,160.4,,2,88,55,22136313713588,,regular,2026-01-13T14:31:10Z
1000,DUOL,160.75,165422,2026-01-13T14:30:50Z,False,160750.00,,161.32,160.4,,L,88,55,22136313693977,,regular,2026-01-13T14:30:50Z
1000,DUOL,162.17,4256212,2026-01-13T00:14:08Z,False,162170.00,,162.16,162,extended_hours_trade,L,1,68,22136262292111,,regular,2026-01-13T00:14:08Z
