size,ticker,price,volume,executed_at,canceled,premium,sale_cond_codes,nbbo_bid,nbbo_ask,ext_hour_sold_codes,market_center,nbbo_ask_quantity,nbbo_bid_quantity,tracking_id,trade_code,trade_settlement,trf_executed_at
73737,DVN,49.68,15379835,2026-05-18T21:03:53Z,False,3663254.16,average_price_trade,48.32,49.72,extended_hours_trade,L,106,100,31121408860233,,regular,2026-05-18T21:03:53Z
219989,DVN,49.6876,15300048,2026-05-18T20:10:59Z,False,10930725.4364,average_price_trade,48.91,49.72,extended_hours_trade,L,106,142,31121405685899,,regular,2026-05-18T20:10:59Z
3514,DVN,49.68,15077693,2026-05-18T20:00:36Z,False,174575.52,prior_reference_price,48.32,50,extended_hours_trade,L,105,100,31121405063619,,regular,2026-05-18T20:00:36Z
3535,DVN,49.68,15072413,2026-05-18T20:00:36Z,False,175618.80,prior_reference_price,48.32,50,extended_hours_trade,L,105,100,31121405063605,,regular,2026-05-18T20:00:36Z
4100,DVN,49.68,15068609,2026-05-18T20:00:36Z,False,203688.00,prior_reference_price,48.32,50,extended_hours_trade,L,105,100,31121405063579,,regular,2026-05-18T20:00:36Z
3500,DVN,49.68,15062427,2026-05-18T20:00:36Z,False,173880.00,prior_reference_price,48.32,50,extended_hours_trade,L,105,100,31121405063560,,regular,2026-05-18T20:00:36Z
2688,DVN,49.68,15058022,2026-05-18T20:00:36Z,False,133539.84,prior_reference_price,48.32,50,extended_hours_trade,L,105,100,31121405063397,,regular,2026-05-18T20:00:36Z
23034,DVN,49.68,15053706,2026-05-18T20:00:36Z,False,1144329.12,prior_reference_price,48.32,50,extended_hours_trade,L,105,100,31121405063364,,regular,2026-05-18T20:00:36Z
5772,DVN,49.68,15030227,2026-05-18T20:00:36Z,False,286752.96,prior_reference_price,48.32,50,extended_hours_trade,L,105,100,31121405063359,,regular,2026-05-18T20:00:36Z
2218,DVN,49.68,15022605,2026-05-18T20:00:36Z,False,110190.24,prior_reference_price,48.32,50,extended_hours_trade,L,105,100,31121405063354,,regular,2026-05-18T20:00:36Z
2080,DVN,49.68,15017853,2026-05-18T20:00:22Z,False,103334.40,prior_reference_price,48.32,50,extended_hours_trade,L,105,100,31121405049507,,regular,2026-05-18T20:00:22Z
2346,DVN,49.68,15015773,2026-05-18T20:00:22Z,False,116549.28,prior_reference_price,48.32,50,extended_hours_trade,L,105,100,31121405049098,,regular,2026-05-18T20:00:22Z
3169,DVN,49.68,15013427,2026-05-18T20:00:22Z,False,157435.92,prior_reference_price,48.32,50,extended_hours_trade,L,105,100,31121405048883,,regular,2026-05-18T20:00:22Z
3611,DVN,49.68,15010258,2026-05-18T20:00:21Z,False,179394.48,prior_reference_price,48.32,50,extended_hours_trade,L,105,100,31121405048567,,regular,2026-05-18T20:00:21Z
3757,DVN,49.68,15006647,2026-05-18T20:00:21Z,False,186647.76,prior_reference_price,48.32,50,extended_hours_trade,L,105,100,31121405048200,,regular,2026-05-18T20:00:21Z
4400,DVN,49.68,15002890,2026-05-18T20:00:21Z,False,218592.00,prior_reference_price,48.32,50,extended_hours_trade,L,105,100,31121405047928,,regular,2026-05-18T20:00:21Z
9135,DVN,49.68,14998490,2026-05-18T20:00:20Z,False,453826.80,prior_reference_price,48.32,50,extended_hours_trade,L,105,100,31121405047668,,regular,2026-05-18T20:00:20Z
931156,DVN,49.68,14989355,2026-05-18T20:00:20Z,False,46259830.08,prior_reference_price,48.32,50,extended_hours_trade,L,105,100,31121405047106,,regular,2026-05-18T20:00:20Z
3844,DVN,49.68,14057506,2026-05-18T20:00:16Z,False,190969.92,prior_reference_price,48.32,50,extended_hours_trade,L,105,100,31121405042922,,regular,2026-05-18T20:00:15Z
34010,DVN,49.68,14053662,2026-05-18T20:00:14Z,False,1689616.80,average_price_trade,48.32,49.7,extended_hours_trade,L,226,100,31121405041450,,regular,2026-05-18T20:00:12Z
31389,DVN,49.68,14019652,2026-05-18T20:00:14Z,False,1559405.52,average_price_trade,48.32,49.7,extended_hours_trade,L,226,100,31121405040975,,regular,2026-05-18T20:00:11Z
2162,DVN,49.68,13987637,2026-05-18T20:00:05Z,False,107408.16,,48.32,49.7,extended_hours_trade,L,226,100,31121405032436,,regular,2026-05-18T20:00:02Z
6718,DVN,49.68,13975571,2026-05-18T20:00:02Z,False,333750.24,,48.32,49.7,extended_hours_trade,L,226,100,31121405029807,,regular,2026-05-18T20:00:02Z
2100,DVN,49.67,11914873,2026-05-18T19:58:45Z,False,104307.00,average_price_trade,49.65,49.66,,L,642,1975,31121404951856,derivative_priced,regular,2026-05-18T19:58:45Z
2500,DVN,49.6821,11899653,2026-05-18T19:58:40Z,False,124205.2500,average_price_trade,49.65,49.67,,L,325,1767,31121404947533,derivative_priced,regular,2026-05-18T19:58:40Z
4300,DVN,49.6606,11711410,2026-05-18T19:57:45Z,False,213540.5800,average_price_trade,49.68,49.69,,L,802,875,31121404892791,derivative_priced,regular,2026-05-18T19:57:45Z
2100,DVN,49.6951,11706221,2026-05-18T19:57:45Z,False,104359.7100,average_price_trade,49.68,49.69,,L,814,725,31121404891852,derivative_priced,regular,2026-05-18T19:57:45Z
5800,DVN,49.673,11567664,2026-05-18T19:56:44Z,False,288103.400,average_price_trade,49.69,49.7,,L,37,774,31121404831802,derivative_priced,regular,2026-05-18T19:56:44Z
2500,DVN,49.69,11552117,2026-05-18T19:56:41Z,False,124225.00,,49.69,49.7,,L,169,302,31121404828626,,regular,2026-05-18T19:56:41Z
2900,DVN,49.6804,11538278,2026-05-18T19:56:39Z,False,144073.1600,average_price_trade,49.68,49.69,,L,341,1061,31121404826525,derivative_priced,regular,2026-05-18T19:56:39Z
2500,DVN,49.7,11502039,2026-05-18T19:56:16Z,False,124250.0,,49.7,49.71,,L,225,871,31121404802820,,regular,2026-05-18T19:56:15Z
2900,DVN,49.615,11247041,2026-05-18T19:53:04Z,False,143883.500,,49.61,49.62,,L,101,120,31121404611547,,regular,2026-05-18T19:53:04Z
2900,DVN,49.605,11192987,2026-05-18T19:52:26Z,False,143854.500,,49.62,49.63,,L,446,140,31121404572903,,regular,2026-05-18T19:52:26Z
2800,DVN,49.635,11166510,2026-05-18T19:51:58Z,False,138978.000,,49.63,49.64,,L,113,175,31121404545299,,regular,2026-05-18T19:51:58Z
5800,DVN,49.642,11146557,2026-05-18T19:51:44Z,False,287923.600,average_price_trade,49.66,49.67,,L,216,448,31121404531802,derivative_priced,regular,2026-05-18T19:51:44Z
2300,DVN,49.6456,11131632,2026-05-18T19:51:32Z,False,114184.8800,average_price_trade,49.66,49.67,,L,298,275,31121404519479,derivative_priced,regular,2026-05-18T19:51:32Z
2800,DVN,49.635,11056161,2026-05-18T19:50:34Z,False,138978.000,,49.63,49.64,,L,337,640,31121404461453,,regular,2026-05-18T19:50:34Z
2800,DVN,49.625,11037934,2026-05-18T19:50:21Z,False,138950.000,,49.62,49.63,,L,137,397,31121404448219,,regular,2026-05-18T19:50:21Z
2800,DVN,49.615,11020475,2026-05-18T19:50:10Z,False,138922.000,,49.6,49.61,,L,136,175,31121404437544,,regular,2026-05-18T19:50:10Z
2800,DVN,49.615,11017546,2026-05-18T19:50:10Z,False,138922.000,,49.6,49.61,,L,136,175,31121404437541,,regular,2026-05-18T19:50:10Z
2668,DVN,49.595,10899215,2026-05-18T19:49:27Z,False,132319.460,,49.59,49.6,,L,226,110,31121404394510,,regular,2026-05-18T19:49:27Z
8830,DVN,49.6,10894746,2026-05-18T19:49:26Z,False,437968.0,,49.6,49.61,,L,126,490,31121404393559,,regular,2026-05-18T19:49:26Z
2800,DVN,49.605,10878080,2026-05-18T19:49:19Z,False,138894.000,,49.6,49.61,,L,101,689,31121404385872,,regular,2026-05-18T19:49:19Z
2800,DVN,49.695,10838583,2026-05-18T19:49:00Z,False,139146.000,,49.69,49.7,,L,56,722,31121404366972,,regular,2026-05-18T19:49:00Z
4300,DVN,49.6667,10748785,2026-05-18T19:46:44Z,False,213566.8100,average_price_trade,49.75,49.76,,L,440,242,31121404231796,derivative_priced,regular,2026-05-18T19:46:44Z
6378,DVN,49.75,10738379,2026-05-18T19:46:35Z,False,317305.50,,49.75,49.76,,L,287,288,31121404222182,,regular,2026-05-18T19:46:35Z
5319,DVN,49.75,10713399,2026-05-18T19:46:12Z,False,264620.25,,49.75,49.76,,L,325,1431,31121404198906,,regular,2026-05-18T19:46:12Z
2700,DVN,49.635,10605979,2026-05-18T19:44:00Z,False,134014.500,,49.63,49.64,,L,1157,443,31121404067533,,regular,2026-05-18T19:44:00Z
7000,DVN,49.61,10554272,2026-05-18T19:42:45Z,False,347270.00,,49.61,49.62,,L,418,345,31121403992432,,regular,2026-05-18T19:42:45Z
2600,DVN,49.615,10535986,2026-05-18T19:42:25Z,False,128999.000,,49.61,49.62,,L,451,221,31121403972297,,regular,2026-05-18T19:42:25Z
2600,DVN,49.615,10532264,2026-05-18T19:42:25Z,False,128999.000,,49.61,49.62,,L,715,96,31121403972283,,regular,2026-05-18T19:42:25Z
2400,DVN,49.6705,10507122,2026-05-18T19:42:00Z,False,119209.2000,average_price_trade,49.61,49.62,,L,172,202,31121403947058,derivative_priced,regular,2026-05-18T19:42:00Z
2600,DVN,49.62,10504122,2026-05-18T19:41:59Z,False,129012.00,,49.61,49.62,,L,177,301,31121403946702,,regular,2026-05-18T19:41:59Z
20700,DVN,49.655,10489048,2026-05-18T19:41:52Z,False,1027858.500,,49.64,49.65,,L,233,440,31121403939796,,regular,2026-05-18T19:41:52Z
17000,DVN,49.655,10465997,2026-05-18T19:41:52Z,False,844135.000,,49.65,49.66,,L,233,541,31121403939677,,regular,2026-05-18T19:41:52Z
12400,DVN,49.655,10448747,2026-05-18T19:41:52Z,False,615722.000,,49.65,49.66,,L,233,541,31121403939652,,regular,2026-05-18T19:41:52Z
4300,DVN,49.679,10426538,2026-05-18T19:41:44Z,False,213619.700,average_price_trade,49.68,49.69,,L,133,1070,31121403931793,derivative_priced,regular,2026-05-18T19:41:44Z
5000,DVN,49.675,10416771,2026-05-18T19:41:42Z,False,248375.000,,49.67,49.68,,L,125,1730,31121403929396,,regular,2026-05-18T19:41:42Z
5000,DVN,49.6799,10398639,2026-05-18T19:41:28Z,False,248399.5000,,49.67,49.68,,L,925,515,31121403915070,,regular,2026-05-18T19:41:28Z
5000,DVN,49.6701,10384140,2026-05-18T19:41:08Z,False,248350.5000,,49.67,49.68,,L,410,298,31121403895376,,regular,2026-05-18T19:41:08Z
5000,DVN,49.675,10378006,2026-05-18T19:41:01Z,False,248375.000,,49.67,49.68,,L,330,198,31121403888396,,regular,2026-05-18T19:41:01Z
5000,DVN,49.635,10364111,2026-05-18T19:40:42Z,False,248175.000,,49.63,49.64,,L,429,225,31121403869796,,regular,2026-05-18T19:40:42Z
5000,DVN,49.655,10348782,2026-05-18T19:40:16Z,False,248275.000,,49.65,49.66,,L,805,188,31121403843796,,regular,2026-05-18T19:40:16Z
3100,DVN,49.7,10296495,2026-05-18T19:38:48Z,False,154070.0,,49.7,49.71,,2,326,370,31121403755276,,regular,2026-05-18T19:38:48Z
2800,DVN,49.702,10288177,2026-05-18T19:38:48Z,False,139165.600,,49.7,49.71,,L,326,370,31121403755267,,regular,2026-05-18T19:38:48Z
2100,DVN,49.6814,10252551,2026-05-18T19:37:34Z,False,104330.9400,average_price_trade,49.68,49.69,,L,126,997,31121403681419,derivative_priced,regular,2026-05-18T19:37:34Z
3684,DVN,49.7,10241058,2026-05-18T19:37:05Z,False,183094.8,,49.69,49.7,,L,737,197,31121403651849,,regular,2026-05-18T19:37:05Z
3000,DVN,49.695,10237297,2026-05-18T19:37:02Z,False,149085.000,,49.69,49.7,,L,737,197,31121403649320,,regular,2026-05-18T19:37:02Z
4000,DVN,49.705,10071578,2026-05-18T19:30:56Z,False,198820.000,,49.7,49.71,,L,50,140,31121403282995,,regular,2026-05-18T19:30:56Z
2500,DVN,49.7102,10048107,2026-05-18T19:30:03Z,False,124275.5000,average_price_trade,49.71,49.72,,L,541,76,31121403230001,derivative_priced,regular,2026-05-18T19:30:03Z
3000,DVN,49.725,10023364,2026-05-18T19:29:13Z,False,149175.000,,49.72,49.73,,L,125,125,31121403180515,,regular,2026-05-18T19:29:13Z
5000,DVN,49.7499,9954446,2026-05-18T19:26:42Z,False,248749.5000,,49.74,49.75,,L,202,214,31121403029132,,regular,2026-05-18T19:26:42Z
2400,DVN,49.7146,9947582,2026-05-18T19:26:30Z,False,119315.0400,average_price_trade,49.74,49.75,,L,127,186,31121403017044,derivative_priced,regular,2026-05-18T19:26:30Z
2837,DVN,49.73,9900592,2026-05-18T19:24:39Z,False,141084.01,,49.73,49.74,,L,225,325,31121402906810,,regular,2026-05-18T19:24:39Z
22300,DVN,49.685,9855235,2026-05-18T19:24:24Z,False,1107975.500,,49.7,49.71,,L,125,448,31121402891151,,regular,2026-05-18T19:24:24Z
20541,DVN,49.68,9875776,2026-05-18T19:24:24Z,False,1020476.88,,49.7,49.71,,L,125,448,31121402891151,,regular,2026-05-18T19:24:24Z
2400,DVN,49.7242,9635633,2026-05-18T19:21:30Z,False,119338.0800,average_price_trade,49.75,49.76,,L,226,125,31121402717041,derivative_priced,regular,2026-05-18T19:21:30Z
6000,DVN,49.6501,9493480,2026-05-18T19:12:58Z,False,297900.6000,,49.65,49.66,,L,252,125,31121402205003,,regular,2026-05-18T19:12:58Z
14326,DVN,49.655,9475443,2026-05-18T19:12:21Z,False,711357.530,,49.65,49.66,,L,225,1,31121402168003,,regular,2026-05-18T19:12:21Z
5686,DVN,49.67,9376717,2026-05-18T19:09:01Z,False,282423.62,,49.66,49.67,,L,228,125,31121401968210,,regular,2026-05-18T19:09:01Z
7733,DVN,49.63,9351007,2026-05-18T19:08:40Z,False,383788.79,,49.62,49.63,,L,225,225,31121401946994,,regular,2026-05-18T19:08:40Z
6000,DVN,49.6099,9341069,2026-05-18T19:08:39Z,False,297659.4000,,49.6,49.61,,L,184,306,31121401946035,,regular,2026-05-18T19:08:39Z
2621,DVN,49.51,9304843,2026-05-18T19:07:30Z,False,129765.71,,49.49,49.5,,L,225,225,31121401877289,,regular,2026-05-18T19:07:30Z
2800,DVN,49.5039,9271035,2026-05-18T19:06:44Z,False,138610.9200,average_price_trade,49.41,49.42,,L,329,25,31121401831772,derivative_priced,regular,2026-05-18T19:06:44Z
8400,DVN,49.3604,9240505,2026-05-18T19:06:14Z,False,414627.3600,,49.37,49.38,,L,225,99,31121401801657,,regular,2026-05-18T19:06:14Z
2800,DVN,49.8113,8957397,2026-05-18T19:01:44Z,False,139471.6400,average_price_trade,49.68,49.69,,L,125,25,31121401531769,derivative_priced,regular,2026-05-18T19:01:44Z
3000,DVN,49.925,8780151,2026-05-18T18:58:22Z,False,149775.000,,49.91,49.93,,L,491,479,31121401329375,,regular,2026-05-18T18:58:22Z
4508,DVN,49.9396,8759847,2026-05-18T18:57:11Z,False,225127.7168,,49.92,49.93,,L,225,185,31121401258126,,regular,2026-05-18T18:57:11Z
10240,DVN,49.94,8739007,2026-05-18T18:56:52Z,False,511385.60,,49.92,49.93,,L,147,85,31121401239306,,regular,2026-05-18T18:56:52Z
2800,DVN,49.9002,8708086,2026-05-18T18:56:44Z,False,139720.5600,average_price_trade,49.89,49.9,,L,343,377,31121401231766,derivative_priced,regular,2026-05-18T18:56:44Z
2151,DVN,49.88,8654359,2026-05-18T18:51:06Z,False,107291.88,,49.87,49.88,,L,625,308,31121400893692,,regular,2026-05-18T18:51:06Z
5880,DVN,49.94,8551263,2026-05-18T18:42:39Z,False,293647.20,,49.93,49.94,,L,691,200,31121400386183,,regular,2026-05-18T18:42:39Z
2800,DVN,49.9062,8531719,2026-05-18T18:41:44Z,False,139737.3600,average_price_trade,49.94,49.95,,L,265,235,31121400331759,derivative_priced,regular,2026-05-18T18:41:44Z
4300,DVN,49.8329,8464613,2026-05-18T18:36:44Z,False,214281.4700,average_price_trade,49.83,49.84,,L,148,405,31121400031757,derivative_priced,regular,2026-05-18T18:36:44Z
4700,DVN,49.86,8455572,2026-05-18T18:36:15Z,False,234342.00,,49.86,49.87,,L,126,298,31121400001918,,regular,2026-05-18T18:36:15Z
2600,DVN,49.84,8381247,2026-05-18T18:32:55Z,False,129584.00,,49.83,49.84,,L,333,111,31121399802125,,regular,2026-05-18T18:32:55Z
2500,DVN,49.84,8378577,2026-05-18T18:32:55Z,False,124600.00,,49.83,49.84,,L,333,111,31121399802122,,regular,2026-05-18T18:32:55Z
2500,DVN,49.86,8348144,2026-05-18T18:32:55Z,False,124650.00,,49.85,49.86,,L,166,167,31121399802053,,regular,2026-05-18T18:32:55Z
4400,DVN,49.85,8343348,2026-05-18T18:32:55Z,False,219340.00,,49.82,49.83,,L,433,125,31121399802024,,regular,2026-05-18T18:32:55Z
2321,DVN,49.839,8321966,2026-05-18T18:32:55Z,False,115676.319,,49.82,49.83,,L,433,125,31121399802011,,regular,2026-05-18T18:32:55Z
3400,DVN,49.84,8325366,2026-05-18T18:32:55Z,False,169456.00,,49.82,49.83,,L,433,125,31121399802011,,regular,2026-05-18T18:32:55Z
2500,DVN,49.83,8314502,2026-05-18T18:32:55Z,False,124575.00,,49.82,49.83,,L,433,125,31121399802001,,regular,2026-05-18T18:32:55Z
3042,DVN,49.83,8308302,2026-05-18T18:32:55Z,False,151582.86,,49.82,49.83,,L,433,125,31121399802000,,regular,2026-05-18T18:32:55Z
3700,DVN,49.83,8312002,2026-05-18T18:32:55Z,False,184371.00,,49.82,49.83,,L,433,125,31121399802000,,regular,2026-05-18T18:32:55Z
3967,DVN,49.829,8293074,2026-05-18T18:32:55Z,False,197671.643,,49.79,49.8,,L,725,431,31121399801965,,regular,2026-05-18T18:32:55Z
2071,DVN,49.795,8248351,2026-05-18T18:31:50Z,False,103125.445,,49.79,49.8,,L,534,132,31121399736843,,regular,2026-05-18T18:31:50Z
3040,DVN,49.8329,8154749,2026-05-18T18:28:32Z,False,151492.0160,,49.83,49.84,,L,190,375,31121399538972,,regular,2026-05-18T18:28:32Z
2127,DVN,49.815,8113124,2026-05-18T18:27:50Z,False,105956.505,,49.81,49.82,,L,355,175,31121399497429,,regular,2026-05-18T18:27:50Z
2300,DVN,49.8,7953681,2026-05-18T18:22:31Z,False,114540.0,,49.79,49.8,,L,200,128,31121399178623,,regular,2026-05-18T18:22:31Z
2500,DVN,49.84,7895361,2026-05-18T18:20:53Z,False,124600.00,,49.83,49.84,,L,327,227,31121399080433,,regular,2026-05-18T18:20:53Z
6074,DVN,49.825,7886548,2026-05-18T18:20:36Z,False,302637.050,,49.81,49.82,,L,225,564,31121399063275,,regular,2026-05-18T18:20:36Z
10000,DVN,49.815,7879423,2026-05-18T18:20:36Z,False,498150.000,,49.81,49.82,,L,225,564,31121399063258,,regular,2026-05-18T18:20:36Z
4000,DVN,49.815,7869423,2026-05-18T18:20:36Z,False,199260.000,,49.81,49.82,,L,225,564,31121399063256,,regular,2026-05-18T18:20:36Z
2500,DVN,49.875,7734616,2026-05-18T18:17:43Z,False,124687.500,,49.87,49.88,,L,225,321,31121398890532,,regular,2026-05-18T18:17:43Z
5000,DVN,49.8499,7627499,2026-05-18T18:12:03Z,False,249249.5000,,49.84,49.85,,L,125,229,31121398550775,,regular,2026-05-18T18:12:03Z
5000,DVN,49.7401,7571470,2026-05-18T18:08:32Z,False,248700.5000,,49.74,49.75,,L,226,491,31121398339197,,regular,2026-05-18T18:08:32Z
5000,DVN,49.7313,7559900,2026-05-18T18:08:09Z,False,248656.5000,,49.73,49.74,,L,179,3391,31121398316729,,regular,2026-05-18T18:08:09Z
4532,DVN,49.75,7551716,2026-05-18T18:07:54Z,False,225467.00,,49.75,49.76,,L,125,25,31121398301542,,regular,2026-05-18T18:07:54Z
5000,DVN,49.75,7542962,2026-05-18T18:07:38Z,False,248750.00,,49.75,49.76,,L,125,126,31121398285515,,regular,2026-05-18T18:07:38Z
2200,DVN,49.7502,7531573,2026-05-18T18:07:21Z,False,109450.4400,,49.75,49.76,,L,231,250,31121398268632,,regular,2026-05-18T18:07:21Z
4300,DVN,49.7301,7524195,2026-05-18T18:07:06Z,False,213839.4300,,49.73,49.74,,L,325,442,31121398253307,,regular,2026-05-18T18:07:06Z
14200,DVN,49.63,7303581,2026-05-18T17:51:17Z,False,704746.00,,49.63,49.64,,L,241,780,31121397304810,,regular,2026-05-18T17:51:17Z
3000,DVN,49.63,7289381,2026-05-18T17:51:17Z,False,148890.00,,49.63,49.64,,L,241,780,31121397304809,,regular,2026-05-18T17:51:17Z
10771,DVN,49.63,7286189,2026-05-18T17:51:17Z,False,534564.73,,49.63,49.64,,L,241,780,31121397304805,,regular,2026-05-18T17:51:17Z
4400,DVN,49.6401,7265929,2026-05-18T17:50:19Z,False,218416.4400,,49.64,49.65,,L,325,300,31121397246245,,regular,2026-05-18T17:50:19Z
36999,DVN,49.69,7253693,2026-05-18T17:50:06Z,False,1838480.31,,49.66,49.67,,L,225,325,31121397233048,,regular,2026-05-18T17:50:06Z
3667,DVN,49.655,7130106,2026-05-18T17:46:21Z,False,182084.885,,49.67,49.68,,L,402,289,31121397008292,,regular,2026-05-18T17:46:21Z
2025,DVN,49.585,7041944,2026-05-18T17:37:43Z,False,100409.625,,49.58,49.59,,L,225,105,31121396490803,,regular,2026-05-18T17:37:43Z
6250,DVN,49.605,6994210,2026-05-18T17:36:23Z,False,310031.250,,49.6,49.61,,L,105,360,31121396410556,,regular,2026-05-18T17:36:23Z
5513,DVN,49.615,6953949,2026-05-18T17:33:47Z,False,273527.495,,49.61,49.62,,L,125,225,31121396254129,,regular,2026-05-18T17:33:47Z
400000,DVN,49.79,6888440,2026-05-18T17:28:41Z,False,19916000.00,contingent_trade,49.53,49.54,,L,427,300,31121395948518,qualified_contingent_trade,regular,2026-05-18T17:28:41Z
3950,DVN,49.57,6480629,2026-05-18T17:27:29Z,False,195801.50,,49.57,49.58,,L,137,145,31121395876807,,regular,2026-05-18T17:27:29Z
25100,DVN,49.705,6381294,2026-05-18T17:21:27Z,False,1247595.500,,49.7,49.71,,L,325,225,31121395513907,,regular,2026-05-18T17:21:26Z
91218,DVN,50,6243620,2026-05-18T17:10:00Z,False,4560900,contingent_trade,49.76,49.78,sold_out_of_sequence,L,389,325,31121394827746,qualified_contingent_trade,regular,2026-05-18T17:07:05Z
9128,DVN,50,6136344,2026-05-18T17:07:05Z,True,456400,contingent_trade,49.77,49.78,,L,135,225,31121394652401,qualified_contingent_trade,regular,2026-05-18T17:07:05Z
22646,DVN,49.83,6102017,2026-05-18T17:05:38Z,False,1128450.18,,49.83,49.84,,L,179,359,31121394565630,,regular,2026-05-18T17:05:38Z
4300,DVN,49.9199,5940149,2026-05-18T16:54:30Z,False,214655.5700,,49.9,49.91,,L,426,389,31121393897120,,regular,2026-05-18T16:54:30Z
5000,DVN,49.9199,5883827,2026-05-18T16:50:26Z,False,249599.5000,,49.91,49.92,,L,125,389,31121393653431,,regular,2026-05-18T16:50:26Z
4177,DVN,49.8901,5873855,2026-05-18T16:50:03Z,False,208390.9477,,49.89,49.9,,L,439,528,31121393630364,,regular,2026-05-18T16:50:03Z
2700,DVN,49.925,5863048,2026-05-18T16:49:45Z,False,134797.500,,49.92,49.93,,L,174,489,31121393611876,,regular,2026-05-18T16:49:45Z
5000,DVN,49.95,5850989,2026-05-18T16:49:19Z,False,249750.00,,49.94,49.95,,L,325,235,31121393586100,,regular,2026-05-18T16:49:19Z
3900,DVN,50.0099,5836583,2026-05-18T16:48:50Z,False,195038.6100,,49.99,50,,L,204,543,31121393557390,,regular,2026-05-18T16:48:50Z
2500,DVN,50.0199,5828988,2026-05-18T16:48:21Z,False,125049.7500,,50.01,50.02,,L,127,175,31121393528640,,regular,2026-05-18T16:48:21Z
2612,DVN,50.035,5780175,2026-05-18T16:43:54Z,False,130691.420,,50.03,50.04,,L,144,221,31121393261290,,regular,2026-05-18T16:43:54Z
3868,DVN,50.0001,5726839,2026-05-18T16:38:55Z,False,193400.3868,,50.01,50.02,,L,225,206,31121392962595,,regular,2026-05-18T16:38:55Z
2957,DVN,50.0202,5718291,2026-05-18T16:38:29Z,False,147909.7314,,50.02,50.03,,L,425,525,31121392936782,,regular,2026-05-18T16:38:29Z
15917,DVN,50.09,5647400,2026-05-18T16:35:37Z,False,797282.53,,50.08,50.09,,L,225,125,31121392764374,,regular,2026-05-18T16:35:37Z
2000,DVN,50.135,5615981,2026-05-18T16:35:20Z,False,100270.000,,50.13,50.15,,L,425,325,31121392747535,,regular,2026-05-18T16:35:20Z
2291,DVN,49.99,5560163,2026-05-18T16:33:27Z,False,114527.09,,49.99,50,,L,127,125,31121392634045,,regular,2026-05-18T16:33:27Z
4000,DVN,49.925,5358072,2026-05-18T16:18:16Z,False,199700.000,,49.92,49.93,,L,225,274,31121391723659,,regular,2026-05-18T16:18:16Z
2263,DVN,49.93,5332867,2026-05-18T16:16:59Z,False,112991.59,,49.92,49.93,,L,525,283,31121391646215,,regular,2026-05-18T16:16:59Z
3500,DVN,49.9301,5279764,2026-05-18T16:12:31Z,False,174755.3500,,49.93,49.94,,L,225,60,31121391378300,,regular,2026-05-18T16:12:31Z
21000,DVN,49.9,5260653,2026-05-18T16:11:27Z,False,1047900.0,contingent_trade,49.9,49.91,,L,140,225,31121391314481,qualified_contingent_trade,regular,2026-05-18T16:11:27Z
2600,DVN,49.905,5213642,2026-05-18T16:09:57Z,False,129753.000,,49.9,49.91,,L,100,731,31121391224551,,regular,2026-05-18T16:09:57Z
4600,DVN,49.905,5209787,2026-05-18T16:09:55Z,False,229563.000,,49.91,49.92,,L,125,100,31121391222459,,regular,2026-05-18T16:09:55Z
8000,DVN,49.925,5203077,2026-05-18T16:09:55Z,False,399400.000,,49.93,49.94,,L,425,200,31121391222151,,regular,2026-05-18T16:09:55Z
3444,DVN,49.895,5172069,2026-05-18T16:08:58Z,False,171838.380,,49.9,49.91,,L,254,125,31121391165575,,regular,2026-05-18T16:08:58Z
3000,DVN,49.895,5152844,2026-05-18T16:08:44Z,False,149685.000,,49.89,49.9,,L,248,176,31121391151266,,regular,2026-05-18T16:08:44Z
2750,DVN,50,5043532,2026-05-18T16:05:05Z,False,137500,,50,50.01,,L,250,35,31121390932366,,regular,2026-05-18T16:05:05Z
5400,DVN,49.9,4853096,2026-05-18T15:58:01Z,False,269460.0,,49.9,49.91,,L,25,125,31121390508347,,regular,2026-05-18T15:58:01Z
20100,DVN,49.83,4578254,2026-05-18T15:37:53Z,False,1001583.00,,49.83,49.84,,L,135,162,31121389300285,,regular,2026-05-18T15:37:53Z
4092,DVN,49.93,4503739,2026-05-18T15:36:49Z,False,204313.56,,49.93,49.94,,L,125,141,31121389236294,,regular,2026-05-18T15:36:49Z
2372,DVN,49.8297,4249378,2026-05-18T15:25:39Z,False,118196.0484,,49.82,49.83,,L,148,225,31121388566673,,regular,2026-05-18T15:25:39Z
31354,DVN,49.75,4212704,2026-05-18T15:24:43Z,False,1559861.50,,49.78,49.79,,L,100,100,31121388510701,,regular,2026-05-18T15:24:43Z
2680,DVN,49.779,3978200,2026-05-18T15:22:59Z,False,133407.720,,49.77,49.78,,L,138,100,31121388406676,,regular,2026-05-18T15:22:59Z
2544,DVN,49.85,3949782,2026-05-18T15:21:37Z,False,126818.40,,49.84,49.85,,L,435,225,31121388324617,,regular,2026-05-18T15:21:37Z
4665,DVN,49.88,3917300,2026-05-18T15:20:29Z,False,232690.20,,49.87,49.88,,L,231,300,31121388255837,,regular,2026-05-18T15:20:29Z
4300,DVN,49.89,3870121,2026-05-18T15:20:28Z,False,214527.00,,49.88,49.89,,L,125,922,31121388255518,,regular,2026-05-18T15:20:28Z
3042,DVN,49.91,3854881,2026-05-18T15:20:28Z,False,151826.22,,49.91,49.92,,L,211,765,31121388255444,,regular,2026-05-18T15:20:28Z
2200,DVN,49.92,3844021,2026-05-18T15:20:28Z,False,109824.00,,49.91,49.92,,L,211,765,31121388255433,,regular,2026-05-18T15:20:28Z
5100,DVN,49.92,3839682,2026-05-18T15:20:28Z,False,254592.00,,49.92,49.93,,L,236,225,31121388255422,,regular,2026-05-18T15:20:28Z
2200,DVN,49.92,3833782,2026-05-18T15:20:28Z,False,109824.00,,49.92,49.93,,L,236,225,31121388255421,,regular,2026-05-18T15:20:28Z
10200,DVN,49.92,3830473,2026-05-18T15:20:28Z,False,509184.00,,49.92,49.93,,L,236,225,31121388255420,,regular,2026-05-18T15:20:28Z
3500,DVN,49.935,3790245,2026-05-18T15:20:14Z,False,174772.500,,49.93,49.94,,2,125,133,31121388241354,,regular,2026-05-18T15:20:14Z
2503,DVN,49.8714,3730684,2026-05-18T15:19:00Z,False,124828.1142,average_price_trade,49.88,49.89,,L,202,417,31121388166818,derivative_priced,regular,2026-05-18T15:18:59Z
4400,DVN,49.8701,3718216,2026-05-18T15:18:06Z,False,219428.4400,,49.87,49.88,,L,231,325,31121388113666,,regular,2026-05-18T15:18:06Z
6944,DVN,49.89,3686945,2026-05-18T15:16:55Z,False,346436.16,,49.88,49.89,,L,125,326,31121388042560,,regular,2026-05-18T15:16:55Z
3400,DVN,49.8399,3629619,2026-05-18T15:15:41Z,False,169455.6600,,49.83,49.84,,L,330,125,31121387968779,,regular,2026-05-18T15:15:41Z
6006,DVN,49.82,3554718,2026-05-18T15:12:25Z,False,299218.92,,49.82,49.83,,L,125,75,31121387772600,,regular,2026-05-18T15:12:25Z
10000,DVN,49.86,3490348,2026-05-18T15:09:33Z,False,498600.00,,49.84,49.85,,L,25,262,31121387600538,,regular,2026-05-18T15:09:33Z
4000,DVN,49.7001,3422188,2026-05-18T15:06:45Z,False,198800.4000,,49.7,49.71,,L,100,155,31121387432048,,regular,2026-05-18T15:06:45Z
7965,DVN,49.65,3382032,2026-05-18T15:04:34Z,False,395462.25,,49.63,49.64,,L,125,142,31121387301359,,regular,2026-05-18T15:04:34Z
3556,DVN,49.64,3202932,2026-05-18T14:57:49Z,False,176519.84,,49.64,49.65,,L,500,225,31121386896424,,regular,2026-05-18T14:57:49Z
4032,DVN,49.59,3091607,2026-05-18T14:51:55Z,False,199946.88,,49.58,49.59,,L,100,383,31121386542709,,regular,2026-05-18T14:51:55Z
20200,DVN,49.62,3045322,2026-05-18T14:50:37Z,False,1002324.00,,49.62,49.63,,L,130,537,31121386463947,,regular,2026-05-18T14:50:37Z
2600,DVN,49.62,3002001,2026-05-18T14:50:37Z,False,129012.00,,49.6,49.61,,L,125,31,31121386463934,,regular,2026-05-18T14:50:37Z
2942,DVN,49.6099,2997828,2026-05-18T14:50:37Z,False,145952.3258,,49.6,49.61,,L,125,31,31121386463930,,regular,2026-05-18T14:50:37Z
3646,DVN,49.5801,2973112,2026-05-18T14:49:29Z,False,180769.0446,,49.58,49.59,,L,352,225,31121386396001,,regular,2026-05-18T14:49:29Z
2191,DVN,49.415,2749417,2026-05-18T14:39:33Z,False,108268.265,,49.41,49.42,,L,245,125,31121385799960,,regular,2026-05-18T14:39:33Z
6307,DVN,49.41,2736371,2026-05-18T14:39:32Z,False,311628.87,,49.4,49.42,,L,329,331,31121385799242,,regular,2026-05-18T14:39:32Z
2500,DVN,49.3999,2700503,2026-05-18T14:38:10Z,False,123499.7500,,49.39,49.4,,L,225,82,31121385717404,,regular,2026-05-18T14:38:10Z
4700,DVN,49.3801,2563038,2026-05-18T14:34:03Z,False,232086.4700,,49.42,49.43,,L,125,125,31121385470787,,regular,2026-05-18T14:34:03Z
3000,DVN,49.265,2448178,2026-05-18T14:29:22Z,False,147795.000,,49.26,49.27,,L,225,175,31121385189262,,regular,2026-05-18T14:29:22Z
2300,DVN,49.24,2431407,2026-05-18T14:28:33Z,False,113252.00,,49.23,49.25,,L,425,281,31121385140750,,regular,2026-05-18T14:28:33Z
3600,DVN,49.17,2326179,2026-05-18T14:24:20Z,False,177012.00,,49.16,49.18,,L,125,329,31121384887677,,regular,2026-05-18T14:24:20Z
8900,DVN,49.16,2316172,2026-05-18T14:24:15Z,False,437524.00,,49.16,49.17,,L,125,162,31121384882198,,regular,2026-05-18T14:24:15Z
2155,DVN,49.15,2293840,2026-05-18T14:23:38Z,False,105918.25,,49.14,49.15,,L,37,235,31121384845249,,regular,2026-05-18T14:23:38Z
5000,DVN,49.1301,2273813,2026-05-18T14:22:04Z,False,245650.5000,,49.13,49.14,,L,125,381,31121384751239,,regular,2026-05-18T14:22:04Z
2500,DVN,49.17,2253394,2026-05-18T14:21:17Z,False,122925.00,,49.16,49.17,,L,101,269,31121384704554,,regular,2026-05-18T14:21:17Z
5179,DVN,48.965,2174690,2026-05-18T14:16:43Z,False,253589.735,,48.94,48.96,,L,131,331,31121384430502,,regular,2026-05-18T14:16:43Z
2500,DVN,48.9,1981411,2026-05-18T14:08:49Z,False,122250.0,,48.95,48.96,,L,411,20,31121383956386,,regular,2026-05-18T14:08:49Z
2500,DVN,48.975,1968888,2026-05-18T14:08:35Z,False,122437.500,,48.97,48.98,,L,125,200,31121383942346,,regular,2026-05-18T14:08:35Z
2786,DVN,49.05,1929907,2026-05-18T14:07:32Z,False,136653.30,,49.03,49.04,,L,141,175,31121383879530,,regular,2026-05-18T14:07:32Z
3000,DVN,49.05,1906864,2026-05-18T14:06:55Z,False,147150.00,,49.04,49.05,,L,25,125,31121383842326,,regular,2026-05-18T14:06:55Z
2717,DVN,49,1822576,2026-05-18T14:04:39Z,False,133133,,49,49.01,,L,25,125,31121383706351,,regular,2026-05-18T14:04:39Z
2090,DVN,49,1824666,2026-05-18T14:04:39Z,False,102410,,49,49.01,,L,25,125,31121383706351,,regular,2026-05-18T14:04:39Z
2165,DVN,48.815,1762093,2026-05-18T14:02:30Z,False,105684.475,,48.81,48.82,,L,25,297,31121383577245,,regular,2026-05-18T14:02:30Z
3000,DVN,48.825,1744842,2026-05-18T14:01:53Z,False,146475.000,,48.82,48.83,,L,185,25,31121383540046,,regular,2026-05-18T14:01:53Z
3205,DVN,48.9008,1647970,2026-05-18T13:58:12Z,False,156727.0640,,48.9,48.91,,L,84,26,31121383319731,,regular,2026-05-18T13:58:12Z
5000,DVN,48.91,1642391,2026-05-18T13:58:12Z,False,244550.00,,48.9,48.91,,L,84,26,31121383319600,,regular,2026-05-18T13:58:12Z
2600,DVN,48.7201,1516772,2026-05-18T13:51:41Z,False,126672.2600,,48.73,48.74,,L,130,35,31121382928677,,regular,2026-05-18T13:51:41Z
2564,DVN,48.73,1509188,2026-05-18T13:51:30Z,False,124943.72,,48.72,48.74,,L,265,25,31121382917292,,regular,2026-05-18T13:51:30Z
2264,DVN,48.69,1488790,2026-05-18T13:50:23Z,False,110234.16,,48.69,48.7,,L,224,278,31121382850630,,regular,2026-05-18T13:50:23Z
2400,DVN,48.7101,1476168,2026-05-18T13:50:23Z,False,116904.2400,,48.69,48.7,,L,224,278,31121382850620,,regular,2026-05-18T13:50:23Z
4800,DVN,48.7101,1481076,2026-05-18T13:50:23Z,False,233808.4800,,48.69,48.7,,L,224,278,31121382850620,,regular,2026-05-18T13:50:23Z
3500,DVN,48.66,1432533,2026-05-18T13:49:34Z,False,170310.00,,48.65,48.67,,L,446,625,31121382801580,,regular,2026-05-18T13:49:34Z
2500,DVN,48.82,1285883,2026-05-18T13:47:17Z,False,122050.00,,48.8,48.82,,L,134,385,31121382664170,,regular,2026-05-18T13:47:17Z
6778,DVN,48.81,1272834,2026-05-18T13:47:16Z,False,330834.18,,48.8,48.82,,L,9,485,31121382662918,,regular,2026-05-18T13:47:16Z
4000,DVN,48.8001,1264592,2026-05-18T13:47:12Z,False,195200.4000,,48.8,48.83,,L,389,127,31121382659328,,regular,2026-05-18T13:47:12Z
10000,DVN,48.69,1209023,2026-05-18T13:46:00Z,False,486900.00,,48.66,48.7,,L,425,25,31121382587392,,regular,2026-05-18T13:46:00Z
5600,DVN,48.8,1176618,2026-05-18T13:45:39Z,False,273280.0,,48.79,48.81,,L,125,225,31121382565924,,regular,2026-05-18T13:45:39Z
4600,DVN,48.7601,1155107,2026-05-18T13:45:26Z,False,224296.4600,,48.77,48.79,,L,25,325,31121382553217,,regular,2026-05-18T13:45:26Z
3200,DVN,48.8,1098855,2026-05-18T13:43:27Z,False,156160.0,,48.8,48.82,,L,125,419,31121382434341,,regular,2026-05-18T13:43:27Z
5000,DVN,48.86,1075793,2026-05-18T13:43:12Z,False,244300.00,,48.85,48.87,,L,222,250,31121382419794,,regular,2026-05-18T13:43:12Z
4000,DVN,48.765,1055925,2026-05-18T13:42:09Z,False,195060.000,,48.75,48.78,,L,184,324,31121382356595,,regular,2026-05-18T13:42:09Z
4000,DVN,48.8196,1044526,2026-05-18T13:42:05Z,False,195278.4000,,48.8,48.83,,L,184,143,31121382352625,,regular,2026-05-18T13:42:05Z
5462,DVN,48.78,1035259,2026-05-18T13:41:53Z,False,266436.36,,48.76,48.78,,L,225,2,31121382340597,,regular,2026-05-18T13:41:53Z
8698,DVN,48.8,1029292,2026-05-18T13:41:53Z,False,424462.4,,48.76,48.78,,L,225,2,31121382340591,,regular,2026-05-18T13:41:53Z
2435,DVN,48.715,1010144,2026-05-18T13:41:51Z,False,118621.025,,48.72,48.75,,L,200,89,31121382337887,,regular,2026-05-18T13:41:51Z
4000,DVN,48.695,961625,2026-05-18T13:40:22Z,False,194780.000,,48.68,48.71,,L,134,147,31121382248994,,regular,2026-05-18T13:40:22Z
2512,DVN,48.59,905787,2026-05-18T13:39:18Z,False,122058.08,,48.56,48.59,,L,124,124,31121382185416,,regular,2026-05-18T13:39:18Z
2574,DVN,48.56,902875,2026-05-18T13:39:17Z,False,124993.44,,48.55,48.59,,L,124,224,31121382184401,,regular,2026-05-18T13:39:17Z
4000,DVN,48.57,893153,2026-05-18T13:39:13Z,False,194280.00,,48.55,48.58,,L,124,124,31121382180595,,regular,2026-05-18T13:39:13Z
3400,DVN,48.485,723058,2026-05-18T13:37:00Z,False,164849.000,,48.47,48.5,,L,100,222,31121382047692,,regular,2026-05-18T13:37:00Z
2800,DVN,48.365,664505,2026-05-18T13:36:01Z,False,135422.000,,48.35,48.38,,L,254,116,31121381988415,,regular,2026-05-18T13:36:01Z
5000,DVN,48.44,628143,2026-05-18T13:35:11Z,False,242200.00,,48.39,48.43,,L,100,196,31121381938220,,regular,2026-05-18T13:35:11Z
3120,DVN,48.45,563732,2026-05-18T13:34:05Z,False,151164.00,,48.4,48.46,,L,100,96,31121381871863,,regular,2026-05-18T13:34:05Z
5913,DVN,48.4601,546822,2026-05-18T13:33:53Z,False,286544.5713,,48.45,48.52,,L,100,776,31121381860368,,regular,2026-05-18T13:33:53Z
6706,DVN,48.512,524071,2026-05-18T13:33:33Z,False,325321.472,,48.52,48.58,,L,196,100,31121381840418,,regular,2026-05-18T13:33:33Z
2547,DVN,48.82,471343,2026-05-18T13:32:26Z,False,124344.54,,48.82,48.89,,L,100,101,31121381772980,,regular,2026-05-18T13:32:26Z
8172,DVN,48.94,423232,2026-05-18T13:31:04Z,False,399937.68,,48.87,48.9,,L,17,100,31121381691289,,regular,2026-05-18T13:31:04Z
2500,DVN,48.96,404865,2026-05-18T13:30:46Z,False,122400.00,,48.93,48.99,,L,100,200,31121381672969,,regular,2026-05-18T13:30:46Z
9683,DVN,48.98,373308,2026-05-18T13:30:12Z,False,474273.34,prior_reference_price,49.1,49.19,,L,601,300,31121381639623,derivative_priced,regular,2026-05-18T13:30:12Z
2500,DVN,49.015,363535,2026-05-18T13:30:11Z,False,122537.500,,49.1,49.19,,L,601,300,31121381638741,,regular,2026-05-18T13:30:11Z
15000,DVN,48.7,144309,2026-05-18T13:19:24Z,False,730500.0,,48.73,49.19,extended_hours_trade,L,94,1,31121380991584,,regular,2026-05-18T13:19:24Z
10000,DVN,49.75,91193,2026-05-18T12:20:27Z,False,497500.00,,49.26,50.01,extended_hours_trade,L,2,400,31121377454010,,regular,2026-05-18T12:20:27Z
