size,ticker,price,volume,executed_at,premium,canceled,sale_cond_codes,nbbo_ask,nbbo_bid,ext_hour_sold_codes,market_center,nbbo_ask_quantity,nbbo_bid_quantity,tracking_id,trade_code,trade_settlement,trf_executed_at
150,LITE,898.25,4910574,2026-09-17T23:57:25Z,134737.50,False,,897.99,896.5,extended_hours_trade,L,5,50,35523760750874,,regular,2026-09-17T23:57:25Z
500,LITE,898.25,4910377,2026-09-17T23:56:28Z,449125.00,False,,898.5,896.5,extended_hours_trade,L,5,51,35523760693692,,regular,2026-09-17T23:56:28Z
500,LITE,896.5,4908318,2026-09-17T23:37:59Z,448250.0,False,,898.5,896.5,extended_hours_trade,L,5,50,35523759584639,,regular,2026-09-17T23:37:59Z
200,LITE,897.3985,4905699,2026-09-17T23:05:01Z,179479.7000,False,,897.5,896.4,extended_hours_trade,L,12,8,35523757606871,,regular,2026-09-17T23:05:01Z
1600,LITE,896.75,4902012,2026-09-17T22:01:53Z,1434800.00,False,,898.5,896.01,extended_hours_trade,L,2,5,35523753819130,,regular,2026-09-17T22:01:53Z
200,LITE,897.5,4897583,2026-09-17T21:35:48Z,179500.0,False,,897.25,897.15,extended_hours_trade,L,16,100,35523752253219,,regular,2026-09-17T21:35:48Z
248,LITE,896.88,4895855,2026-09-17T21:22:46Z,222426.24,False,,896.34,896,extended_hours_trade,L,10,379,35523751471561,,regular,2026-09-17T21:22:46Z
350,LITE,896.12,4895244,2026-09-17T21:19:33Z,313642.00,False,,896.66,896,extended_hours_trade,L,5,377,35523751278905,,regular,2026-09-17T21:19:33Z
500,LITE,896.8,4892797,2026-09-17T21:02:38Z,448400.0,False,,897,896,extended_hours_trade,L,30,265,35523750263498,,regular,2026-09-17T21:02:38Z
160,LITE,896.7136,4892258,2026-09-17T20:59:52Z,143474.1760,False,,897,896,extended_hours_trade,L,30,266,35523750097880,,regular,2026-09-17T20:59:52Z
15781,LITE,893.61,4892078,2026-09-17T20:57:57Z,14102059.41,False,prior_reference_price,897,895.71,extended_hours_trade,L,30,5,35523749982442,,regular,2026-09-17T20:57:57Z
10123,LITE,893.61,4874699,2026-09-17T20:46:05Z,9046014.03,False,average_price_trade,896,894.71,extended_hours_trade,L,1,5,35523749270727,,regular,2026-09-17T20:46:05Z
421,LITE,894.5684,4861343,2026-09-17T20:27:31Z,376613.2964,False,,895.79,894.5,extended_hours_trade,L,5,20,35523748156564,,regular,2026-09-17T20:27:31Z
1000,LITE,919.5,4858961,2026-09-17T20:11:53Z,919500.0,False,prior_reference_price,895.69,894.5,extended_hours_trade,L,1,25,35523747218811,,regular,2026-09-17T20:11:53Z
135,LITE,893.61,4857937,2026-09-17T20:11:37Z,120637.35,False,prior_reference_price,895.69,894.5,extended_hours_trade,L,1,25,35523747202255,,regular,2026-09-17T20:11:36Z
2500,LITE,895.01,4857677,2026-09-17T20:10:51Z,2237525.00,False,,895.69,894.5,extended_hours_trade,L,1,25,35523747156772,,regular,2026-09-17T20:10:51Z
2048,LITE,893.61,4855010,2026-09-17T20:09:44Z,1830113.28,False,average_price_trade,895.69,894.5,extended_hours_trade,L,1,20,35523747089708,,regular,2026-09-17T20:09:43Z
399,LITE,894.5628,4852868,2026-09-17T20:08:33Z,356930.5572,False,,895.69,894.5,extended_hours_trade,L,1,20,35523747018878,,regular,2026-09-17T20:08:33Z
2500,LITE,895,4851437,2026-09-17T20:06:33Z,2237500,False,,897.15,896.11,extended_hours_trade,L,10,22,35523746898507,,regular,2026-09-17T20:06:33Z
270,LITE,896,4848822,2026-09-17T20:06:08Z,241920,False,,897.06,895.07,extended_hours_trade,L,5,47,35523746874158,,regular,2026-09-17T20:06:08Z
66912,LITE,893.61,4846237,2026-09-17T20:02:57Z,59793232.32,False,prior_reference_price,894.5,893.71,extended_hours_trade,L,1,5,35523746682640,,regular,2026-09-17T20:02:55Z
120,LITE,893.5,4778075,2026-09-17T20:01:14Z,107220.0,False,,893.5,892,extended_hours_trade,L,200,5,35523746580062,,regular,2026-09-17T20:01:14Z
597,LITE,893.5,4778672,2026-09-17T20:01:14Z,533419.5,False,,893.5,892,extended_hours_trade,L,200,5,35523746580062,,regular,2026-09-17T20:01:14Z
120,LITE,893.5,4777955,2026-09-17T20:01:14Z,107220.0,False,,893.5,892,extended_hours_trade,L,200,5,35523746580061,,regular,2026-09-17T20:01:14Z
120,LITE,893.5,4777812,2026-09-17T20:01:14Z,107220.0,False,,893.5,892,extended_hours_trade,L,200,5,35523746580058,,regular,2026-09-17T20:01:14Z
147,LITE,893.61,4777280,2026-09-17T20:00:36Z,131360.67,False,prior_reference_price,894.96,893.61,extended_hours_trade,L,50,7,35523746541933,,regular,2026-09-17T20:00:36Z
125,LITE,893.61,4777093,2026-09-17T20:00:36Z,111701.25,False,prior_reference_price,894.96,893.61,extended_hours_trade,L,50,7,35523746541763,,regular,2026-09-17T20:00:36Z
136,LITE,893.61,4776960,2026-09-17T20:00:36Z,121530.96,False,prior_reference_price,894.96,893.61,extended_hours_trade,L,50,7,35523746541659,,regular,2026-09-17T20:00:36Z
143,LITE,893.61,4776824,2026-09-17T20:00:36Z,127786.23,False,prior_reference_price,894.96,893.61,extended_hours_trade,L,50,7,35523746541645,,regular,2026-09-17T20:00:36Z
147,LITE,893.61,4776644,2026-09-17T20:00:36Z,131360.67,False,prior_reference_price,894.96,893.61,extended_hours_trade,L,50,7,35523746541566,,regular,2026-09-17T20:00:36Z
140,LITE,893.61,4776497,2026-09-17T20:00:36Z,125105.40,False,prior_reference_price,894.96,893.61,extended_hours_trade,L,50,7,35523746541530,,regular,2026-09-17T20:00:36Z
120,LITE,893.61,4776308,2026-09-17T20:00:36Z,107233.20,False,prior_reference_price,894.96,893.61,extended_hours_trade,L,50,7,35523746541498,,regular,2026-09-17T20:00:36Z
121,LITE,893.61,4776004,2026-09-17T20:00:36Z,108126.81,False,prior_reference_price,894.96,893.61,extended_hours_trade,L,50,7,35523746541397,,regular,2026-09-17T20:00:36Z
144,LITE,893.61,4775713,2026-09-17T20:00:36Z,128679.84,False,prior_reference_price,894.96,893.61,extended_hours_trade,L,50,7,35523746541256,,regular,2026-09-17T20:00:36Z
122,LITE,893.61,4775546,2026-09-17T20:00:35Z,109020.42,False,prior_reference_price,894.96,893.61,extended_hours_trade,L,50,7,35523746541076,,regular,2026-09-17T20:00:35Z
181,LITE,893.61,4775361,2026-09-17T20:00:35Z,161743.41,False,prior_reference_price,894.96,893.61,extended_hours_trade,L,50,7,35523746540349,,regular,2026-09-17T20:00:35Z
138,LITE,893.61,4775180,2026-09-17T20:00:35Z,123318.18,False,prior_reference_price,894.96,893.61,extended_hours_trade,L,50,7,35523746540315,,regular,2026-09-17T20:00:35Z
7000,LITE,893.61,4775042,2026-09-17T20:00:35Z,6255270.00,False,prior_reference_price,894.96,893.61,extended_hours_trade,L,50,7,35523746540248,,regular,2026-09-17T20:00:35Z
3986,LITE,893.61,4767953,2026-09-17T20:00:34Z,3561929.46,False,prior_reference_price,894.96,893.61,extended_hours_trade,L,50,7,35523746539951,,regular,2026-09-17T20:00:34Z
1139,LITE,893.61,4763924,2026-09-17T20:00:34Z,1017821.79,False,prior_reference_price,894.96,893.61,extended_hours_trade,L,50,7,35523746539662,,regular,2026-09-17T20:00:34Z
113,LITE,893.61,4762757,2026-09-17T20:00:30Z,100977.93,False,prior_reference_price,894.79,893.61,extended_hours_trade,L,5,15,35523746535709,,regular,2026-09-17T20:00:30Z
260,LITE,893.61,4762644,2026-09-17T20:00:30Z,232338.60,False,prior_reference_price,894.79,893.61,extended_hours_trade,L,5,15,35523746535524,,regular,2026-09-17T20:00:30Z
264,LITE,893.61,4762384,2026-09-17T20:00:30Z,235913.04,False,prior_reference_price,894.79,893.61,extended_hours_trade,L,5,15,35523746535449,,regular,2026-09-17T20:00:30Z
342,LITE,893.61,4762120,2026-09-17T20:00:29Z,305614.62,False,prior_reference_price,894.79,893.61,extended_hours_trade,L,5,15,35523746534921,,regular,2026-09-17T20:00:29Z
467,LITE,893.61,4761778,2026-09-17T20:00:29Z,417315.87,False,prior_reference_price,894.79,893.61,extended_hours_trade,L,5,15,35523746534630,,regular,2026-09-17T20:00:29Z
1742,LITE,893.61,4761311,2026-09-17T20:00:28Z,1556668.62,False,prior_reference_price,894.96,893.61,extended_hours_trade,L,50,15,35523746533600,,regular,2026-09-17T20:00:28Z
3254,LITE,893.61,4759569,2026-09-17T20:00:27Z,2907806.94,False,prior_reference_price,894.79,893.61,extended_hours_trade,L,5,15,35523746532319,,regular,2026-09-17T20:00:27Z
9768,LITE,893.61,4756245,2026-09-17T20:00:17Z,8728782.48,False,prior_reference_price,893.63,892.3,extended_hours_trade,L,20,2,35523746522298,,regular,2026-09-17T20:00:17Z
260,LITE,893.61,4746300,2026-09-17T20:00:07Z,232338.60,False,,894.39,893.01,extended_hours_trade,L,6,16,35523746512931,,regular,2026-09-17T20:00:07Z
1287,LITE,893.61,4744340,2026-09-17T20:00:07Z,1150076.07,False,,894.39,893.01,extended_hours_trade,L,6,16,35523746512877,,regular,2026-09-17T20:00:07Z
1540,LITE,893.61,4745880,2026-09-17T20:00:07Z,1376159.40,False,,894.39,893.01,extended_hours_trade,L,6,16,35523746512877,,regular,2026-09-17T20:00:07Z
17710,LITE,893.61,4743036,2026-09-17T20:00:07Z,15825833.10,False,average_price_trade,894.39,893.01,extended_hours_trade,L,6,16,35523746512696,,regular,2026-09-17T20:00:07Z
15133,LITE,893.61,4725326,2026-09-17T20:00:06Z,13523000.13,False,average_price_trade,894.39,893.01,extended_hours_trade,L,6,16,35523746511583,,regular,2026-09-17T20:00:06Z
231,LITE,893.61,4709940,2026-09-17T20:00:01Z,206423.91,False,,894.39,892.51,extended_hours_trade,L,5,5,35523746506777,,regular,2026-09-17T20:00:00Z
122,LITE,893.61,4709455,2026-09-17T20:00:01Z,109020.42,False,,894.39,892.51,extended_hours_trade,L,5,5,35523746506634,,regular,2026-09-17T20:00:00Z
112,LITE,893.61,4709333,2026-09-17T20:00:01Z,100084.32,False,,894.39,892.51,extended_hours_trade,L,5,5,35523746506632,,regular,2026-09-17T20:00:00Z
171,LITE,893.61,4709092,2026-09-17T20:00:01Z,152807.31,False,,894.39,892.51,extended_hours_trade,L,5,5,35523746506613,,regular,2026-09-17T20:00:00Z
407,LITE,893.61,4708172,2026-09-17T20:00:01Z,363699.27,False,,894.39,892.51,extended_hours_trade,L,5,5,35523746506607,,regular,2026-09-17T20:00:00Z
749,LITE,893.61,4708921,2026-09-17T20:00:01Z,669313.89,False,,894.39,892.51,extended_hours_trade,L,5,5,35523746506607,,regular,2026-09-17T20:00:00Z
277,LITE,893.61,4360512,2026-09-17T20:00:01Z,247529.97,False,,894.39,892.51,extended_hours_trade,L,5,5,35523746506520,,regular,2026-09-17T20:00:00Z
277,LITE,893.61,4360235,2026-09-17T20:00:01Z,247529.97,False,,894.39,892.51,extended_hours_trade,L,5,5,35523746506519,,regular,2026-09-17T20:00:00Z
120,LITE,893.61,4359777,2026-09-17T20:00:01Z,107233.20,False,,894.39,892.51,extended_hours_trade,L,5,5,35523746506512,,regular,2026-09-17T20:00:00Z
293,LITE,893.61,4359522,2026-09-17T20:00:01Z,261827.73,False,,894.39,892.51,extended_hours_trade,L,5,5,35523746506435,,regular,2026-09-17T20:00:00Z
235,LITE,893.61,4358721,2026-09-17T20:00:00Z,209998.35,False,,893.61,893.3,extended_hours_trade,L,28,1,35523746505596,,regular,2026-09-17T20:00:00Z
181,LITE,893.61,4358902,2026-09-17T20:00:00Z,161743.41,False,,893.61,893.3,extended_hours_trade,L,28,1,35523746505596,,regular,2026-09-17T20:00:00Z
3044,LITE,893.61,4357336,2026-09-17T20:00:00Z,2720148.84,False,,893.61,893.3,extended_hours_trade,L,28,1,35523746505595,,regular,2026-09-17T20:00:00Z
454,LITE,893.61,4357790,2026-09-17T20:00:00Z,405698.94,False,,893.61,893.3,extended_hours_trade,L,28,1,35523746505595,,regular,2026-09-17T20:00:00Z
406,LITE,893.61,4358196,2026-09-17T20:00:00Z,362805.66,False,,893.61,893.3,extended_hours_trade,L,28,1,35523746505595,,regular,2026-09-17T20:00:00Z
290,LITE,893.61,4358486,2026-09-17T20:00:00Z,259146.90,False,,893.61,893.3,extended_hours_trade,L,28,1,35523746505595,,regular,2026-09-17T20:00:00Z
540,LITE,893.61,4351852,2026-09-17T20:00:00Z,482549.40,False,,893.61,893.3,extended_hours_trade,L,28,1,35523746505584,,regular,2026-09-17T20:00:00Z
1866,LITE,893.61,4353718,2026-09-17T20:00:00Z,1667476.26,False,,893.61,893.3,extended_hours_trade,L,28,1,35523746505584,,regular,2026-09-17T20:00:00Z
519,LITE,893.61,4354237,2026-09-17T20:00:00Z,463783.59,False,,893.61,893.3,extended_hours_trade,L,28,1,35523746505584,,regular,2026-09-17T20:00:00Z
173,LITE,893.315,4338636,2026-09-17T19:59:41Z,154543.495,False,,893.73,893,,L,20,264,35523746486846,,regular,2026-09-17T19:59:41Z
148,LITE,894.125,4325322,2026-09-17T19:59:37Z,132330.500,False,,894.25,894,,L,83,621,35523746483212,,regular,2026-09-17T19:59:37Z
120,LITE,894.125,4325174,2026-09-17T19:59:37Z,107295.000,False,,894.25,894,,L,83,621,35523746483210,,regular,2026-09-17T19:59:37Z
200,LITE,894.185,4323349,2026-09-17T19:59:36Z,178837.000,False,,894.37,894,,L,1336,578,35523746481572,,regular,2026-09-17T19:59:36Z
200,LITE,894.18,4322677,2026-09-17T19:59:36Z,178836.00,False,,894.37,894.1,,L,87,5,35523746481566,,regular,2026-09-17T19:59:36Z
250,LITE,894.14,4323052,2026-09-17T19:59:36Z,223535.00,False,,894.37,894.1,,L,87,5,35523746481566,,regular,2026-09-17T19:59:36Z
200,LITE,894.13,4322277,2026-09-17T19:59:36Z,178826.00,False,,894.37,894.1,,L,87,5,35523746481565,,regular,2026-09-17T19:59:36Z
200,LITE,894.12,4322477,2026-09-17T19:59:36Z,178824.00,False,,894.37,894.1,,L,87,5,35523746481565,,regular,2026-09-17T19:59:36Z
190,LITE,893.7396,4319315,2026-09-17T19:59:30Z,169810.5240,False,average_price_trade,894.39,894.18,,L,3,27,35523746475504,derivative_priced,regular,2026-09-17T19:59:30Z
130,LITE,894.145,4315491,2026-09-17T19:59:18Z,116238.850,False,,894.27,894.12,,L,81,253,35523746463840,,regular,2026-09-17T19:59:18Z
203,LITE,894.085,4308200,2026-09-17T19:59:09Z,181499.255,False,,894.16,894,,L,1,13,35523746454546,,regular,2026-09-17T19:59:09Z
160,LITE,893.0765,4299784,2026-09-17T19:58:56Z,142892.2400,False,average_price_trade,893.68,893.47,,L,158,21,35523746441695,derivative_priced,regular,2026-09-17T19:58:56Z
160,LITE,893.685,4291671,2026-09-17T19:58:44Z,142989.600,False,,893.88,893.49,,L,123,475,35523746429518,,regular,2026-09-17T19:58:44Z
133,LITE,893.685,4291334,2026-09-17T19:58:43Z,118860.105,False,,893.88,893.49,,L,123,465,35523746428745,,regular,2026-09-17T19:58:43Z
320,LITE,893.0397,4288810,2026-09-17T19:58:40Z,285772.7040,False,average_price_trade,893.62,893.25,,L,7,340,35523746426148,derivative_priced,regular,2026-09-17T19:58:40Z
600,LITE,893.1401,4287756,2026-09-17T19:58:37Z,535884.0600,False,,893.62,893.14,,L,7,225,35523746422496,,regular,2026-09-17T19:58:37Z
200,LITE,893.1698,4282844,2026-09-17T19:58:19Z,178633.9600,False,,893.74,893.14,,L,181,16,35523746404503,,regular,2026-09-17T19:58:19Z
200,LITE,893.2137,4277183,2026-09-17T19:58:08Z,178642.7400,False,average_price_trade,894.06,893.74,,L,6,70,35523746393929,derivative_priced,regular,2026-09-17T19:58:08Z
350,LITE,893.89,4273606,2026-09-17T19:58:00Z,312861.50,False,,894.05,893.87,,L,4,276,35523746385232,,regular,2026-09-17T19:58:00Z
240,LITE,893.97,4272173,2026-09-17T19:57:59Z,214552.80,False,,894.5,893.87,,L,48,271,35523746384541,,regular,2026-09-17T19:57:59Z
200,LITE,893.9042,4271543,2026-09-17T19:57:58Z,178780.8400,False,,894.5,893.87,,L,54,271,35523746383552,,regular,2026-09-17T19:57:58Z
150,LITE,893.89,4270649,2026-09-17T19:57:54Z,134083.50,False,,894.61,893.87,,L,1,229,35523746380130,,regular,2026-09-17T19:57:54Z
116,LITE,894.34,4269635,2026-09-17T19:57:52Z,103743.44,False,,894.81,893.88,,L,50,5,35523746377777,,regular,2026-09-17T19:57:52Z
150,LITE,893.575,4267372,2026-09-17T19:57:48Z,134036.250,False,,893.79,893.35,,L,2,32,35523746373930,,regular,2026-09-17T19:57:48Z
160,LITE,893.625,4266251,2026-09-17T19:57:45Z,142980.000,False,,893.79,893.25,,L,13,112,35523746370595,,regular,2026-09-17T19:57:45Z
500,LITE,893.1001,4264255,2026-09-17T19:57:39Z,446550.0500,False,,893.8,893.1,,L,48,155,35523746364279,,regular,2026-09-17T19:57:39Z
160,LITE,892.68,4261389,2026-09-17T19:57:30Z,142828.80,False,,893,892.36,,L,110,25,35523746355625,,regular,2026-09-17T19:57:30Z
120,LITE,892.68,4260466,2026-09-17T19:57:30Z,107121.60,False,,892.7,892.36,,L,10,25,35523746355522,,regular,2026-09-17T19:57:30Z
198,LITE,892.36,4259653,2026-09-17T19:57:30Z,176687.28,False,,892.7,892.36,,L,10,9,35523746355274,,regular,2026-09-17T19:57:30Z
1000,LITE,892.5517,4258193,2026-09-17T19:57:21Z,892551.7000,False,,892.47,892.23,,L,1,9,35523746347179,,regular,2026-09-17T19:57:21Z
120,LITE,892.14,4256391,2026-09-17T19:57:17Z,107056.80,False,,892.17,891.95,,L,1,26,35523746342232,,regular,2026-09-17T19:57:17Z
200,LITE,891.79,4255074,2026-09-17T19:57:16Z,178358.00,False,,892,891.59,,L,252,8,35523746341458,,regular,2026-09-17T19:57:16Z
160,LITE,892.7823,4253449,2026-09-17T19:57:08Z,142845.1680,False,average_price_trade,892,891.58,,L,10,9,35523746333223,derivative_priced,regular,2026-09-17T19:57:07Z
440,LITE,892.4031,4253179,2026-09-17T19:57:07Z,392657.3640,False,average_price_trade,892.14,891.58,,L,281,9,35523746332531,derivative_priced,regular,2026-09-17T19:57:07Z
179,LITE,892.36,4249042,2026-09-17T19:57:00Z,159732.44,False,,892.49,892.01,,L,12,75,35523746325495,,regular,2026-09-17T19:57:00Z
249,LITE,891.76,4244035,2026-09-17T19:56:42Z,222048.24,False,,892.07,891.76,,L,41,45,35523746308129,,regular,2026-09-17T19:56:42Z
200,LITE,892.13,4243242,2026-09-17T19:56:36Z,178426.00,False,,892.08,891.58,,L,15,4,35523746301673,,regular,2026-09-17T19:56:36Z
180,LITE,892.51,4241878,2026-09-17T19:56:31Z,160651.80,False,,892.51,892.11,,L,24,93,35523746296392,,regular,2026-09-17T19:56:31Z
200,LITE,892.645,4239084,2026-09-17T19:56:21Z,178529.000,False,,892.8,892.29,,L,21,13,35523746286492,,regular,2026-09-17T19:56:21Z
180,LITE,892.205,4236375,2026-09-17T19:56:13Z,160596.900,False,,892.35,892.06,,L,140,61,35523746278519,,regular,2026-09-17T19:56:13Z
120,LITE,893.5827,4235635,2026-09-17T19:56:06Z,107229.9240,False,average_price_trade,892.35,891.88,,L,100,5,35523746271876,derivative_priced,regular,2026-09-17T19:56:06Z
166,LITE,892.84,4230665,2026-09-17T19:55:53Z,148211.44,False,,892.84,892.59,,L,25,225,35523746258391,,regular,2026-09-17T19:55:53Z
150,LITE,892.72,4230038,2026-09-17T19:55:49Z,133908.00,False,,892.84,892.59,,L,28,23,35523746254612,,regular,2026-09-17T19:55:49Z
140,LITE,892.685,4229527,2026-09-17T19:55:44Z,124975.900,False,,892.84,892.52,,L,33,5,35523746249750,,regular,2026-09-17T19:55:44Z
200,LITE,892.265,4225349,2026-09-17T19:55:29Z,178453.000,False,,892.65,892,,L,40,8,35523746234885,,regular,2026-09-17T19:55:29Z
180,LITE,892.66,4224933,2026-09-17T19:55:27Z,160678.80,False,,892.66,891.89,,L,1,7,35523746232659,,regular,2026-09-17T19:55:27Z
135,LITE,891.951,4224672,2026-09-17T19:55:27Z,120413.385,False,,892.66,891.84,,L,121,42,35523746232374,,regular,2026-09-17T19:55:27Z
1405,LITE,892.87,4222516,2026-09-17T19:55:17Z,1254482.35,False,,893.17,892.57,,L,40,61,35523746223198,,regular,2026-09-17T19:55:17Z
150,LITE,892.87,4220561,2026-09-17T19:55:13Z,133930.50,False,,893.17,892.57,,L,40,56,35523746218429,,regular,2026-09-17T19:55:13Z
200,LITE,893.18,4220220,2026-09-17T19:55:09Z,178636.00,False,,893.18,892.85,,L,60,1,35523746215013,,regular,2026-09-17T19:55:09Z
180,LITE,892.995,4218595,2026-09-17T19:55:04Z,160739.100,False,,893.44,892.55,,L,133,160,35523746209580,,regular,2026-09-17T19:55:04Z
248,LITE,893.915,4217379,2026-09-17T19:55:02Z,221690.920,False,,893.49,893,,L,6,167,35523746207486,,regular,2026-09-17T19:55:02Z
300,LITE,892.77,4216095,2026-09-17T19:55:00Z,267831.00,False,,893.85,891.53,,L,19,13,35523746205868,,regular,2026-09-17T19:55:00Z
240,LITE,893.833,4213962,2026-09-17T19:55:00Z,214519.920,False,,893.85,891.53,,L,19,13,35523746205761,,regular,2026-09-17T19:55:00Z
600,LITE,893,4210303,2026-09-17T19:55:00Z,535800,False,,893.85,891.53,,L,19,13,35523746205441,,regular,2026-09-17T19:55:00Z
200,LITE,894.52,4206692,2026-09-17T19:54:57Z,178904.00,False,,894.99,894.05,,L,81,1,35523746202248,,regular,2026-09-17T19:54:57Z
116,LITE,894.63,4205504,2026-09-17T19:54:48Z,103777.08,False,,895.14,894.12,,L,40,40,35523746193420,,regular,2026-09-17T19:54:48Z
140,LITE,895.17,4205084,2026-09-17T19:54:42Z,125323.80,False,,895.17,894.05,,L,40,11,35523746188134,,regular,2026-09-17T19:54:42Z
300,LITE,894,4204868,2026-09-17T19:54:41Z,268200,False,,895.13,894.05,,L,24,11,35523746186308,,regular,2026-09-17T19:54:41Z
140,LITE,894.12,4204568,2026-09-17T19:54:41Z,125176.80,False,,895.13,894.05,,L,24,11,35523746186301,,regular,2026-09-17T19:54:41Z
160,LITE,892.8323,4200991,2026-09-17T19:54:39Z,142853.1680,False,average_price_trade,895.98,894.64,,L,50,116,35523746184858,derivative_priced,regular,2026-09-17T19:54:39Z
120,LITE,895.54,4200560,2026-09-17T19:54:37Z,107464.80,False,,895.99,895.57,,L,80,280,35523746183213,,regular,2026-09-17T19:54:37Z
220,LITE,895.535,4200232,2026-09-17T19:54:37Z,197017.700,False,,895.99,895.57,,L,80,280,35523746183207,,regular,2026-09-17T19:54:37Z
120,LITE,895.78,4199127,2026-09-17T19:54:37Z,107493.60,False,,895.99,895.57,,L,80,280,35523746183204,,regular,2026-09-17T19:54:37Z
3000,LITE,895.57,4198783,2026-09-17T19:54:37Z,2686710.00,False,,895.99,895.57,,L,80,280,35523746183158,,regular,2026-09-17T19:54:37Z
140,LITE,894.96,4193031,2026-09-17T19:54:37Z,125294.40,False,,894.97,894.65,,L,12,1,35523746182973,,regular,2026-09-17T19:54:37Z
320,LITE,894.3776,4192477,2026-09-17T19:54:31Z,286200.8320,False,average_price_trade,895.29,894.65,,L,1,1,35523746176369,derivative_priced,regular,2026-09-17T19:54:31Z
140,LITE,895.055,4190036,2026-09-17T19:54:22Z,125307.700,False,,895.47,894.64,,L,40,255,35523746168065,,regular,2026-09-17T19:54:22Z
247,LITE,894.64,4189842,2026-09-17T19:54:21Z,220976.08,False,,895.47,894.64,,L,50,255,35523746166670,,regular,2026-09-17T19:54:21Z
140,LITE,895.47,4189360,2026-09-17T19:54:19Z,125365.80,False,,895.47,894.64,,L,10,237,35523746164579,,regular,2026-09-17T19:54:19Z
180,LITE,895.51,4188817,2026-09-17T19:54:17Z,161191.80,False,,895.51,894.64,,L,10,237,35523746162557,,regular,2026-09-17T19:54:17Z
200,LITE,894.6881,4188628,2026-09-17T19:54:17Z,178937.6200,False,,895.54,894.64,,L,102,237,35523746162297,,regular,2026-09-17T19:54:17Z
761,LITE,894.79,4187919,2026-09-17T19:54:15Z,680935.19,False,,894.79,894.44,,L,10,40,35523746160350,,regular,2026-09-17T19:54:15Z
125,LITE,894.2,4181443,2026-09-17T19:54:14Z,111775.0,False,,894.43,893.9,,L,1,141,35523746159742,,regular,2026-09-17T19:54:14Z
200,LITE,894.23,4180560,2026-09-17T19:54:10Z,178846.00,False,,894.46,893.8,,L,20,33,35523746156071,,regular,2026-09-17T19:54:10Z
400,LITE,894.4045,4180110,2026-09-17T19:54:10Z,357761.8000,False,,894.46,893.8,,L,20,33,35523746155848,,regular,2026-09-17T19:54:10Z
140,LITE,894.23,4179710,2026-09-17T19:54:10Z,125192.20,False,,894.46,893.8,,L,20,30,35523746155671,,regular,2026-09-17T19:54:10Z
264,LITE,894.1943,4179570,2026-09-17T19:54:09Z,236067.2952,False,,894.47,893.8,,L,28,20,35523746155201,,regular,2026-09-17T19:54:09Z
250,LITE,894.26,4178429,2026-09-17T19:54:08Z,223565.00,False,,894.5,894.14,,L,110,20,35523746153505,,regular,2026-09-17T19:54:08Z
200,LITE,894.26,4178143,2026-09-17T19:54:07Z,178852.00,False,,894.5,894.14,,L,110,20,35523746152717,,regular,2026-09-17T19:54:07Z
180,LITE,894.26,4177773,2026-09-17T19:54:07Z,160966.80,False,,894.5,894.16,,L,110,11,35523746152565,,regular,2026-09-17T19:54:07Z
553,LITE,894.29,4176469,2026-09-17T19:54:03Z,494542.37,False,,894.29,894.14,,L,1,20,35523746149004,,regular,2026-09-17T19:54:03Z
200,LITE,893.99,4175649,2026-09-17T19:54:02Z,178798.00,False,,894.29,894,,L,1,10,35523746147957,,regular,2026-09-17T19:54:02Z
198,LITE,893.7412,4174819,2026-09-17T19:53:57Z,176960.7576,False,,894.39,893.7,,L,40,2,35523746143022,,regular,2026-09-17T19:53:57Z
200,LITE,894.345,4173665,2026-09-17T19:53:52Z,178869.000,False,,894.42,894.27,,L,40,100,35523746137621,,regular,2026-09-17T19:53:52Z
180,LITE,893.88,4172350,2026-09-17T19:53:51Z,160898.40,False,,893.88,893.63,,L,40,21,35523746136495,,regular,2026-09-17T19:53:51Z
140,LITE,893.75,4172154,2026-09-17T19:53:49Z,125125.00,False,,893.88,893.62,,L,40,120,35523746134447,,regular,2026-09-17T19:53:49Z
200,LITE,893.595,4168816,2026-09-17T19:53:31Z,178719.000,False,,893.67,893.5,,L,34,141,35523746116715,,regular,2026-09-17T19:53:31Z
180,LITE,893.51,4168530,2026-09-17T19:53:31Z,160831.80,False,,893.67,893.5,,L,34,141,35523746116536,,regular,2026-09-17T19:53:31Z
140,LITE,893.52,4167004,2026-09-17T19:53:31Z,125092.80,False,,893.67,893.52,,L,34,16,35523746116316,,regular,2026-09-17T19:53:31Z
140,LITE,893.05,4165939,2026-09-17T19:53:24Z,125027.00,False,,893.5,893.28,,L,159,1,35523746109918,,regular,2026-09-17T19:53:24Z
140,LITE,893.27,4165749,2026-09-17T19:53:22Z,125057.80,False,,893.5,893.04,,L,157,57,35523746108024,,regular,2026-09-17T19:53:22Z
200,LITE,893.27,4165472,2026-09-17T19:53:20Z,178654.00,False,,893.5,893.04,,L,157,57,35523746106190,,regular,2026-09-17T19:53:20Z
140,LITE,893.304,4165025,2026-09-17T19:53:19Z,125062.560,False,,893.67,893.04,,L,4,43,35523746104418,,regular,2026-09-17T19:53:19Z
200,LITE,893.37,4164421,2026-09-17T19:53:12Z,178674.00,False,,893.67,893.04,,L,4,43,35523746097564,,regular,2026-09-17T19:53:12Z
120,LITE,892.045,4164199,2026-09-17T19:53:11Z,107045.400,False,average_price_trade,893.67,893.04,,L,4,3,35523746096648,derivative_priced,regular,2026-09-17T19:53:11Z
500,LITE,893.1007,4163740,2026-09-17T19:53:09Z,446550.3500,False,,893.69,893.03,,L,10,5,35523746094881,,regular,2026-09-17T19:53:09Z
152,LITE,893.53,4163231,2026-09-17T19:53:08Z,135816.56,False,,893.7,892.92,,L,50,8,35523746093437,,regular,2026-09-17T19:53:08Z
200,LITE,893.0938,4163016,2026-09-17T19:53:06Z,178618.7600,False,,893.71,892.78,,L,63,64,35523746092172,,regular,2026-09-17T19:53:06Z
140,LITE,892.79,4162700,2026-09-17T19:53:05Z,124990.60,False,,893.28,892.78,,L,40,104,35523746091090,,regular,2026-09-17T19:53:05Z
140,LITE,892.49,4158713,2026-09-17T19:52:54Z,124948.60,False,,892.49,892.02,,L,125,20,35523746079737,,regular,2026-09-17T19:52:54Z
200,LITE,892.47,4157272,2026-09-17T19:52:52Z,178494.00,False,,892.5,892.31,,L,17,2,35523746077346,,regular,2026-09-17T19:52:52Z
200,LITE,892.21,4156172,2026-09-17T19:52:40Z,178442.00,False,,892.21,892,,L,40,31,35523746066123,,regular,2026-09-17T19:52:40Z
180,LITE,891.9,4155609,2026-09-17T19:52:39Z,160542.0,False,,892.21,891.59,,L,40,80,35523746064905,,regular,2026-09-17T19:52:39Z
140,LITE,891.9,4155429,2026-09-17T19:52:39Z,124866.0,False,,892.21,891.59,,L,40,80,35523746064584,,regular,2026-09-17T19:52:39Z
200,LITE,891.69,4154832,2026-09-17T19:52:37Z,178338.00,False,,892,891.54,,L,8,40,35523746063119,,regular,2026-09-17T19:52:37Z
140,LITE,891.5304,4152482,2026-09-17T19:52:31Z,124814.2560,False,,891.68,891.3,,L,1,10,35523746057157,,regular,2026-09-17T19:52:31Z
200,LITE,891.48,4152146,2026-09-17T19:52:28Z,178296.00,False,,891.68,891.3,,L,11,10,35523746054134,,regular,2026-09-17T19:52:28Z
140,LITE,891.69,4151898,2026-09-17T19:52:27Z,124836.60,False,,891.69,891.3,,L,50,10,35523746052668,,regular,2026-09-17T19:52:27Z
200,LITE,891.7,4151614,2026-09-17T19:52:24Z,178340.0,False,,891.7,891.3,,L,11,10,35523746049955,,regular,2026-09-17T19:52:24Z
180,LITE,891.49,4151414,2026-09-17T19:52:24Z,160468.20,False,,891.71,891.3,,L,74,10,35523746049338,,regular,2026-09-17T19:52:24Z
140,LITE,891.4001,4150326,2026-09-17T19:52:20Z,124796.0140,False,,891.96,891.42,,L,196,11,35523746045523,,regular,2026-09-17T19:52:20Z
140,LITE,891.68,4150042,2026-09-17T19:52:15Z,124835.20,False,,891.96,891.39,,L,150,34,35523746040263,,regular,2026-09-17T19:52:15Z
180,LITE,891.68,4149900,2026-09-17T19:52:14Z,160502.40,False,,891.96,891.39,,L,150,34,35523746039750,,regular,2026-09-17T19:52:14Z
240,LITE,891.7957,4149024,2026-09-17T19:52:03Z,214030.9680,False,average_price_trade,891.71,891.5,,L,40,10,35523746028375,derivative_priced,regular,2026-09-17T19:52:03Z
200,LITE,891.39,4146957,2026-09-17T19:51:58Z,178278.00,False,,891.74,891.39,,L,40,61,35523746023948,,regular,2026-09-17T19:51:58Z
500,LITE,891.431,4146682,2026-09-17T19:51:58Z,445715.500,False,,891.74,891.39,,L,40,61,35523746023356,,regular,2026-09-17T19:51:58Z
643,LITE,891.8305,4146132,2026-09-17T19:51:57Z,573447.0115,False,average_price_trade,891.74,891.39,,L,40,61,35523746022877,derivative_priced,regular,2026-09-17T19:51:57Z
140,LITE,891.365,4144945,2026-09-17T19:51:55Z,124791.100,False,,891.5,891.24,,L,40,2,35523746020570,,regular,2026-09-17T19:51:55Z
140,LITE,891.57,4144123,2026-09-17T19:51:52Z,124819.80,False,,891.75,891.4,,L,120,20,35523746017616,,regular,2026-09-17T19:51:52Z
140,LITE,891.76,4143762,2026-09-17T19:51:45Z,124846.40,False,,891.76,891.4,,L,80,40,35523746011075,,regular,2026-09-17T19:51:45Z
200,LITE,891.62,4143600,2026-09-17T19:51:45Z,178324.00,False,,891.76,891.4,,L,80,40,35523746010862,,regular,2026-09-17T19:51:45Z
200,LITE,892.0399,4142388,2026-09-17T19:51:40Z,178407.9800,False,,892.04,891.58,,L,120,115,35523746006138,,regular,2026-09-17T19:51:40Z
180,LITE,892.04,4142118,2026-09-17T19:51:39Z,160567.20,False,,892.04,891.58,,L,120,115,35523746004620,,regular,2026-09-17T19:51:39Z
200,LITE,892.04,4141838,2026-09-17T19:51:39Z,178408.00,False,,892.04,891.58,,L,120,115,35523746004331,,regular,2026-09-17T19:51:39Z
200,LITE,892.03,4141306,2026-09-17T19:51:32Z,178406.00,False,,892.03,891.58,,L,4,108,35523745998175,,regular,2026-09-17T19:51:32Z
200,LITE,891.83,4140900,2026-09-17T19:51:26Z,178366.00,False,,892.03,891.58,,L,1,43,35523745991449,,regular,2026-09-17T19:51:26Z
136,LITE,891.6283,4136827,2026-09-17T19:51:17Z,121261.4488,False,,891.93,891.58,,L,10,3,35523745982870,,regular,2026-09-17T19:51:17Z
200,LITE,891.7,4136118,2026-09-17T19:51:11Z,178340.0,False,,891.97,891.58,,L,142,3,35523745976455,,regular,2026-09-17T19:51:11Z
200,LITE,891.4864,4135829,2026-09-17T19:51:08Z,178297.2800,False,,891.97,891.31,,L,68,28,35523745974123,,regular,2026-09-17T19:51:08Z
180,LITE,891.7,4135591,2026-09-17T19:51:07Z,160506.0,False,,891.97,891.31,,L,48,20,35523745972570,,regular,2026-09-17T19:51:07Z
120,LITE,892.14,4133048,2026-09-17T19:51:05Z,107056.80,False,,892.14,891.31,,L,66,20,35523745970302,,regular,2026-09-17T19:51:05Z
140,LITE,891.7,4132572,2026-09-17T19:50:59Z,124838.0,False,,892.14,891.31,,L,66,28,35523745964216,,regular,2026-09-17T19:50:58Z
200,LITE,891.7,4131632,2026-09-17T19:50:56Z,178340.0,False,,892.16,891.31,,L,1,20,35523745961462,,regular,2026-09-17T19:50:56Z
120,LITE,891.67,4131432,2026-09-17T19:50:55Z,107000.40,False,,892.16,891.31,,L,1,20,35523745960938,,regular,2026-09-17T19:50:55Z
384,LITE,889.9861,4131258,2026-09-17T19:50:54Z,341754.6624,False,contingent_trade,892.16,891.31,,L,11,20,35523745960196,qualified_contingent_trade,regular,2026-09-17T19:50:54Z
144,LITE,891.125,4130874,2026-09-17T19:50:54Z,128322.000,False,contingent_trade,892.16,891.31,,L,11,20,35523745960181,qualified_contingent_trade,regular,2026-09-17T19:50:54Z
144,LITE,891.625,4130730,2026-09-17T19:50:54Z,128394.000,False,contingent_trade,892.16,891.31,,L,11,20,35523745960086,qualified_contingent_trade,regular,2026-09-17T19:50:54Z
320,LITE,891.8819,4129780,2026-09-17T19:50:50Z,285402.2080,False,contingent_trade,892.52,891.41,,L,11,40,35523745955487,qualified_contingent_trade,regular,2026-09-17T19:50:50Z
256,LITE,891.882,4130036,2026-09-17T19:50:50Z,228321.792,False,contingent_trade,892.52,891.41,,L,11,40,35523745955487,qualified_contingent_trade,regular,2026-09-17T19:50:50Z
160,LITE,892.1453,4129410,2026-09-17T19:50:49Z,142743.2480,False,average_price_trade,892.52,891.51,,L,38,5,35523745954372,derivative_priced,regular,2026-09-17T19:50:49Z
220,LITE,892,4129215,2026-09-17T19:50:44Z,196240,False,contingent_trade,892.57,891.49,,L,13,30,35523745949604,qualified_contingent_trade,regular,2026-09-17T19:50:44Z
500,LITE,891.9999,4128995,2026-09-17T19:50:44Z,445999.9500,False,contingent_trade,892.57,891.49,,L,13,30,35523745949602,qualified_contingent_trade,regular,2026-09-17T19:50:44Z
539,LITE,892.1332,4128366,2026-09-17T19:50:42Z,480859.7948,False,average_price_trade,892.58,892.05,,L,73,11,35523745947885,derivative_priced,regular,2026-09-17T19:50:42Z
288,LITE,892.3958,4127048,2026-09-17T19:50:40Z,257009.9904,False,contingent_trade,892.58,892.39,,L,40,116,35523745945555,qualified_contingent_trade,regular,2026-09-17T19:50:40Z
144,LITE,892.3959,4127195,2026-09-17T19:50:40Z,128505.0096,False,contingent_trade,892.58,892.39,,L,40,116,35523745945555,qualified_contingent_trade,regular,2026-09-17T19:50:40Z
140,LITE,892.78,4126279,2026-09-17T19:50:39Z,124989.20,False,,892.78,892.43,,L,112,18,35523745944389,,regular,2026-09-17T19:50:39Z
200,LITE,892.87,4125951,2026-09-17T19:50:37Z,178574.00,False,,892.87,892.45,,L,56,12,35523745942826,,regular,2026-09-17T19:50:37Z
512,LITE,892.6111,4125446,2026-09-17T19:50:36Z,457016.8832,False,contingent_trade,892.87,892.39,,L,40,100,35523745941382,qualified_contingent_trade,regular,2026-09-17T19:50:36Z
120,LITE,892.92,4124207,2026-09-17T19:50:33Z,107150.40,False,,893,892.65,,L,494,68,35523745939056,,regular,2026-09-17T19:50:33Z
128,LITE,892.3403,4123508,2026-09-17T19:50:31Z,114219.5584,False,contingent_trade,892.91,892.65,,L,1,12,35523745936828,qualified_contingent_trade,regular,2026-09-17T19:50:31Z
448,LITE,892.3403,4123956,2026-09-17T19:50:31Z,399768.4544,False,contingent_trade,892.91,892.65,,L,1,12,35523745936828,qualified_contingent_trade,regular,2026-09-17T19:50:31Z
200,LITE,892.75,4123278,2026-09-17T19:50:29Z,178550.00,False,,892.91,892.39,,L,1,36,35523745934790,,regular,2026-09-17T19:50:29Z
576,LITE,892.5,4122982,2026-09-17T19:50:27Z,514080.0,False,contingent_trade,892.91,892.06,,L,1,15,35523745932355,qualified_contingent_trade,regular,2026-09-17T19:50:27Z
200,LITE,892.05,4121890,2026-09-17T19:50:24Z,178410.00,False,,893,892.05,,L,445,135,35523745929886,,regular,2026-09-17T19:50:24Z
140,LITE,891.945,4121290,2026-09-17T19:50:18Z,124872.300,False,,892.21,891.34,,L,22,120,35523745923914,,regular,2026-09-17T19:50:18Z
200,LITE,891.69,4120673,2026-09-17T19:50:09Z,178338.00,False,,892.55,891.29,,L,50,1,35523745915115,,regular,2026-09-17T19:50:09Z
120,LITE,892.48,4118902,2026-09-17T19:50:00Z,107097.60,False,,892.5,891.28,,L,40,33,35523745905759,,regular,2026-09-17T19:50:00Z
120,LITE,891.31,4116679,2026-09-17T19:50:00Z,106957.20,False,,892.5,891.28,,L,40,33,35523745905384,,regular,2026-09-17T19:50:00Z
120,LITE,892.2195,4113053,2026-09-17T19:49:41Z,107066.3400,False,average_price_trade,891.87,891.3,,L,1,2,35523745886876,derivative_priced,regular,2026-09-17T19:49:41Z
150,LITE,892.44,4110622,2026-09-17T19:49:26Z,133866.00,False,,892.75,891.8,,L,17,17,35523745871962,,regular,2026-09-17T19:49:26Z
200,LITE,892.36,4107992,2026-09-17T19:49:16Z,178472.00,False,,892.44,892.21,,L,11,11,35523745861965,,regular,2026-09-17T19:49:16Z
200,LITE,891.79,4105711,2026-09-17T19:49:09Z,178358.00,False,,892.16,891.81,,L,80,11,35523745855061,,regular,2026-09-17T19:49:09Z
116,LITE,892.19,4105287,2026-09-17T19:49:00Z,103494.04,False,,892.19,891.8,,L,142,27,35523745845843,,regular,2026-09-17T19:49:00Z
140,LITE,892.19,4104515,2026-09-17T19:48:52Z,124906.60,False,,892.19,891.8,,L,120,40,35523745837386,,regular,2026-09-17T19:48:52Z
180,LITE,891.95,4102707,2026-09-17T19:48:39Z,160551.00,False,,891.95,891.3,,L,24,2,35523745825073,,regular,2026-09-17T19:48:39Z
120,LITE,891.7979,4099324,2026-09-17T19:48:31Z,107015.7480,False,average_price_trade,892.25,891.77,,L,144,246,35523745816866,derivative_priced,regular,2026-09-17T19:48:31Z
200,LITE,892.25,4098975,2026-09-17T19:48:30Z,178450.00,False,,892.25,891.77,,L,160,246,35523745816069,,regular,2026-09-17T19:48:30Z
200,LITE,891.8051,4098401,2026-09-17T19:48:23Z,178361.0200,False,,892.25,891.77,,L,160,201,35523745808411,,regular,2026-09-17T19:48:23Z
200,LITE,891.93,4098050,2026-09-17T19:48:18Z,178386.00,False,,892.25,891.77,,L,80,201,35523745803338,,regular,2026-09-17T19:48:18Z
200,LITE,892.0135,4097498,2026-09-17T19:48:15Z,178402.7000,False,average_price_trade,892.25,891.77,,L,160,201,35523745800376,,regular,2026-09-17T19:48:15Z
200,LITE,892.01,4097205,2026-09-17T19:48:13Z,178402.00,False,,892.25,891.77,,L,179,201,35523745798410,,regular,2026-09-17T19:48:13Z
200,LITE,892.01,4096878,2026-09-17T19:48:12Z,178402.00,False,,892.25,891.77,,L,179,118,35523745797624,,regular,2026-09-17T19:48:12Z
150,LITE,892.005,4096115,2026-09-17T19:48:06Z,133800.750,False,,892.25,891.76,,L,80,52,35523745791725,,regular,2026-09-17T19:48:06Z
200,LITE,892.005,4095841,2026-09-17T19:48:04Z,178401.000,False,,892.25,891.76,,L,80,52,35523745789446,,regular,2026-09-17T19:48:04Z
117,LITE,892.01,4095444,2026-09-17T19:48:02Z,104365.17,False,,892.25,892,,L,40,10,35523745787518,,regular,2026-09-17T19:48:02Z
160,LITE,892.26,4095604,2026-09-17T19:48:02Z,142761.60,False,,892.25,892,,L,40,10,35523745787518,,regular,2026-09-17T19:48:02Z
124,LITE,892.005,4095051,2026-09-17T19:48:01Z,110608.620,False,,892.25,892,,L,40,10,35523745787054,,regular,2026-09-17T19:48:01Z
200,LITE,891.715,4094669,2026-09-17T19:48:00Z,178343.000,False,,892.11,891.76,,L,40,11,35523745785648,,regular,2026-09-17T19:48:00Z
200,LITE,891.71,4094385,2026-09-17T19:47:58Z,178342.00,False,,892.11,891.76,,L,40,10,35523745783465,,regular,2026-09-17T19:47:58Z
120,LITE,891.71,4094081,2026-09-17T19:47:54Z,107005.20,False,,892.11,891.76,,L,91,10,35523745779887,,regular,2026-09-17T19:47:54Z
680,LITE,891.4494,4093165,2026-09-17T19:47:47Z,606185.5920,False,average_price_trade,892.11,891.61,,L,90,10,35523745772445,derivative_priced,regular,2026-09-17T19:47:47Z
200,LITE,891.0069,4092052,2026-09-17T19:47:41Z,178201.3800,False,,892.09,891,,L,64,1,35523745766731,,regular,2026-09-17T19:47:41Z
200,LITE,891.49,4091700,2026-09-17T19:47:33Z,178298.00,False,,892.15,890.89,,L,54,9,35523745759172,,regular,2026-09-17T19:47:33Z
120,LITE,891.34,4090131,2026-09-17T19:47:31Z,106960.80,False,,891.34,890.89,,L,51,9,35523745756664,,regular,2026-09-17T19:47:31Z
150,LITE,890.945,4088354,2026-09-17T19:47:24Z,133641.750,False,,891.34,890.89,,L,40,9,35523745749946,,regular,2026-09-17T19:47:24Z
135,LITE,890.6749,4088025,2026-09-17T19:47:22Z,120241.1115,False,,891.34,890.89,,L,40,9,35523745747559,,regular,2026-09-17T19:47:22Z
120,LITE,890.945,4087862,2026-09-17T19:47:21Z,106913.400,False,,891.34,890.89,,L,40,9,35523745746751,,regular,2026-09-17T19:47:21Z
140,LITE,890.89,4087609,2026-09-17T19:47:20Z,124724.60,False,,891.34,890.89,,L,40,9,35523745745786,,regular,2026-09-17T19:47:20Z
120,LITE,890.6863,4087417,2026-09-17T19:47:20Z,106882.3560,False,,891.34,890.89,,L,40,9,35523745745419,,regular,2026-09-17T19:47:20Z
200,LITE,891.04,4087050,2026-09-17T19:47:16Z,178208.00,False,,891.36,890.89,,L,1,9,35523745741909,,regular,2026-09-17T19:47:16Z
160,LITE,891.045,4086571,2026-09-17T19:47:16Z,142567.200,False,,891.4,891,,L,2,500,35523745741870,,regular,2026-09-17T19:47:16Z
140,LITE,891.395,4083685,2026-09-17T19:47:15Z,124795.300,False,,891.79,891,,L,40,500,35523745740270,,regular,2026-09-17T19:47:15Z
200,LITE,891.395,4083360,2026-09-17T19:47:12Z,178279.000,False,,891.79,891,,L,50,500,35523745737550,,regular,2026-09-17T19:47:12Z
200,LITE,892.335,4079229,2026-09-17T19:47:04Z,178467.000,False,,892.5,892,,L,5,30,35523745729232,,regular,2026-09-17T19:47:04Z
140,LITE,892.06,4078837,2026-09-17T19:47:00Z,124888.40,False,,892.39,892,,L,1,30,35523745725951,,regular,2026-09-17T19:47:00Z
360,LITE,892.4,4078043,2026-09-17T19:46:55Z,321264.0,False,,892.74,892.36,,L,11,12,35523745721065,,regular,2026-09-17T19:46:55Z
280,LITE,892.4,4078323,2026-09-17T19:46:55Z,249872.0,False,,892.74,892.36,,L,11,12,35523745721065,,regular,2026-09-17T19:46:55Z
360,LITE,892.4,4077683,2026-09-17T19:46:55Z,321264.0,False,,892.74,892.36,,L,11,12,35523745720928,,regular,2026-09-17T19:46:55Z
140,LITE,893.29,4076099,2026-09-17T19:46:35Z,125060.60,False,,893.29,892.5,,L,51,1,35523745700337,,regular,2026-09-17T19:46:35Z
210,LITE,893.09,4075307,2026-09-17T19:46:29Z,187548.90,False,,893.29,892.8,,L,41,1,35523745695033,,regular,2026-09-17T19:46:29Z
464,LITE,893.3042,4074129,2026-09-17T19:46:18Z,414493.1488,False,average_price_trade,893.56,893.08,,L,40,1,35523745683240,derivative_priced,regular,2026-09-17T19:46:18Z
200,LITE,893.55,4072840,2026-09-17T19:46:13Z,178710.00,False,,893.64,892.73,,L,2,40,35523745679064,,regular,2026-09-17T19:46:13Z
120,LITE,893.35,4072595,2026-09-17T19:46:13Z,107202.00,False,,893.35,892.73,,L,80,40,35523745678387,,regular,2026-09-17T19:46:13Z
615,LITE,893.3651,4071814,2026-09-17T19:46:10Z,549419.5365,False,average_price_trade,893.35,892.54,,L,104,26,35523745675879,derivative_priced,regular,2026-09-17T19:46:10Z
160,LITE,893.04,4070935,2026-09-17T19:46:07Z,142886.40,False,,893.35,892.71,,L,104,3,35523745673161,,regular,2026-09-17T19:46:07Z
120,LITE,893.04,4070759,2026-09-17T19:46:07Z,107164.80,False,,893.35,892.71,,L,104,3,35523745672248,,regular,2026-09-17T19:46:07Z
200,LITE,892.78,4070614,2026-09-17T19:46:07Z,178556.00,False,,893.35,892.71,,L,104,3,35523745672239,,regular,2026-09-17T19:46:07Z
200,LITE,893.045,4070226,2026-09-17T19:46:04Z,178609.000,False,,893.36,892.71,,L,50,3,35523745669625,,regular,2026-09-17T19:46:04Z
130,LITE,892.96,4069743,2026-09-17T19:46:03Z,116084.80,False,,893.37,892.71,,L,12,3,35523745668267,,regular,2026-09-17T19:46:03Z
200,LITE,893.365,4067559,2026-09-17T19:45:46Z,178673.000,False,,893.64,893.06,,L,2,1,35523745651542,,regular,2026-09-17T19:45:46Z
160,LITE,893.4905,4067355,2026-09-17T19:45:45Z,142958.4800,False,average_price_trade,893.64,893,,L,2,51,35523745651168,,regular,2026-09-17T19:45:45Z
140,LITE,893.6699,4067195,2026-09-17T19:45:45Z,125113.7860,False,,893.64,893,,L,2,51,35523745651028,,regular,2026-09-17T19:45:45Z
140,LITE,893.218,4065457,2026-09-17T19:45:22Z,125050.520,False,,894.2,893,,L,63,5,35523745627281,,regular,2026-09-17T19:45:22Z
180,LITE,893.3878,4065317,2026-09-17T19:45:21Z,160809.8040,False,,894.2,893,,L,53,5,35523745626988,,regular,2026-09-17T19:45:20Z
140,LITE,893.414,4064926,2026-09-17T19:45:20Z,125077.960,False,,894.2,893.01,,L,53,5,35523745625467,,regular,2026-09-17T19:45:20Z
140,LITE,893.905,4064004,2026-09-17T19:45:14Z,125146.700,False,,894.2,892.72,,L,50,100,35523745619536,,regular,2026-09-17T19:45:14Z
180,LITE,894.1842,4063793,2026-09-17T19:45:13Z,160953.1560,False,,894.2,892.72,,L,50,100,35523745618747,,regular,2026-09-17T19:45:13Z
601,LITE,892.7262,4061772,2026-09-17T19:45:07Z,536528.4462,False,,893.49,892.72,,L,40,100,35523745613181,,regular,2026-09-17T19:45:07Z
180,LITE,893.2101,4059425,2026-09-17T19:45:00Z,160777.8180,False,,893.89,893.22,,L,51,1,35523745605367,,regular,2026-09-17T19:45:00Z
140,LITE,893.2611,4059200,2026-09-17T19:44:58Z,125056.5540,False,,893.89,893.22,,L,51,1,35523745603514,,regular,2026-09-17T19:44:58Z
346,LITE,893.4567,4059060,2026-09-17T19:44:58Z,309136.0182,False,average_price_trade,893.89,893.22,,L,51,1,35523745603395,derivative_priced,regular,2026-09-17T19:44:58Z
120,LITE,893.4335,4057384,2026-09-17T19:44:52Z,107212.0200,False,average_price_trade,893.89,893.22,,L,52,1,35523745597867,derivative_priced,regular,2026-09-17T19:44:52Z
200,LITE,893.2458,4057220,2026-09-17T19:44:51Z,178649.1600,False,,893.89,893.22,,L,52,1,35523745596328,,regular,2026-09-17T19:44:51Z
200,LITE,893.55,4056992,2026-09-17T19:44:50Z,178710.00,False,,893.89,893.22,,L,52,1,35523745595274,,regular,2026-09-17T19:44:50Z
140,LITE,893.55,4056779,2026-09-17T19:44:49Z,125097.00,False,,893.89,893.22,,L,52,1,35523745594953,,regular,2026-09-17T19:44:49Z
200,LITE,893.21,4056289,2026-09-17T19:44:43Z,178642.00,False,,893.89,893.21,,L,40,2,35523745589116,,regular,2026-09-17T19:44:43Z
200,LITE,893.55,4055930,2026-09-17T19:44:40Z,178710.00,False,,893.89,893.21,,L,40,2,35523745585787,,regular,2026-09-17T19:44:40Z
200,LITE,893.55,4055336,2026-09-17T19:44:40Z,178710.00,False,,893.89,893.21,,L,40,2,35523745585780,,regular,2026-09-17T19:44:40Z
140,LITE,893.4684,4054667,2026-09-17T19:44:36Z,125085.5760,False,,893.89,893.21,,L,40,2,35523745581969,,regular,2026-09-17T19:44:35Z
140,LITE,893.21,4054146,2026-09-17T19:44:29Z,125049.40,False,,893.9,893.21,,L,13,1,35523745574744,,regular,2026-09-17T19:44:29Z
140,LITE,893.66,4051540,2026-09-17T19:44:18Z,125112.40,False,,893.67,892.89,,L,80,2,35523745563720,,regular,2026-09-17T19:44:18Z
149,LITE,893.3235,4051343,2026-09-17T19:44:17Z,133105.2015,False,average_price_trade,893.55,892.89,,L,12,8,35523745562884,derivative_priced,regular,2026-09-17T19:44:17Z
340,LITE,893.3235,4051194,2026-09-17T19:44:17Z,303729.9900,False,average_price_trade,893.55,892.89,,L,12,8,35523745562882,derivative_priced,regular,2026-09-17T19:44:17Z
120,LITE,893.22,4050394,2026-09-17T19:44:15Z,107186.40,False,,893.55,892.89,,L,12,8,35523745560700,,regular,2026-09-17T19:44:15Z
140,LITE,893.28,4050074,2026-09-17T19:44:13Z,125059.20,False,,893.67,892.89,,L,80,8,35523745558850,,regular,2026-09-17T19:44:13Z
180,LITE,893.28,4049841,2026-09-17T19:44:12Z,160790.40,False,,893.67,892.89,,L,80,8,35523745557751,,regular,2026-09-17T19:44:12Z
200,LITE,893.28,4049661,2026-09-17T19:44:12Z,178656.00,False,,893.67,892.89,,L,80,8,35523745557652,,regular,2026-09-17T19:44:12Z
200,LITE,893.13,4047616,2026-09-17T19:43:50Z,178626.00,False,,893.72,892.72,,L,86,20,35523745536125,,regular,2026-09-17T19:43:50Z
200,LITE,893.7,4047151,2026-09-17T19:43:50Z,178740.0,False,,893.73,892.72,,L,1,20,35523745535714,,regular,2026-09-17T19:43:50Z
180,LITE,893.205,4046951,2026-09-17T19:43:50Z,160776.900,False,,893.73,892.72,,L,1,20,35523745535587,,regular,2026-09-17T19:43:50Z
140,LITE,893.62,4042981,2026-09-17T19:43:42Z,125106.80,False,,894,893.25,,L,41,12,35523745527401,,regular,2026-09-17T19:43:42Z
180,LITE,893.696,4042751,2026-09-17T19:43:41Z,160865.280,False,,894,893.25,,L,41,12,35523745527041,,regular,2026-09-17T19:43:41Z
2000,LITE,893.1531,4042131,2026-09-17T19:43:30Z,1786306.2000,False,,894.14,893.25,,L,50,12,35523745515827,,regular,2026-09-17T19:43:30Z
140,LITE,893.57,4040131,2026-09-17T19:43:30Z,125099.80,False,,894.14,893.25,,L,50,12,35523745515781,,regular,2026-09-17T19:43:30Z
216,LITE,893.575,4039943,2026-09-17T19:43:29Z,193012.200,False,,894.15,893.25,,L,90,12,35523745514250,,regular,2026-09-17T19:43:29Z
140,LITE,894.14,4039478,2026-09-17T19:43:28Z,125179.60,False,,894.15,893.25,,L,90,12,35523745513636,,regular,2026-09-17T19:43:28Z
200,LITE,894.155,4037797,2026-09-17T19:43:16Z,178831.000,False,,894.43,893.88,,L,40,120,35523745501852,,regular,2026-09-17T19:43:16Z
133,LITE,893.4667,4036997,2026-09-17T19:43:13Z,118831.0711,False,,894.28,893.4,,L,40,1,35523745498978,,regular,2026-09-17T19:43:13Z
393,LITE,893.8465,4036398,2026-09-17T19:43:06Z,351281.6745,False,average_price_trade,894.27,893.4,,L,4,1,35523745491234,derivative_priced,regular,2026-09-17T19:43:06Z
527,LITE,893.8465,4036005,2026-09-17T19:43:06Z,471057.1055,False,average_price_trade,894.27,893.4,,L,4,1,35523745491219,derivative_priced,regular,2026-09-17T19:43:06Z
140,LITE,893.83,4035146,2026-09-17T19:43:00Z,125136.20,False,,894.27,893.38,,L,4,80,35523745485598,,regular,2026-09-17T19:43:00Z
450,LITE,893.8,4034755,2026-09-17T19:42:55Z,402210.0,False,,894.27,893.32,,L,4,120,35523745480596,,regular,2026-09-17T19:42:55Z
200,LITE,894.28,4034008,2026-09-17T19:42:48Z,178856.00,False,,894.28,893.26,,L,50,80,35523745474182,,regular,2026-09-17T19:42:48Z
180,LITE,893.38,4033616,2026-09-17T19:42:46Z,160808.40,False,,894.28,893.25,,L,50,52,35523745471383,,regular,2026-09-17T19:42:46Z
150,LITE,893.545,4032380,2026-09-17T19:42:30Z,134031.750,False,,893.97,893.31,,L,4,5,35523745455763,,regular,2026-09-17T19:42:30Z
160,LITE,894.2824,4032128,2026-09-17T19:42:30Z,143085.1840,False,average_price_trade,893.97,893.31,,L,4,5,35523745455509,derivative_priced,regular,2026-09-17T19:42:30Z
200,LITE,894.538,4031716,2026-09-17T19:42:28Z,178907.600,False,average_price_trade,894.89,893.25,,L,82,12,35523745453542,derivative_priced,regular,2026-09-17T19:42:28Z
130,LITE,894.1,4031514,2026-09-17T19:42:28Z,116233.0,False,,894.89,893.25,,L,122,12,35523745453266,,regular,2026-09-17T19:42:28Z
400,LITE,893.55,4031017,2026-09-17T19:42:27Z,357420.00,False,,894.44,893.66,,L,41,5,35523745453158,,regular,2026-09-17T19:42:27Z
175,LITE,894.83,4024712,2026-09-17T19:41:59Z,156595.25,False,,894.98,894.68,,L,160,150,35523745425191,,regular,2026-09-17T19:41:59Z
180,LITE,894.83,4024517,2026-09-17T19:41:57Z,161069.40,False,,894.98,894.68,,L,160,83,35523745423016,,regular,2026-09-17T19:41:57Z
242,LITE,895.1031,4023396,2026-09-17T19:41:49Z,216614.9502,False,average_price_trade,894.99,894.64,,L,40,3,35523745414894,derivative_priced,regular,2026-09-17T19:41:49Z
200,LITE,894.68,4023042,2026-09-17T19:41:48Z,178936.00,False,,894.99,894.37,,L,40,99,35523745413511,,regular,2026-09-17T19:41:48Z
240,LITE,894.69,4021384,2026-09-17T19:41:46Z,214725.60,False,,894.68,894.37,,L,22,69,35523745411239,,regular,2026-09-17T19:41:46Z
180,LITE,894.556,4020608,2026-09-17T19:41:42Z,161020.080,False,,894.68,894.37,,L,40,3,35523745407965,,regular,2026-09-17T19:41:42Z
140,LITE,894.23,4019090,2026-09-17T19:41:36Z,125192.20,False,,894.89,894.19,,L,15,12,35523745401505,,regular,2026-09-17T19:41:36Z
327,LITE,895.3578,4018936,2026-09-17T19:41:35Z,292782.0006,False,average_price_trade,895,894.19,,L,50,12,35523745400626,derivative_priced,regular,2026-09-17T19:41:35Z
140,LITE,894.52,4017249,2026-09-17T19:41:24Z,125232.80,False,,895.01,894.52,,L,40,15,35523745389724,,regular,2026-09-17T19:41:24Z
120,LITE,894.54,4017009,2026-09-17T19:41:23Z,107344.80,False,,895.01,894.52,,L,40,15,35523745389024,,regular,2026-09-17T19:41:23Z
120,LITE,894.2175,4016889,2026-09-17T19:41:23Z,107306.1000,False,,895.01,894.52,,L,40,15,35523745389019,,regular,2026-09-17T19:41:23Z
450,LITE,894.54,4016752,2026-09-17T19:41:21Z,402543.00,False,,895.01,894.52,,L,40,15,35523745387173,,regular,2026-09-17T19:41:21Z
140,LITE,894.545,4015999,2026-09-17T19:41:18Z,125236.300,False,,895.02,894.52,,L,20,15,35523745383272,,regular,2026-09-17T19:41:18Z
140,LITE,894.97,4014784,2026-09-17T19:41:14Z,125295.80,False,,895.46,894.82,,L,40,129,35523745379493,,regular,2026-09-17T19:41:14Z
130,LITE,894.47,4013319,2026-09-17T19:41:06Z,116281.10,False,,895.26,894.19,,L,40,12,35523745371533,,regular,2026-09-17T19:41:06Z
140,LITE,895.815,4012144,2026-09-17T19:41:03Z,125414.100,False,,896.22,895.41,,L,96,20,35523745368800,,regular,2026-09-17T19:41:03Z
140,LITE,895.815,4011529,2026-09-17T19:40:59Z,125414.100,False,,896.22,895.41,,L,40,20,35523745364638,,regular,2026-09-17T19:40:59Z
200,LITE,896.82,4009280,2026-09-17T19:40:54Z,179364.00,False,,896.82,896.16,,L,11,80,35523745359788,,regular,2026-09-17T19:40:54Z
140,LITE,896.5,4007924,2026-09-17T19:40:50Z,125510.0,False,,896.99,896.16,,L,40,43,35523745355723,,regular,2026-09-17T19:40:50Z
132,LITE,896.2055,4007301,2026-09-17T19:40:47Z,118299.1260,False,,896.82,896.17,,L,40,6,35523745352711,,regular,2026-09-17T19:40:47Z
200,LITE,896.8399,4006976,2026-09-17T19:40:42Z,179367.9800,False,,896.84,896.17,,L,40,6,35523745347557,,regular,2026-09-17T19:40:42Z
428,LITE,893.9256,4006517,2026-09-17T19:40:40Z,382600.1568,False,average_price_trade,896.84,896.09,,L,40,1,35523745345261,derivative_priced,regular,2026-09-17T19:40:40Z
200,LITE,896.32,4004699,2026-09-17T19:40:30Z,179264.00,False,,896.85,896,,L,77,20,35523745336004,,regular,2026-09-17T19:40:30Z
160,LITE,896.32,4004499,2026-09-17T19:40:30Z,143411.20,False,,896.85,896,,L,77,20,35523745336000,,regular,2026-09-17T19:40:30Z
260,LITE,896.32,4003783,2026-09-17T19:40:30Z,233043.20,False,,896.85,896,,L,77,20,35523745335334,,regular,2026-09-17T19:40:30Z
280,LITE,896.995,4002244,2026-09-17T19:40:28Z,251158.600,False,,897.06,896.28,,L,18,44,35523745333665,,regular,2026-09-17T19:40:28Z
520,LITE,896.995,4002764,2026-09-17T19:40:28Z,466437.400,False,,897.06,896.28,,L,18,44,35523745333665,,regular,2026-09-17T19:40:28Z
330,LITE,895.03,4000488,2026-09-17T19:40:25Z,295359.90,False,,895.72,895,,L,10,80,35523745330860,,regular,2026-09-17T19:40:25Z
700,LITE,895.74,3999116,2026-09-17T19:40:24Z,627018.00,False,,896.21,894.92,,L,40,40,35523745329902,,regular,2026-09-17T19:40:24Z
200,LITE,895.74,3998076,2026-09-17T19:40:24Z,179148.00,False,,896.21,894.92,,L,40,40,35523745329901,,regular,2026-09-17T19:40:24Z
200,LITE,895.74,3998276,2026-09-17T19:40:24Z,179148.00,False,,896.21,894.92,,L,40,40,35523745329901,,regular,2026-09-17T19:40:24Z
180,LITE,895.266,3996993,2026-09-17T19:40:22Z,161147.880,False,,895.7,895,,L,173,40,35523745327859,,regular,2026-09-17T19:40:21Z
247,LITE,895.6821,3996681,2026-09-17T19:40:21Z,221233.4787,False,,895.7,895,,L,173,40,35523745326724,,regular,2026-09-17T19:40:21Z
120,LITE,889.8953,3996297,2026-09-17T19:40:20Z,106787.4360,False,average_price_trade,895.7,895,,L,173,40,35523745325403,derivative_priced,regular,2026-09-17T19:40:20Z
200,LITE,895.35,3996075,2026-09-17T19:40:19Z,179070.00,False,,895.7,895,,L,40,40,35523745325149,,regular,2026-09-17T19:40:19Z
200,LITE,895.35,3995875,2026-09-17T19:40:19Z,179070.00,False,,895.7,895,,L,40,40,35523745325146,,regular,2026-09-17T19:40:19Z
200,LITE,895.35,3994360,2026-09-17T19:40:19Z,179070.00,False,,895.7,895,,L,40,40,35523745325138,,regular,2026-09-17T19:40:19Z
345,LITE,895.7,3994160,2026-09-17T19:40:19Z,309016.5,False,,895.7,895,,L,40,40,35523745325123,,regular,2026-09-17T19:40:19Z
200,LITE,895.7,3993775,2026-09-17T19:40:19Z,179140.0,False,,895.7,895,,L,40,40,35523745325033,,regular,2026-09-17T19:40:19Z
1494,LITE,895,3992943,2026-09-17T19:40:16Z,1337130,False,,895.71,895,,L,6,40,35523745322065,,regular,2026-09-17T19:40:16Z
200,LITE,894.15,3989063,2026-09-17T19:40:16Z,178830.00,False,,894.58,893.71,,L,11,65,35523745321829,,regular,2026-09-17T19:40:16Z
180,LITE,894.15,3988863,2026-09-17T19:40:16Z,160947.00,False,,894.7,893.71,,L,10,65,35523745321612,,regular,2026-09-17T19:40:16Z
200,LITE,894.13,3987710,2026-09-17T19:40:16Z,178826.00,False,,894.59,893.71,,L,14,65,35523745321476,,regular,2026-09-17T19:40:16Z
500,LITE,893.52,3986753,2026-09-17T19:40:15Z,446760.00,False,,893.51,892.98,,L,6,200,35523745320685,,regular,2026-09-17T19:40:15Z
770,LITE,893.19,3985886,2026-09-17T19:40:15Z,687756.30,False,,893.51,892.98,,L,6,200,35523745320655,,regular,2026-09-17T19:40:15Z
120,LITE,891.2833,3983677,2026-09-17T19:40:09Z,106953.9960,False,average_price_trade,893.11,892.2,,L,7,300,35523745314869,derivative_priced,regular,2026-09-17T19:40:09Z
300,LITE,892.2,3983395,2026-09-17T19:40:06Z,267660.0,False,,893.11,892.2,,L,7,300,35523745312019,,regular,2026-09-17T19:40:06Z
205,LITE,893.14,3981360,2026-09-17T19:39:51Z,183093.70,False,,893.14,892.19,,L,80,40,35523745296502,,regular,2026-09-17T19:39:51Z
275,LITE,893.14,3981150,2026-09-17T19:39:51Z,245613.50,False,,893.14,892.19,,L,80,40,35523745296269,,regular,2026-09-17T19:39:51Z
160,LITE,892.585,3979384,2026-09-17T19:39:46Z,142813.600,False,,892.82,892.19,,L,8,40,35523745291578,,regular,2026-09-17T19:39:46Z
150,LITE,892.68,3978762,2026-09-17T19:39:46Z,133902.00,False,,893.16,892.19,,L,6,160,35523745291313,,regular,2026-09-17T19:39:46Z
140,LITE,892.68,3978611,2026-09-17T19:39:45Z,124975.20,False,,893.16,892.19,,L,6,165,35523745291203,,regular,2026-09-17T19:39:45Z
200,LITE,892.79,3977844,2026-09-17T19:39:44Z,178558.00,False,,893.18,892.19,,L,6,160,35523745290098,,regular,2026-09-17T19:39:44Z
200,LITE,892.83,3977644,2026-09-17T19:39:44Z,178566.00,False,,893.18,892.19,,L,6,160,35523745290094,,regular,2026-09-17T19:39:44Z
160,LITE,892.83,3977144,2026-09-17T19:39:44Z,142852.80,False,,893.18,892.19,,L,6,160,35523745290091,,regular,2026-09-17T19:39:44Z
200,LITE,891.1,3974942,2026-09-17T19:39:42Z,178220.0,False,,891.49,890.71,,L,120,160,35523745287745,,regular,2026-09-17T19:39:42Z
200,LITE,890.96,3973584,2026-09-17T19:39:40Z,178192.00,False,,891.5,890.71,,L,50,1,35523745285992,,regular,2026-09-17T19:39:40Z
200,LITE,890.37,3972175,2026-09-17T19:39:40Z,178074.00,False,,891.5,890.71,,L,50,1,35523745285984,,regular,2026-09-17T19:39:40Z
200,LITE,890.43,3971858,2026-09-17T19:39:40Z,178086.00,False,,891.5,890.71,,L,50,1,35523745285967,,regular,2026-09-17T19:39:40Z
200,LITE,890.37,3971216,2026-09-17T19:39:40Z,178074.00,False,,891.5,890.71,,L,50,1,35523745285959,,regular,2026-09-17T19:39:40Z
200,LITE,890.37,3969440,2026-09-17T19:39:34Z,178074.00,False,,890.37,889.94,,L,1,1,35523745279508,,regular,2026-09-17T19:39:34Z
200,LITE,890.015,3969196,2026-09-17T19:39:31Z,178003.000,False,,890.38,889.65,,L,40,166,35523745276611,,regular,2026-09-17T19:39:31Z
160,LITE,889.4943,3968867,2026-09-17T19:39:29Z,142319.0880,False,average_price_trade,890.38,889.65,,L,40,120,35523745274734,derivative_priced,regular,2026-09-17T19:39:29Z
200,LITE,890.3899,3968337,2026-09-17T19:39:23Z,178077.9800,False,,890.39,889.51,,L,40,5,35523745269161,,regular,2026-09-17T19:39:23Z
200,LITE,889.445,3966883,2026-09-17T19:39:21Z,177889.000,False,,889.65,889.23,,L,5,46,35523745266858,,regular,2026-09-17T19:39:21Z
200,LITE,889.43,3966355,2026-09-17T19:39:19Z,177886.00,False,,889.63,889.23,,L,40,6,35523745264230,,regular,2026-09-17T19:39:19Z
200,LITE,889.23,3966069,2026-09-17T19:39:18Z,177846.00,False,,889.63,888.81,,L,40,5,35523745263464,,regular,2026-09-17T19:39:18Z
200,LITE,889.48,3965713,2026-09-17T19:39:16Z,177896.00,False,,889.63,888.56,,L,40,106,35523745262173,,regular,2026-09-17T19:39:16Z
200,LITE,889.1,3964717,2026-09-17T19:39:03Z,177820.0,False,,889.64,888.55,,L,11,40,35523745249041,,regular,2026-09-17T19:39:03Z
140,LITE,889.1,3964387,2026-09-17T19:39:00Z,124474.0,False,,889.64,888.55,,L,2,80,35523745245658,,regular,2026-09-17T19:39:00Z
140,LITE,889.1,3963890,2026-09-17T19:38:55Z,124474.0,False,,889.65,889,,L,119,1,35523745240649,,regular,2026-09-17T19:38:55Z
140,LITE,888.715,3961592,2026-09-17T19:38:48Z,124420.100,False,,889.32,888.11,,L,30,5,35523745233536,,regular,2026-09-17T19:38:48Z
200,LITE,889.3499,3961170,2026-09-17T19:38:39Z,177869.9800,False,,889.34,888.17,,L,2,5,35523745224819,,regular,2026-09-17T19:38:39Z
200,LITE,889.3499,3960883,2026-09-17T19:38:37Z,177869.9800,False,,889.34,888.51,,L,2,5,35523745222459,,regular,2026-09-17T19:38:37Z
200,LITE,888.695,3960268,2026-09-17T19:38:35Z,177739.000,False,,889.36,888.17,,L,2,5,35523745220735,,regular,2026-09-17T19:38:35Z
140,LITE,888.585,3957748,2026-09-17T19:38:34Z,124401.900,False,,889.17,888.18,,L,1,10,35523745219573,,regular,2026-09-17T19:38:34Z
120,LITE,888.59,3957179,2026-09-17T19:38:33Z,106630.80,False,,889.17,888.08,,L,1,10,35523745218571,,regular,2026-09-17T19:38:33Z
200,LITE,889.1799,3957006,2026-09-17T19:38:30Z,177835.9800,False,,889.18,888.08,,L,90,10,35523745215844,,regular,2026-09-17T19:38:30Z
200,LITE,888.595,3956698,2026-09-17T19:38:29Z,177719.000,False,,889.2,888.08,,L,13,10,35523745214447,,regular,2026-09-17T19:38:29Z
251,LITE,889.21,3954762,2026-09-17T19:38:26Z,223191.71,False,,889.21,889,,L,80,1,35523745211901,,regular,2026-09-17T19:38:26Z
200,LITE,889,3954506,2026-09-17T19:38:25Z,177800,False,,889.21,889,,L,80,1,35523745211028,,regular,2026-09-17T19:38:25Z
120,LITE,889.005,3953963,2026-09-17T19:38:21Z,106680.600,False,,889.21,888.8,,L,40,81,35523745206417,,regular,2026-09-17T19:38:21Z
200,LITE,889.33,3951945,2026-09-17T19:38:09Z,177866.00,False,,889.7,889,,L,22,1,35523745194294,,regular,2026-09-17T19:38:09Z
140,LITE,888.974,3951247,2026-09-17T19:38:00Z,124456.360,False,,889.73,889,,L,12,1,35523745185472,,regular,2026-09-17T19:38:00Z
140,LITE,889.73,3950689,2026-09-17T19:37:54Z,124562.20,False,,889.73,888.81,,L,2,5,35523745179441,,regular,2026-09-17T19:37:54Z
140,LITE,889.23,3949897,2026-09-17T19:37:49Z,124492.20,False,,889.74,888.6,,L,2,1,35523745175058,,regular,2026-09-17T19:37:49Z
200,LITE,888.745,3948821,2026-09-17T19:37:47Z,177749.000,False,,889.21,888.6,,L,60,1,35523745172627,,regular,2026-09-17T19:37:47Z
240,LITE,888.745,3948549,2026-09-17T19:37:45Z,213298.800,False,,889.21,888.6,,L,60,1,35523745170384,,regular,2026-09-17T19:37:45Z
200,LITE,888.63,3946673,2026-09-17T19:37:42Z,177726.00,False,,889.23,888.6,,L,10,1,35523745167282,,regular,2026-09-17T19:37:42Z
140,LITE,889.0601,3945940,2026-09-17T19:37:41Z,124468.4140,False,,889.81,889.06,,L,133,40,35523745166826,,regular,2026-09-17T19:37:41Z
130,LITE,889.81,3945740,2026-09-17T19:37:40Z,115675.30,False,,889.81,889,,L,133,1,35523745165228,,regular,2026-09-17T19:37:40Z
120,LITE,889.54,3945510,2026-09-17T19:37:39Z,106744.80,False,,889.82,889,,L,10,1,35523745164787,,regular,2026-09-17T19:37:39Z
200,LITE,890.12,3945255,2026-09-17T19:37:39Z,178024.00,False,,890.12,889.54,,L,10,112,35523745164521,,regular,2026-09-17T19:37:39Z
180,LITE,890.12,3945049,2026-09-17T19:37:39Z,160221.60,False,,890.12,889.54,,L,10,112,35523745164217,,regular,2026-09-17T19:37:39Z
200,LITE,890.09,3942192,2026-09-17T19:37:33Z,178018.00,False,,890.33,890,,L,34,9,35523745158455,,regular,2026-09-17T19:37:33Z
240,LITE,889.9123,3940998,2026-09-17T19:37:21Z,213578.9520,False,,890.37,889.84,,L,24,40,35523745146360,,regular,2026-09-17T19:37:21Z
180,LITE,889.81,3940095,2026-09-17T19:37:12Z,160165.80,False,,890.28,889.59,,2,19,1,35523745137484,,regular,2026-09-17T19:37:12Z
120,LITE,889.4714,3939809,2026-09-17T19:37:09Z,106736.5680,False,,890.28,889.59,,L,24,1,35523745134886,,regular,2026-09-17T19:37:09Z
120,LITE,889.76,3939387,2026-09-17T19:37:04Z,106771.20,False,,890.28,889.59,,L,24,1,35523745130085,,regular,2026-09-17T19:37:04Z
120,LITE,889.8,3938911,2026-09-17T19:36:58Z,106776.0,False,,890.28,889.59,,L,24,1,35523745124191,,regular,2026-09-17T19:36:58Z
120,LITE,889.59,3938585,2026-09-17T19:36:54Z,106750.80,False,,890.37,889.59,,L,12,1,35523745119287,,regular,2026-09-17T19:36:54Z
433,LITE,890.6928,3936795,2026-09-17T19:36:45Z,385669.9824,False,,891.15,890.6,,L,1,5,35523745110256,,regular,2026-09-17T19:36:45Z
120,LITE,890.84,3936362,2026-09-17T19:36:44Z,106900.80,False,,891.15,890.6,,2,1,5,35523745109836,,regular,2026-09-17T19:36:44Z
120,LITE,891.1599,3936157,2026-09-17T19:36:42Z,106939.1880,False,,891.15,890.6,,L,1,5,35523745107669,,regular,2026-09-17T19:36:42Z
500,LITE,890.9805,3935812,2026-09-17T19:36:38Z,445490.2500,False,,890.98,890.59,,L,8,20,35523745103488,,regular,2026-09-17T19:36:38Z
140,LITE,890.945,3935186,2026-09-17T19:36:35Z,124732.300,False,,891,890.59,,L,5,20,35523745101001,,regular,2026-09-17T19:36:35Z
180,LITE,891,3934947,2026-09-17T19:36:35Z,160380,False,,891,890.59,,L,5,20,35523745100756,,regular,2026-09-17T19:36:35Z
200,LITE,890.94,3934669,2026-09-17T19:36:35Z,178188.00,False,,891,890.59,,L,5,20,35523745100414,,regular,2026-09-17T19:36:35Z
200,LITE,891.38,3933585,2026-09-17T19:36:32Z,178276.00,False,,891.99,890.71,,L,2,50,35523745098043,,regular,2026-09-17T19:36:32Z
200,LITE,891.38,3933385,2026-09-17T19:36:32Z,178276.00,False,,891.99,890.71,,L,2,50,35523745098027,,regular,2026-09-17T19:36:32Z
200,LITE,889.6008,3933185,2026-09-17T19:36:32Z,177920.1600,False,average_price_trade,892,890.71,,L,92,50,35523745097771,derivative_priced,regular,2026-09-17T19:36:32Z
200,LITE,891.26,3927471,2026-09-17T19:36:15Z,178252.00,False,,891.51,891,,L,2,100,35523745080607,,regular,2026-09-17T19:36:15Z
200,LITE,891.26,3927216,2026-09-17T19:36:13Z,178252.00,False,,891.51,891,,L,2,100,35523745078700,,regular,2026-09-17T19:36:13Z
180,LITE,890.93,3926913,2026-09-17T19:36:11Z,160367.40,False,,891.51,891,,L,2,100,35523745076896,,regular,2026-09-17T19:36:11Z
200,LITE,890.93,3926722,2026-09-17T19:36:11Z,178186.00,False,,891.51,890.71,,L,2,5,35523745076663,,regular,2026-09-17T19:36:11Z
224,LITE,891.005,3926387,2026-09-17T19:36:07Z,199585.120,False,,891.25,890.55,,L,7,5,35523745072559,,regular,2026-09-17T19:36:07Z
140,LITE,891,3926163,2026-09-17T19:36:06Z,124740,False,,891.25,890.55,,L,7,5,35523745071512,,regular,2026-09-17T19:36:06Z
200,LITE,891.005,3925834,2026-09-17T19:36:01Z,178201.000,False,,891.25,890.52,,L,7,16,35523745067122,,regular,2026-09-17T19:36:01Z
120,LITE,891,3925278,2026-09-17T19:36:00Z,106920,False,,891.3,890.52,,L,20,16,35523745065711,,regular,2026-09-17T19:36:00Z
200,LITE,891.31,3924728,2026-09-17T19:35:59Z,178262.00,False,,891.31,891,,L,41,47,35523745064271,,regular,2026-09-17T19:35:59Z
200,LITE,891,3924446,2026-09-17T19:35:58Z,178200,False,,891.31,891,,L,41,47,35523745063982,,regular,2026-09-17T19:35:58Z
180,LITE,891.155,3924224,2026-09-17T19:35:58Z,160407.900,False,,891.31,891,,L,41,47,35523745063928,,regular,2026-09-17T19:35:58Z
120,LITE,891.385,3923501,2026-09-17T19:35:55Z,106966.200,False,,891.32,891,,L,1,46,35523745060618,,regular,2026-09-17T19:35:55Z
120,LITE,891.02,3922770,2026-09-17T19:35:49Z,106922.40,False,,891.78,891,,L,41,5,35523745055202,,regular,2026-09-17T19:35:49Z
200,LITE,891,3922566,2026-09-17T19:35:48Z,178200,False,,891.78,891,,L,41,5,35523745053618,,regular,2026-09-17T19:35:48Z
200,LITE,891.02,3921477,2026-09-17T19:35:46Z,178204.00,False,,891.79,891,,L,18,5,35523745052085,,regular,2026-09-17T19:35:46Z
157,LITE,891.255,3921153,2026-09-17T19:35:45Z,139927.035,False,,891.79,891,,L,18,5,35523745050967,,regular,2026-09-17T19:35:45Z
140,LITE,891.02,3920338,2026-09-17T19:35:44Z,124742.80,False,,891.33,891,,L,40,5,35523745050140,,regular,2026-09-17T19:35:44Z
160,LITE,890.71,3919648,2026-09-17T19:35:38Z,142513.60,False,,891.32,890.52,,L,80,16,35523745044067,,regular,2026-09-17T19:35:38Z
140,LITE,890.935,3919486,2026-09-17T19:35:37Z,124730.900,False,,891.33,890.52,,L,40,16,35523745042699,,regular,2026-09-17T19:35:37Z
120,LITE,890.935,3919317,2026-09-17T19:35:35Z,106912.200,False,,891.33,890.52,,L,40,16,35523745040308,,regular,2026-09-17T19:35:35Z
180,LITE,890.5728,3918784,2026-09-17T19:35:31Z,160303.1040,False,,891.46,890.86,,L,20,12,35523745036882,,regular,2026-09-17T19:35:31Z
200,LITE,890.5401,3918381,2026-09-17T19:35:29Z,178108.0200,False,,891.46,890.52,,L,20,16,35523745034585,,regular,2026-09-17T19:35:29Z
140,LITE,890.87,3918181,2026-09-17T19:35:29Z,124721.80,False,,891.46,890.52,,L,20,16,35523745034394,,regular,2026-09-17T19:35:29Z
200,LITE,890.6216,3917642,2026-09-17T19:35:26Z,178124.3200,False,,891.86,890.54,,L,130,43,35523745031418,,regular,2026-09-17T19:35:26Z
200,LITE,891.74,3917242,2026-09-17T19:35:25Z,178348.00,False,,891.86,890.54,,L,130,43,35523745031067,,regular,2026-09-17T19:35:25Z
200,LITE,890.95,3917030,2026-09-17T19:35:25Z,178190.00,False,,891.87,890.54,,L,10,43,35523745030579,,regular,2026-09-17T19:35:25Z
360,LITE,891.375,3916825,2026-09-17T19:35:24Z,320895.000,False,,891.87,890.54,,L,15,43,35523745030124,,regular,2026-09-17T19:35:24Z
200,LITE,889.55,3912000,2026-09-17T19:35:13Z,177910.00,False,,889.56,888.6,,L,50,1,35523745018982,,regular,2026-09-17T19:35:13Z
200,LITE,888.95,3911616,2026-09-17T19:35:08Z,177790.00,False,,889.56,888.6,,L,40,1,35523745014102,,regular,2026-09-17T19:35:08Z
200,LITE,889.935,3910227,2026-09-17T19:34:58Z,177987.000,False,,890.34,889.53,,L,50,2,35523745003372,,regular,2026-09-17T19:34:58Z
200,LITE,890.07,3909395,2026-09-17T19:34:54Z,178014.00,False,,890.39,889.49,,L,40,40,35523744999255,,regular,2026-09-17T19:34:54Z
500,LITE,890.07,3909140,2026-09-17T19:34:53Z,445035.00,False,,890.39,889.49,,L,40,40,35523744998376,,regular,2026-09-17T19:34:53Z
240,LITE,889.6,3907801,2026-09-17T19:34:50Z,213504.0,False,,889.91,889.03,,L,80,30,35523744995732,,regular,2026-09-17T19:34:50Z
180,LITE,889.34,3907145,2026-09-17T19:34:48Z,160081.20,False,,889.91,889.03,,L,80,30,35523744993709,,regular,2026-09-17T19:34:48Z
200,LITE,889.9,3906845,2026-09-17T19:34:48Z,177980.0,False,,889.91,889.03,,2,80,30,35523744993652,,regular,2026-09-17T19:34:48Z
120,LITE,889.91,3906965,2026-09-17T19:34:48Z,106789.20,False,,889.91,889.03,,2,80,30,35523744993652,,regular,2026-09-17T19:34:48Z
200,LITE,889.65,3905863,2026-09-17T19:34:47Z,177930.00,False,,889.91,889.15,,L,80,15,35523744992325,,regular,2026-09-17T19:34:47Z
200,LITE,889.19,3905401,2026-09-17T19:34:45Z,177838.00,False,,889.65,889.03,,L,50,30,35523744990864,,regular,2026-09-17T19:34:45Z
120,LITE,889.42,3905138,2026-09-17T19:34:44Z,106730.40,False,,889.65,888.94,,L,40,30,35523744989669,,regular,2026-09-17T19:34:44Z
150,LITE,889.0932,3900344,2026-09-17T19:34:27Z,133363.9800,False,,889.11,888.51,,L,40,1684,35523744972953,,regular,2026-09-17T19:34:27Z
200,LITE,889.1099,3900184,2026-09-17T19:34:26Z,177821.9800,False,,889.11,888.51,,L,40,1684,35523744972059,,regular,2026-09-17T19:34:26Z
780,LITE,888.6869,3899735,2026-09-17T19:34:24Z,693175.7820,False,,889.12,888.51,,L,42,1644,35523744970041,,regular,2026-09-17T19:34:24Z
200,LITE,888.815,3898955,2026-09-17T19:34:24Z,177763.000,False,,889.12,888.51,,L,42,1644,35523744970037,,regular,2026-09-17T19:34:24Z
150,LITE,888,3891897,2026-09-17T19:34:14Z,133200,False,,889.11,888.11,,L,40,5,35523744959846,,regular,2026-09-17T19:34:14Z
150,LITE,888.315,3890818,2026-09-17T19:34:04Z,133247.250,False,,888.8,887.91,,L,5,5,35523744949626,,regular,2026-09-17T19:34:04Z
180,LITE,888.81,3889923,2026-09-17T19:33:58Z,159985.80,False,,888.81,887.51,,L,40,5,35523744943475,,regular,2026-09-17T19:33:58Z
120,LITE,888.33,3889653,2026-09-17T19:33:57Z,106599.60,False,,888.81,887.59,,L,40,29,35523744943012,,regular,2026-09-17T19:33:57Z
140,LITE,887.83,3889273,2026-09-17T19:33:56Z,124296.20,False,,888.33,887.41,,L,80,1,35523744941771,,regular,2026-09-17T19:33:56Z
200,LITE,887.83,3889128,2026-09-17T19:33:55Z,177566.00,False,,888.33,887.41,,L,80,21,35523744941110,,regular,2026-09-17T19:33:55Z
200,LITE,886.5,3886549,2026-09-17T19:33:45Z,177300.0,False,,887,886.01,,L,40,20,35523744931021,,regular,2026-09-17T19:33:45Z
140,LITE,886.1,3886296,2026-09-17T19:33:45Z,124054.0,False,,887,886.01,,L,40,20,35523744930697,,regular,2026-09-17T19:33:45Z
200,LITE,886.1,3886013,2026-09-17T19:33:44Z,177220.0,False,,887.01,886.01,,L,20,20,35523744929626,,regular,2026-09-17T19:33:44Z
180,LITE,886.51,3885813,2026-09-17T19:33:44Z,159571.80,False,,887.01,886.01,,L,20,20,35523744929560,,regular,2026-09-17T19:33:44Z
240,LITE,886.5,3885593,2026-09-17T19:33:44Z,212760.0,False,,887.01,886.01,,L,20,20,35523744929457,,regular,2026-09-17T19:33:44Z
120,LITE,887.9678,3883961,2026-09-17T19:33:37Z,106556.1360,False,average_price_trade,886.99,886.5,,L,10,5,35523744923156,derivative_priced,regular,2026-09-17T19:33:37Z
180,LITE,886.75,3883830,2026-09-17T19:33:37Z,159615.00,False,,886.99,886.5,,L,10,5,35523744922441,,regular,2026-09-17T19:33:37Z
200,LITE,886.81,3883279,2026-09-17T19:33:33Z,177362.00,False,,887.02,886.6,,L,55,50,35523744918606,,regular,2026-09-17T19:33:33Z
