size,ticker,price,volume,executed_at,canceled,premium,sale_cond_codes,nbbo_bid,nbbo_ask,ext_hour_sold_codes,market_center,nbbo_ask_quantity,nbbo_bid_quantity,tracking_id,trade_code,trade_settlement,trf_executed_at
537,LRCX,226.61,7901870,2026-02-10T21:45:14Z,False,121689.57,,225,227,extended_hours_trade,L,60,7,27161451494732,,regular,2026-02-10T21:45:14Z
981,LRCX,225.04,7900825,2026-02-10T21:38:54Z,False,220764.24,,225,226.5,extended_hours_trade,L,5,7,27161451114497,,regular,2026-02-10T21:38:54Z
1361,LRCX,226.61,7896831,2026-02-10T21:20:00Z,False,308416.21,prior_reference_price,226.23,226.45,extended_hours_trade,L,60,49,27161449980385,,regular,2026-02-10T21:20:00Z
497,LRCX,226.61,7893543,2026-02-10T21:10:36Z,False,112625.17,prior_reference_price,226.26,227.25,extended_hours_trade,L,100,122,27161449416652,,regular,2026-02-10T21:10:36Z
3251,LRCX,226.61,7892474,2026-02-10T21:06:53Z,False,736709.11,average_price_trade,226.26,227.25,extended_hours_trade,L,100,122,27161449192933,,regular,2026-02-10T21:06:53Z
902,LRCX,226.61,7888954,2026-02-10T21:05:23Z,False,204402.22,average_price_trade,226.26,227.25,extended_hours_trade,L,100,122,27161449103712,,regular,2026-02-10T21:05:23Z
627,LRCX,226.61,7887507,2026-02-10T21:04:15Z,False,142084.47,prior_reference_price,226.26,227,extended_hours_trade,L,46,122,27161449035146,,regular,2026-02-10T21:04:15Z
2808,LRCX,226.61,7886880,2026-02-10T21:04:15Z,False,636320.88,prior_reference_price,226.26,227,extended_hours_trade,L,46,122,27161449035091,,regular,2026-02-10T21:04:15Z
1266,LRCX,226.61,7884068,2026-02-10T21:04:14Z,False,286888.26,prior_reference_price,226.26,227,extended_hours_trade,L,46,122,27161449034472,,regular,2026-02-10T21:04:14Z
572,LRCX,226.61,7882315,2026-02-10T21:04:13Z,False,129620.92,prior_reference_price,226.26,227,extended_hours_trade,L,46,122,27161449033854,,regular,2026-02-10T21:04:13Z
508,LRCX,226.61,7881712,2026-02-10T21:04:12Z,False,115117.88,prior_reference_price,226.26,227,extended_hours_trade,L,46,122,27161449032652,,regular,2026-02-10T21:04:12Z
725,LRCX,226.61,7881028,2026-02-10T21:04:12Z,False,164292.25,prior_reference_price,226.26,227,extended_hours_trade,L,46,122,27161449032610,,regular,2026-02-10T21:04:12Z
5712,LRCX,226.61,7880082,2026-02-10T21:04:09Z,False,1294396.32,prior_reference_price,226.26,227,extended_hours_trade,L,46,122,27161449029890,,regular,2026-02-10T21:04:09Z
150000,LRCX,226.61,7873542,2026-02-10T21:04:07Z,False,33991500.00,prior_reference_price,226.26,227,extended_hours_trade,L,46,122,27161449027238,,regular,2026-02-10T21:04:07Z
1326,LRCX,226.61,7723542,2026-02-10T21:04:05Z,False,300484.86,prior_reference_price,226.26,227,extended_hours_trade,L,46,122,27161449025829,,regular,2026-02-10T21:04:05Z
563,LRCX,226.61,7722216,2026-02-10T21:04:04Z,False,127581.43,prior_reference_price,226.26,227,extended_hours_trade,L,46,122,27161449024832,,regular,2026-02-10T21:04:04Z
1112,LRCX,226.61,7721653,2026-02-10T21:04:04Z,False,251990.32,prior_reference_price,226.26,227,extended_hours_trade,L,46,122,27161449024017,,regular,2026-02-10T21:04:04Z
2002,LRCX,226.61,7719590,2026-02-10T21:03:56Z,False,453673.22,prior_reference_price,226.26,227,extended_hours_trade,L,46,122,27161449016092,,regular,2026-02-10T21:03:56Z
1488,LRCX,226.61,7717588,2026-02-10T21:03:53Z,False,337195.68,prior_reference_price,226.26,227,extended_hours_trade,L,46,122,27161449013560,,regular,2026-02-10T21:03:53Z
2392,LRCX,226.61,7716100,2026-02-10T21:03:53Z,False,542051.12,prior_reference_price,226.26,227,extended_hours_trade,L,46,122,27161449013485,,regular,2026-02-10T21:03:53Z
2595,LRCX,226.61,7713708,2026-02-10T21:03:53Z,False,588052.95,prior_reference_price,226.26,227,extended_hours_trade,L,46,122,27161449013427,,regular,2026-02-10T21:03:53Z
560,LRCX,226.61,7711113,2026-02-10T21:03:52Z,False,126901.60,prior_reference_price,226.26,227,extended_hours_trade,L,46,122,27161449012451,,regular,2026-02-10T21:03:52Z
19069,LRCX,226.61,7710553,2026-02-10T21:03:52Z,False,4321226.09,prior_reference_price,226.26,227,extended_hours_trade,L,46,122,27161449012413,,regular,2026-02-10T21:03:52Z
513,LRCX,226.61,7691484,2026-02-10T21:03:51Z,False,116250.93,prior_reference_price,226.26,227,extended_hours_trade,L,46,122,27161449011141,,regular,2026-02-10T21:03:51Z
5082,LRCX,226.61,7690847,2026-02-10T21:03:49Z,False,1151632.02,prior_reference_price,226.26,227,extended_hours_trade,L,46,122,27161449009486,,regular,2026-02-10T21:03:49Z
889,LRCX,226.61,7685765,2026-02-10T21:03:49Z,False,201456.29,prior_reference_price,226.26,227,extended_hours_trade,L,46,122,27161449009331,,regular,2026-02-10T21:03:49Z
2859,LRCX,226.61,7684304,2026-02-10T21:03:47Z,False,647877.99,prior_reference_price,226.26,227,extended_hours_trade,L,46,122,27161449007302,,regular,2026-02-10T21:03:47Z
1139,LRCX,226.61,7681409,2026-02-10T21:03:41Z,False,258108.79,prior_reference_price,226.26,227,extended_hours_trade,L,46,122,27161449001065,,regular,2026-02-10T21:03:41Z
1196,LRCX,226.61,7680249,2026-02-10T21:03:11Z,False,271025.56,prior_reference_price,226.26,227,extended_hours_trade,L,46,122,27161448971148,,regular,2026-02-10T21:03:11Z
11436,LRCX,226.61,7679053,2026-02-10T21:03:11Z,False,2591511.96,prior_reference_price,226.26,227,extended_hours_trade,L,46,122,27161448971108,,regular,2026-02-10T21:03:11Z
2196,LRCX,226.61,7667615,2026-02-10T21:02:37Z,False,497635.56,prior_reference_price,226.26,227,extended_hours_trade,L,46,122,27161448937812,,regular,2026-02-10T21:02:37Z
3044,LRCX,226.61,7665012,2026-02-10T21:02:37Z,False,689800.84,average_price_trade,226.26,227,extended_hours_trade,L,46,122,27161448936916,,regular,2026-02-10T21:02:37Z
1095,LRCX,226.61,7661968,2026-02-10T21:02:37Z,False,248137.95,average_price_trade,226.26,227,extended_hours_trade,L,46,122,27161448936913,,regular,2026-02-10T21:02:37Z
1788,LRCX,226.61,7660819,2026-02-10T21:02:29Z,False,405178.68,prior_reference_price,226.26,227,extended_hours_trade,L,75,122,27161448929137,,regular,2026-02-10T21:02:29Z
960,LRCX,226.61,7659031,2026-02-10T21:02:29Z,False,217545.60,prior_reference_price,226.26,227,extended_hours_trade,L,75,122,27161448929081,,regular,2026-02-10T21:02:29Z
5040,LRCX,226.61,7656998,2026-02-10T21:01:32Z,False,1142114.40,prior_reference_price,226.23,227,extended_hours_trade,L,75,49,27161448872735,,regular,2026-02-10T21:01:32Z
4383,LRCX,226.61,7651958,2026-02-10T21:01:32Z,False,993231.63,prior_reference_price,226.23,227,extended_hours_trade,L,75,49,27161448872681,,regular,2026-02-10T21:01:32Z
600,LRCX,226.61,7647168,2026-02-10T21:01:32Z,False,135966.00,prior_reference_price,226.23,227,extended_hours_trade,L,75,49,27161448872541,,regular,2026-02-10T21:01:32Z
1038,LRCX,226.61,7646400,2026-02-10T21:01:14Z,False,235221.18,prior_reference_price,226.23,227,extended_hours_trade,L,75,49,27161448854393,,regular,2026-02-10T21:01:14Z
618,LRCX,226.61,7645104,2026-02-10T21:00:46Z,False,140044.98,prior_reference_price,226.23,227,extended_hours_trade,L,75,49,27161448826233,,regular,2026-02-10T21:00:46Z
6109,LRCX,226.61,7644486,2026-02-10T21:00:46Z,False,1384360.49,prior_reference_price,226.23,227,extended_hours_trade,L,75,49,27161448826176,,regular,2026-02-10T21:00:46Z
6218,LRCX,226.61,7638099,2026-02-10T21:00:34Z,False,1409060.98,prior_reference_price,226.23,227,extended_hours_trade,L,75,49,27161448814852,,regular,2026-02-10T21:00:34Z
8228,LRCX,226.61,7631881,2026-02-10T21:00:34Z,False,1864547.08,prior_reference_price,226.23,227,extended_hours_trade,L,75,49,27161448814807,,regular,2026-02-10T21:00:34Z
4240,LRCX,226.61,7623295,2026-02-10T21:00:19Z,False,960826.40,prior_reference_price,226.62,226.72,extended_hours_trade,L,1372,200,27161448799079,,regular,2026-02-10T21:00:19Z
805,LRCX,226.61,7619033,2026-02-10T21:00:19Z,False,182421.05,prior_reference_price,226.62,226.72,extended_hours_trade,L,1372,200,27161448798984,,regular,2026-02-10T21:00:19Z
478,LRCX,226.61,7618228,2026-02-10T21:00:18Z,False,108319.58,prior_reference_price,226.62,226.72,extended_hours_trade,L,1372,200,27161448798885,,regular,2026-02-10T21:00:18Z
630,LRCX,226.61,7617529,2026-02-10T21:00:18Z,False,142764.30,prior_reference_price,226.62,226.72,extended_hours_trade,L,1372,200,27161448798872,,regular,2026-02-10T21:00:18Z
990,LRCX,226.61,7616809,2026-02-10T21:00:18Z,False,224343.90,prior_reference_price,226.62,226.72,extended_hours_trade,L,1372,200,27161448798839,,regular,2026-02-10T21:00:18Z
3268,LRCX,226.61,7615819,2026-02-10T21:00:18Z,False,740561.48,prior_reference_price,226.62,226.72,extended_hours_trade,L,1372,200,27161448798835,,regular,2026-02-10T21:00:18Z
706,LRCX,226.61,7612551,2026-02-10T21:00:18Z,False,159986.66,prior_reference_price,226.62,226.72,extended_hours_trade,L,1372,200,27161448798833,,regular,2026-02-10T21:00:18Z
969,LRCX,226.61,7611845,2026-02-10T21:00:18Z,False,219585.09,prior_reference_price,226.62,226.72,extended_hours_trade,L,1372,200,27161448798817,,regular,2026-02-10T21:00:18Z
7351,LRCX,226.61,7610876,2026-02-10T21:00:18Z,False,1665810.11,prior_reference_price,226.62,226.72,extended_hours_trade,L,1372,200,27161448798813,,regular,2026-02-10T21:00:18Z
1071,LRCX,226.61,7603457,2026-02-10T21:00:18Z,False,242699.31,prior_reference_price,226.62,226.72,extended_hours_trade,L,1372,200,27161448798759,,regular,2026-02-10T21:00:18Z
2923,LRCX,226.61,7602347,2026-02-10T21:00:18Z,False,662381.03,prior_reference_price,226.62,226.72,extended_hours_trade,L,1372,200,27161448798372,,regular,2026-02-10T21:00:18Z
1540,LRCX,226.61,7598587,2026-02-10T21:00:18Z,False,348979.40,prior_reference_price,226.62,226.72,extended_hours_trade,L,1372,200,27161448798346,,regular,2026-02-10T21:00:18Z
1870,LRCX,226.61,7595959,2026-02-10T21:00:08Z,False,423760.70,,226.62,226.72,extended_hours_trade,L,1372,200,27161448788142,,regular,2026-02-10T21:00:08Z
11411,LRCX,226.61,7594035,2026-02-10T21:00:01Z,False,2585846.71,,226.62,226.72,extended_hours_trade,L,1372,200,27161448781627,,regular,2026-02-10T21:00:01Z
1034,LRCX,226.61,7578503,2026-02-10T21:00:01Z,False,234314.74,,226.62,226.72,extended_hours_trade,L,1372,200,27161448781613,,regular,2026-02-10T21:00:01Z
4121,LRCX,226.61,7582624,2026-02-10T21:00:01Z,False,933859.81,,226.62,226.72,extended_hours_trade,L,1372,200,27161448781613,,regular,2026-02-10T21:00:01Z
1000,LRCX,226.61,7576951,2026-02-10T21:00:01Z,False,226610.00,,226.62,226.72,extended_hours_trade,L,1372,200,27161448781612,,regular,2026-02-10T21:00:01Z
518,LRCX,226.61,7577469,2026-02-10T21:00:01Z,False,117383.98,,226.62,226.72,extended_hours_trade,L,1372,200,27161448781612,,regular,2026-02-10T21:00:01Z
2184,LRCX,226.61,6250612,2026-02-10T21:00:01Z,False,494916.24,,226.62,226.72,extended_hours_trade,L,1372,200,27161448781277,,regular,2026-02-10T21:00:01Z
743,LRCX,226.61,6248185,2026-02-10T21:00:01Z,False,168371.23,,226.62,226.72,extended_hours_trade,L,1372,200,27161448781262,,regular,2026-02-10T21:00:01Z
1600,LRCX,226.61,6247042,2026-02-10T21:00:01Z,False,362576.00,,226.62,226.72,extended_hours_trade,L,1372,200,27161448781254,,regular,2026-02-10T21:00:01Z
1090,LRCX,226.61,6245242,2026-02-10T21:00:01Z,False,247004.90,,226.62,226.72,extended_hours_trade,L,1372,200,27161448781013,,regular,2026-02-10T21:00:01Z
55137,LRCX,226.61,6244006,2026-02-10T21:00:00Z,False,12494595.57,,226.62,226.72,extended_hours_trade,L,1372,200,27161448780832,,regular,2026-02-10T21:00:00Z
6000,LRCX,226.61,6166773,2026-02-10T21:00:00Z,False,1359660.00,,226.62,226.72,extended_hours_trade,L,1372,200,27161448780466,,regular,2026-02-10T21:00:00Z
21231,LRCX,226.61,6188004,2026-02-10T21:00:00Z,False,4811156.91,,226.62,226.72,extended_hours_trade,L,1372,200,27161448780466,,regular,2026-02-10T21:00:00Z
865,LRCX,226.61,6188869,2026-02-10T21:00:00Z,False,196017.65,,226.62,226.72,extended_hours_trade,L,1372,200,27161448780466,,regular,2026-02-10T21:00:00Z
1100,LRCX,226.511,6157274,2026-02-10T20:59:59Z,False,249162.100,,226.62,226.72,,L,1372,200,27161448779803,,regular,2026-02-10T20:59:59Z
600,LRCX,226.72,6128044,2026-02-10T20:59:52Z,False,136032.00,,226.62,226.72,,L,1372,200,27161448772599,,regular,2026-02-10T20:59:52Z
538,LRCX,226.66,6127209,2026-02-10T20:59:52Z,False,121943.08,,226.62,226.72,,L,1372,200,27161448772482,,regular,2026-02-10T20:59:52Z
578,LRCX,226.645,6113379,2026-02-10T20:59:47Z,False,131000.810,,226.59,226.64,,L,134,130,27161448767430,,regular,2026-02-10T20:59:47Z
700,LRCX,226.66,6073291,2026-02-10T20:59:36Z,False,158662.00,,226.59,226.64,,L,134,130,27161448755969,,regular,2026-02-10T20:59:36Z
2074,LRCX,226.57,6056472,2026-02-10T20:59:30Z,False,469906.18,,226.58,226.62,,L,93,433,27161448749933,,regular,2026-02-10T20:59:30Z
480,LRCX,226.57,6051143,2026-02-10T20:59:27Z,False,108753.60,,226.58,226.62,,L,93,433,27161448747814,,regular,2026-02-10T20:59:27Z
1000,LRCX,226.6101,6032826,2026-02-10T20:59:17Z,False,226610.1000,,226.59,226.64,,L,10,5,27161448737603,,regular,2026-02-10T20:59:17Z
800,LRCX,226.4876,5923095,2026-02-10T20:57:58Z,False,181190.0800,,226.43,226.49,,L,1260,10,27161448658869,,regular,2026-02-10T20:57:58Z
1100,LRCX,226.4001,5919705,2026-02-10T20:57:54Z,False,249040.1100,,226.4,226.47,,L,36,95,27161448654021,,regular,2026-02-10T20:57:54Z
604,LRCX,226.4799,5908743,2026-02-10T20:57:48Z,False,136793.8596,,226.44,226.48,,L,100,50,27161448648590,,regular,2026-02-10T20:57:48Z
500,LRCX,226.13,5891233,2026-02-10T20:57:32Z,False,113065.00,,226.05,226.11,,L,126,213,27161448632493,,regular,2026-02-10T20:57:32Z
500,LRCX,226.0882,5885266,2026-02-10T20:57:25Z,False,113044.1000,,226.01,226.07,,L,149,10,27161448625484,,regular,2026-02-10T20:57:25Z
500,LRCX,225.97,5857195,2026-02-10T20:56:56Z,False,112985.00,,225.97,226,,L,58,12,27161448595924,,regular,2026-02-10T20:56:56Z
500,LRCX,226.0376,5844400,2026-02-10T20:56:46Z,False,113018.8000,,226.03,226.1,,L,158,145,27161448586086,,regular,2026-02-10T20:56:46Z
500,LRCX,226.22,5822208,2026-02-10T20:56:18Z,False,113110.00,,226.21,226.27,,L,20,5,27161448558037,,regular,2026-02-10T20:56:18Z
1000,LRCX,226.2001,5819414,2026-02-10T20:56:15Z,False,226200.1000,,226.23,226.3,,L,33,54,27161448554969,,regular,2026-02-10T20:56:15Z
1100,LRCX,226.7094,5774028,2026-02-10T20:55:23Z,False,249380.3400,average_price_trade,226.39,226.47,,L,188,63,27161448503662,derivative_priced,regular,2026-02-10T20:55:23Z
692,LRCX,226.39,5772817,2026-02-10T20:55:23Z,False,156661.88,,226.39,226.47,,L,184,35,27161448503371,,regular,2026-02-10T20:55:23Z
1605,LRCX,226.625,5707503,2026-02-10T20:53:53Z,False,363733.125,,226.56,226.65,,L,34,71,27161448413885,,regular,2026-02-10T20:53:53Z
800,LRCX,226.7893,5685509,2026-02-10T20:53:21Z,False,181431.4400,average_price_trade,226.61,226.67,,L,92,53,27161448381439,derivative_priced,regular,2026-02-10T20:53:21Z
800,LRCX,226.65,5675316,2026-02-10T20:53:04Z,False,181320.00,,226.62,226.67,,L,50,11,27161448364600,,regular,2026-02-10T20:53:04Z
508,LRCX,226.74,5656760,2026-02-10T20:52:40Z,False,115183.92,,226.8,226.88,,L,10,61,27161448339946,,regular,2026-02-10T20:52:40Z
1121,LRCX,226.9588,5626322,2026-02-10T20:52:31Z,False,254420.8148,,226.83,226.93,,L,10,64,27161448331697,,regular,2026-02-10T20:52:31Z
500,LRCX,227.07,5616891,2026-02-10T20:52:20Z,False,113535.00,,227.06,227.1,,L,11,62,27161448320224,,regular,2026-02-10T20:52:20Z
500,LRCX,226.8847,5595904,2026-02-10T20:51:50Z,False,113442.3500,,226.85,226.91,,L,81,10,27161448289947,,regular,2026-02-10T20:51:50Z
760,LRCX,226.79,5569089,2026-02-10T20:50:41Z,False,172360.40,,226.79,226.85,,L,10,76,27161448221241,,regular,2026-02-10T20:50:41Z
638,LRCX,226.845,5567086,2026-02-10T20:50:35Z,False,144727.110,,226.76,226.82,,L,176,1,27161448215223,,regular,2026-02-10T20:50:35Z
490,LRCX,226.92,5549996,2026-02-10T20:50:01Z,False,111190.80,,226.62,226.69,,L,10,5,27161448180985,,regular,2026-02-10T20:50:01Z
7100,LRCX,226.615,5518790,2026-02-10T20:49:23Z,False,1608966.500,,226.57,226.65,,L,21,44,27161448143426,,regular,2026-02-10T20:49:23Z
1000,LRCX,226.6201,5501968,2026-02-10T20:48:43Z,False,226620.1000,,226.64,226.7,,L,62,11,27161448103149,,regular,2026-02-10T20:48:43Z
800,LRCX,226.7,5500826,2026-02-10T20:48:38Z,False,181360.0,,226.64,226.7,,L,62,10,27161448098654,,regular,2026-02-10T20:48:38Z
1373,LRCX,226.5501,5490980,2026-02-10T20:47:24Z,False,311053.2873,,226.57,226.63,,L,10,9,27161448024269,,regular,2026-02-10T20:47:24Z
700,LRCX,226.495,5484998,2026-02-10T20:47:00Z,False,158546.500,,226.46,226.55,,L,254,10,27161448000306,,regular,2026-02-10T20:47:00Z
600,LRCX,226.395,5471144,2026-02-10T20:45:40Z,False,135837.000,,226.36,226.43,,L,11,6,27161447920524,,regular,2026-02-10T20:45:40Z
450,LRCX,226.13,5448828,2026-02-10T20:43:31Z,False,101758.50,,226.1,226.16,,L,164,60,27161447791866,,regular,2026-02-10T20:43:31Z
650,LRCX,226.0201,5432018,2026-02-10T20:41:50Z,False,146913.0650,,226.02,226.1,,L,19,204,27161447690656,,regular,2026-02-10T20:41:50Z
2476,LRCX,225.78,5412868,2026-02-10T20:40:42Z,False,559031.28,,225.75,225.81,,L,5,47,27161447621927,,regular,2026-02-10T20:40:42Z
500,LRCX,225.7476,5388312,2026-02-10T20:38:33Z,False,112873.8000,average_price_trade,225.68,225.74,,L,7,20,27161447493690,,regular,2026-02-10T20:38:33Z
474,LRCX,225.786,5379529,2026-02-10T20:37:40Z,False,107022.564,,225.75,225.82,,L,110,57,27161447440014,,regular,2026-02-10T20:37:40Z
1200,LRCX,225.67,5376579,2026-02-10T20:37:13Z,False,270804.00,,225.68,225.78,,L,10,59,27161447413757,,regular,2026-02-10T20:37:13Z
550,LRCX,225.705,5363969,2026-02-10T20:36:02Z,False,124137.750,,225.64,225.72,,L,1,87,27161447342068,,regular,2026-02-10T20:36:02Z
740,LRCX,225.705,5361462,2026-02-10T20:35:45Z,False,167021.700,,225.67,225.74,,L,116,100,27161447325755,,regular,2026-02-10T20:35:45Z
591,LRCX,225.8,5343224,2026-02-10T20:33:36Z,False,133447.8,,225.75,225.85,,L,236,111,27161447196288,,regular,2026-02-10T20:33:36Z
900,LRCX,225.781,5342377,2026-02-10T20:33:33Z,False,203202.900,average_price_trade,225.75,225.85,,L,236,101,27161447193543,derivative_priced,regular,2026-02-10T20:33:33Z
909,LRCX,225.764,5336899,2026-02-10T20:32:51Z,False,205219.476,,225.71,225.77,,L,18,22,27161447151231,,regular,2026-02-10T20:32:51Z
596,LRCX,225.98,5323366,2026-02-10T20:31:47Z,False,134684.08,,225.98,226.03,,L,105,802,27161447087109,,regular,2026-02-10T20:31:47Z
500,LRCX,226.0599,5319148,2026-02-10T20:31:14Z,False,113029.9500,,225.94,226.06,,L,110,159,27161447054271,,regular,2026-02-10T20:31:14Z
500,LRCX,225.774,5312380,2026-02-10T20:30:46Z,False,112887.000,,225.7,225.8,,L,10,110,27161447026435,,regular,2026-02-10T20:30:46Z
500,LRCX,225.55,5300813,2026-02-10T20:29:36Z,False,112775.00,,225.51,225.59,,L,341,104,27161446955998,,regular,2026-02-10T20:29:36Z
500,LRCX,225.31,5279032,2026-02-10T20:27:07Z,False,112655.00,,225.26,225.35,,L,6,118,27161446807674,,regular,2026-02-10T20:27:07Z
500,LRCX,225.46,5257020,2026-02-10T20:25:31Z,False,112730.00,,225.41,225.52,,L,110,101,27161446711839,,regular,2026-02-10T20:25:31Z
500,LRCX,225.46,5256263,2026-02-10T20:25:31Z,False,112730.00,,225.41,225.52,,L,110,101,27161446711809,,regular,2026-02-10T20:25:31Z
500,LRCX,225.425,5250713,2026-02-10T20:25:10Z,False,112712.500,,225.37,225.44,,L,10,200,27161446690355,,regular,2026-02-10T20:25:10Z
500,LRCX,225.435,5246763,2026-02-10T20:24:58Z,False,112717.500,,225.4,225.47,,L,19,300,27161446678130,,regular,2026-02-10T20:24:58Z
1300,LRCX,225.442,5225410,2026-02-10T20:23:29Z,False,293074.600,average_price_trade,225.57,225.63,,L,29,406,27161446589746,derivative_priced,regular,2026-02-10T20:23:29Z
650,LRCX,225.62,5220769,2026-02-10T20:23:11Z,False,146653.00,,225.62,225.69,,L,16,100,27161446571172,,regular,2026-02-10T20:23:11Z
680,LRCX,225.2819,5205771,2026-02-10T20:21:18Z,False,153191.6920,,225.27,225.33,,L,10,200,27161446458710,,regular,2026-02-10T20:21:18Z
554,LRCX,225.415,5194441,2026-02-10T20:20:14Z,False,124879.910,,225.38,225.46,,L,52,10,27161446394558,,regular,2026-02-10T20:20:14Z
448,LRCX,225.255,5146641,2026-02-10T20:15:07Z,False,100914.240,,225.23,225.31,,L,10,1,27161446087083,,regular,2026-02-10T20:15:07Z
500,LRCX,225.27,5143829,2026-02-10T20:14:53Z,False,112635.00,,225.26,225.32,,L,116,100,27161446073141,,regular,2026-02-10T20:14:53Z
756,LRCX,225.215,5139368,2026-02-10T20:14:23Z,False,170262.540,,225.17,225.27,,L,188,10,27161446043239,,regular,2026-02-10T20:14:23Z
700,LRCX,225.325,5130307,2026-02-10T20:12:48Z,False,157727.500,,225.26,225.38,,L,10,10,27161445948181,,regular,2026-02-10T20:12:48Z
1000,LRCX,225.62,5111800,2026-02-10T20:10:34Z,False,225620.00,,225.54,225.63,,2,100,20,27161445814150,,regular,2026-02-10T20:10:34Z
500,LRCX,226.105,5092394,2026-02-10T20:08:10Z,False,113052.500,,226.01,226.16,,L,10,116,27161445670092,,regular,2026-02-10T20:08:10Z
1000,LRCX,225.5401,5065011,2026-02-10T20:05:16Z,False,225540.1000,,225.55,225.68,,L,10,48,27161445496688,,regular,2026-02-10T20:05:16Z
900,LRCX,225.795,5023943,2026-02-10T20:01:55Z,False,203215.500,,225.76,225.89,,L,118,10,27161445295270,,regular,2026-02-10T20:01:55Z
4000,LRCX,225.7999,5016771,2026-02-10T20:01:22Z,False,903199.6000,,225.78,225.85,,L,28,60,27161445262536,,regular,2026-02-10T20:01:22Z
702,LRCX,225.875,5006755,2026-02-10T20:01:05Z,False,158564.250,,225.83,225.91,,L,86,200,27161445245050,,regular,2026-02-10T20:01:05Z
3260,LRCX,226.0301,4923426,2026-02-10T19:50:00Z,False,736858.1260,,226.03,226.1,,L,103,421,27161444580602,,regular,2026-02-10T19:50:00Z
3586,LRCX,226.12,4910888,2026-02-10T19:48:37Z,False,810866.32,,226.07,226.17,,L,113,313,27161444497215,,regular,2026-02-10T19:48:37Z
600,LRCX,226.1913,4907117,2026-02-10T19:48:34Z,False,135714.7800,average_price_trade,226.08,226.17,,L,100,10,27161444494256,derivative_priced,regular,2026-02-10T19:48:34Z
570,LRCX,226.07,4905511,2026-02-10T19:48:19Z,False,128859.90,,226.07,226.17,,L,100,10,27161444479081,,regular,2026-02-10T19:48:19Z
4860,LRCX,226.3,4885033,2026-02-10T19:45:45Z,False,1099818.0,contingent_trade,226.34,226.45,,L,56,112,27161444325373,qualified_contingent_trade,regular,2026-02-10T19:45:45Z
526,LRCX,226.396,4880116,2026-02-10T19:45:45Z,False,119084.296,,226.34,226.45,,L,56,112,27161444325203,,regular,2026-02-10T19:45:45Z
442,LRCX,226.2877,4851241,2026-02-10T19:41:42Z,False,100019.1634,average_price_trade,226.41,226.51,,L,51,10,27161444082248,derivative_priced,regular,2026-02-10T19:41:42Z
984,LRCX,226.28,4814410,2026-02-10T19:37:29Z,False,222659.52,,226.24,226.37,,L,6,156,27161443829350,,regular,2026-02-10T19:37:29Z
1587,LRCX,226.1788,4805729,2026-02-10T19:35:24Z,False,358945.7556,,226.13,226.25,,L,10,28,27161443704384,,regular,2026-02-10T19:35:24Z
1843,LRCX,226.3,4791906,2026-02-10T19:33:15Z,False,417070.9,,226.18,226.27,,L,56,76,27161443575781,,regular,2026-02-10T19:33:15Z
1022,LRCX,226.235,4788371,2026-02-10T19:32:54Z,False,231212.170,,226.18,226.31,,L,10,202,27161443554741,,regular,2026-02-10T19:32:54Z
6718,LRCX,226.27,4779206,2026-02-10T19:32:28Z,False,1520081.86,,226.27,226.33,,L,6,105,27161443528595,,regular,2026-02-10T19:32:28Z
2936,LRCX,226.27,4782142,2026-02-10T19:32:28Z,False,664328.72,,226.27,226.33,,L,6,105,27161443528595,,regular,2026-02-10T19:32:28Z
1844,LRCX,225.9,4748637,2026-02-10T19:27:57Z,False,416559.6,,225.9,225.98,,L,3,115,27161443256958,,regular,2026-02-10T19:27:57Z
1419,LRCX,226.2099,4719307,2026-02-10T19:20:59Z,False,320991.8481,,226.03,226.2,,L,6,252,27161442839242,,regular,2026-02-10T19:20:59Z
700,LRCX,226.0901,4706305,2026-02-10T19:18:38Z,False,158263.0700,average_price_trade,225.95,226.13,,L,10,310,27161442698253,derivative_priced,regular,2026-02-10T19:18:38Z
496,LRCX,226.175,4665666,2026-02-10T19:11:08Z,False,112182.800,,226.12,226.18,,L,1,119,27161442248603,,regular,2026-02-10T19:11:08Z
724,LRCX,226.12,4664956,2026-02-10T19:11:05Z,False,163710.88,,226.12,226.18,,L,1,118,27161442245269,,regular,2026-02-10T19:11:05Z
643,LRCX,226.3489,4658953,2026-02-10T19:09:56Z,False,145542.3427,average_price_trade,226.06,226.18,,L,36,100,27161442176174,derivative_priced,regular,2026-02-10T19:09:56Z
1000,LRCX,226.425,4644082,2026-02-10T19:06:50Z,False,226425.000,,226.33,226.47,,L,1,60,27161441990012,,regular,2026-02-10T19:06:50Z
444,LRCX,226.5,4628675,2026-02-10T19:04:53Z,False,100566.0,,226.48,226.58,,L,208,125,27161441873642,,regular,2026-02-10T19:04:53Z
480,LRCX,226.5218,4623515,2026-02-10T19:03:43Z,False,108730.4640,,226.58,226.7,,L,32,10,27161441803382,,regular,2026-02-10T19:03:43Z
900,LRCX,226.6621,4622026,2026-02-10T19:03:24Z,False,203995.8900,average_price_trade,226.57,226.75,,L,10,60,27161441784194,derivative_priced,regular,2026-02-10T19:03:24Z
702,LRCX,226.75,4617876,2026-02-10T19:02:45Z,False,159178.50,,226.7,226.84,,L,37,16,27161441745814,,regular,2026-02-10T19:02:45Z
445,LRCX,226.57,4611107,2026-02-10T19:01:06Z,False,100823.65,,226.5,226.63,,L,115,365,27161441646244,,regular,2026-02-10T19:01:06Z
500,LRCX,226.69,4597926,2026-02-10T18:58:26Z,False,113345.00,,226.61,226.78,,L,10,10,27161441486608,,regular,2026-02-10T18:58:26Z
500,LRCX,226.69,4596383,2026-02-10T18:58:21Z,False,113345.00,,226.59,226.78,,L,10,18,27161441481278,,regular,2026-02-10T18:58:21Z
1000,LRCX,226.2401,4559832,2026-02-10T18:53:47Z,False,226240.1000,,226.26,226.43,,L,16,40,27161441207325,,regular,2026-02-10T18:53:47Z
5000,LRCX,226.1,4556302,2026-02-10T18:53:27Z,False,1130500.0,,226.11,226.25,,L,6,10,27161441186933,,regular,2026-02-10T18:53:27Z
450,LRCX,226,4535558,2026-02-10T18:49:31Z,False,101700,,225.93,226.07,,L,60,139,27161440951124,,regular,2026-02-10T18:49:31Z
1393,LRCX,226.02,4510137,2026-02-10T18:45:17Z,False,314845.86,,225.99,226.09,,L,72,20,27161440697005,,regular,2026-02-10T18:45:17Z
905,LRCX,226,4491783,2026-02-10T18:41:32Z,False,204530,,225.97,226.17,,L,7,60,27161440471971,,regular,2026-02-10T18:41:32Z
613,LRCX,226.005,4470116,2026-02-10T18:38:44Z,False,138541.065,,225.9,226.12,,L,60,30,27161440304311,,regular,2026-02-10T18:38:44Z
1100,LRCX,226.03,4452973,2026-02-10T18:37:06Z,False,248633.00,,226.01,226.19,,L,50,6,27161440205905,,regular,2026-02-10T18:37:06Z
546,LRCX,226.34,4417231,2026-02-10T18:34:42Z,False,123581.64,,226.28,226.38,,L,6,100,27161440062875,,regular,2026-02-10T18:34:42Z
500,LRCX,226.4,4382817,2026-02-10T18:31:18Z,False,113200.0,,226.34,226.49,,L,6,261,27161439858616,,regular,2026-02-10T18:31:18Z
500,LRCX,226.305,4379916,2026-02-10T18:31:10Z,False,113152.500,,226.26,226.43,,L,8,9,27161439850391,,regular,2026-02-10T18:31:10Z
2200,LRCX,226.51,4375730,2026-02-10T18:30:38Z,False,498322.00,,226.35,226.55,,L,10,60,27161439818127,,regular,2026-02-10T18:30:38Z
441,LRCX,226.93,4362160,2026-02-10T18:29:18Z,False,100076.13,,226.7,226.92,,L,8,10,27161439738246,,regular,2026-02-10T18:29:18Z
728,LRCX,226.7551,4357067,2026-02-10T18:28:31Z,False,165077.7128,,226.67,226.85,,L,100,70,27161439691028,,regular,2026-02-10T18:28:31Z
600,LRCX,226.645,4354923,2026-02-10T18:28:09Z,False,135987.000,,226.58,226.77,,L,6,20,27161439669338,,regular,2026-02-10T18:28:09Z
500,LRCX,227.0801,4293127,2026-02-10T18:19:32Z,False,113540.0500,,227.07,227.24,,L,10,10,27161439151937,,regular,2026-02-10T18:19:32Z
500,LRCX,227.38,4285826,2026-02-10T18:18:49Z,False,113690.00,,227.27,227.48,,L,5,110,27161439108955,,regular,2026-02-10T18:18:49Z
966,LRCX,227.2778,4281952,2026-02-10T18:18:36Z,False,219550.3548,contingent_trade,227.26,227.35,,L,162,100,27161439096464,qualified_contingent_trade,regular,2026-02-10T18:18:36Z
798,LRCX,227.2222,4280482,2026-02-10T18:18:36Z,False,181323.3156,contingent_trade,227.26,227.35,,L,162,100,27161439096460,qualified_contingent_trade,regular,2026-02-10T18:18:36Z
696,LRCX,227.2777,4275952,2026-02-10T18:18:36Z,False,158185.2792,contingent_trade,227.26,227.35,,L,162,100,27161439096442,qualified_contingent_trade,regular,2026-02-10T18:18:36Z
2436,LRCX,227.2778,4278388,2026-02-10T18:18:36Z,False,553648.7208,contingent_trade,227.26,227.35,,L,162,100,27161439096442,qualified_contingent_trade,regular,2026-02-10T18:18:36Z
2016,LRCX,227.2222,4274680,2026-02-10T18:18:36Z,False,458079.9552,contingent_trade,227.26,227.45,,L,16,100,27161439096438,qualified_contingent_trade,regular,2026-02-10T18:18:36Z
576,LRCX,227.2222,4275256,2026-02-10T18:18:36Z,False,130879.9872,contingent_trade,227.26,227.45,,L,16,100,27161439096438,qualified_contingent_trade,regular,2026-02-10T18:18:36Z
2562,LRCX,227.2222,4271932,2026-02-10T18:18:36Z,False,582143.2764,contingent_trade,227.26,227.45,,L,16,100,27161439096432,qualified_contingent_trade,regular,2026-02-10T18:18:36Z
732,LRCX,227.2222,4272664,2026-02-10T18:18:36Z,False,166326.6504,contingent_trade,227.26,227.45,,L,16,100,27161439096432,qualified_contingent_trade,regular,2026-02-10T18:18:36Z
672,LRCX,227.2778,4268359,2026-02-10T18:18:23Z,False,152730.6816,contingent_trade,227.31,227.45,,L,66,216,27161439083002,qualified_contingent_trade,regular,2026-02-10T18:18:23Z
1050,LRCX,227.2641,4266018,2026-02-10T18:18:21Z,False,238627.3050,contingent_trade,227.32,227.48,,L,5,10,27161439080994,qualified_contingent_trade,regular,2026-02-10T18:18:21Z
756,LRCX,227.2665,4264266,2026-02-10T18:18:20Z,False,171813.4740,contingent_trade,227.32,227.48,,L,5,10,27161439079989,qualified_contingent_trade,regular,2026-02-10T18:18:20Z
702,LRCX,227.2665,4264968,2026-02-10T18:18:20Z,False,159541.0830,contingent_trade,227.32,227.48,,L,5,10,27161439079989,qualified_contingent_trade,regular,2026-02-10T18:18:20Z
936,LRCX,227.3333,4256538,2026-02-10T18:17:59Z,False,212783.9688,contingent_trade,227.26,227.38,,L,56,100,27161439059845,qualified_contingent_trade,regular,2026-02-10T18:17:59Z
468,LRCX,227.3334,4257006,2026-02-10T18:17:59Z,False,106392.0312,contingent_trade,227.26,227.38,,L,56,100,27161439059845,qualified_contingent_trade,regular,2026-02-10T18:17:59Z
756,LRCX,227.3333,4255224,2026-02-10T18:17:59Z,False,171863.9748,contingent_trade,227.26,227.38,,L,56,100,27161439059841,qualified_contingent_trade,regular,2026-02-10T18:17:59Z
1008,LRCX,227.3889,4254144,2026-02-10T18:17:59Z,False,229208.0112,contingent_trade,227.26,227.38,,L,56,100,27161439059834,qualified_contingent_trade,regular,2026-02-10T18:17:59Z
490,LRCX,227.7,4229595,2026-02-10T18:14:52Z,False,111573.0,,227.55,227.7,,L,46,1,27161438872112,,regular,2026-02-10T18:14:52Z
2000,LRCX,227.7101,4221310,2026-02-10T18:14:08Z,False,455420.2000,,227.72,227.88,,L,4,10,27161438828861,,regular,2026-02-10T18:14:08Z
1600,LRCX,227.6601,4217263,2026-02-10T18:13:54Z,False,364256.1600,,227.71,227.83,,L,104,77,27161438814045,,regular,2026-02-10T18:13:54Z
1300,LRCX,228.1,4201852,2026-02-10T18:11:51Z,False,296530.0,,227.96,228.17,,L,12,66,27161438691147,,regular,2026-02-10T18:11:51Z
469,LRCX,227.941,4199228,2026-02-10T18:11:40Z,False,106904.329,,227.86,228.04,,L,117,101,27161438680814,,regular,2026-02-10T18:11:40Z
618,LRCX,227.9313,4198366,2026-02-10T18:11:34Z,False,140861.5434,,227.86,228.05,,L,17,101,27161438674621,,regular,2026-02-10T18:11:34Z
500,LRCX,228.005,4195212,2026-02-10T18:10:50Z,False,114002.500,,227.9,228.05,,L,50,56,27161438630227,,regular,2026-02-10T18:10:50Z
2000,LRCX,228.1799,4173122,2026-02-10T18:07:00Z,False,456359.8000,,228.04,228.18,,L,36,90,27161438400144,,regular,2026-02-10T18:07:00Z
591,LRCX,228.085,4170452,2026-02-10T18:06:54Z,False,134798.235,,228.02,228.17,,L,10,90,27161438394623,,regular,2026-02-10T18:06:54Z
1429,LRCX,228.08,4169073,2026-02-10T18:06:48Z,False,325926.32,,227.9,228.06,,L,5,50,27161438388899,,regular,2026-02-10T18:06:48Z
772,LRCX,227.49,4159648,2026-02-10T18:06:22Z,False,175622.28,,227.43,227.59,,L,64,90,27161438361927,,regular,2026-02-10T18:06:22Z
4400,LRCX,227.59,4155765,2026-02-10T18:05:48Z,False,1001396.00,,227.6,227.73,,L,50,1,27161438328666,,regular,2026-02-10T18:05:48Z
804,LRCX,227.135,4127683,2026-02-10T18:01:50Z,False,182616.540,,227.06,227.22,,L,100,10,27161438089905,,regular,2026-02-10T18:01:50Z
603,LRCX,227.4599,4098550,2026-02-10T17:56:50Z,False,137158.3197,,227.32,227.45,,L,10,20,27161437790439,,regular,2026-02-10T17:56:50Z
2100,LRCX,227.68,4079233,2026-02-10T17:54:14Z,False,478128.00,,227.62,227.76,,L,106,171,27161437634101,,regular,2026-02-10T17:54:14Z
585,LRCX,227.78,4065989,2026-02-10T17:52:57Z,False,133251.30,,227.72,227.84,,L,10,62,27161437557010,,regular,2026-02-10T17:52:57Z
500,LRCX,227.63,4042647,2026-02-10T17:48:09Z,False,113815.00,,227.54,227.7,,L,1,10,27161437269247,,regular,2026-02-10T17:48:09Z
495,LRCX,227.7,4038572,2026-02-10T17:47:30Z,False,112711.5,,227.51,227.69,,L,10,34,27161437230560,,regular,2026-02-10T17:47:30Z
738,LRCX,227.47,4036894,2026-02-10T17:47:17Z,False,167872.86,,227.47,227.69,,L,10,10,27161437217390,,regular,2026-02-10T17:47:17Z
500,LRCX,227.595,4019013,2026-02-10T17:45:36Z,False,113797.500,,227.54,227.61,,L,6,5,27161437116434,,regular,2026-02-10T17:45:36Z
800,LRCX,227.475,4014806,2026-02-10T17:45:27Z,False,181980.000,,227.44,227.55,,L,26,11,27161437107649,,regular,2026-02-10T17:45:27Z
454,LRCX,227.3,4009342,2026-02-10T17:44:52Z,False,103194.2,,227.3,227.42,,L,10,264,27161437072134,,regular,2026-02-10T17:44:52Z
1000,LRCX,227.25,4004469,2026-02-10T17:44:35Z,False,227250.00,,227.16,227.25,,L,41,100,27161437055230,,regular,2026-02-10T17:44:35Z
1400,LRCX,227.2,4002930,2026-02-10T17:44:28Z,False,318080.0,,227.13,227.25,,L,38,100,27161437048429,,regular,2026-02-10T17:44:28Z
828,LRCX,226.37,3936022,2026-02-10T17:37:02Z,False,187434.36,,226.29,226.44,,L,10,106,27161436602748,,regular,2026-02-10T17:37:02Z
928,LRCX,226.25,3934317,2026-02-10T17:36:51Z,False,209960.00,,226.28,226.45,,L,100,1,27161436591053,,regular,2026-02-10T17:36:51Z
598,LRCX,226.1601,3929820,2026-02-10T17:36:12Z,False,135243.7398,,226.13,226.26,,L,32,30,27161436552401,,regular,2026-02-10T17:36:12Z
500,LRCX,226.495,3915501,2026-02-10T17:35:08Z,False,113247.500,,226.42,226.56,,L,10,485,27161436488748,,regular,2026-02-10T17:35:08Z
500,LRCX,226.545,3911852,2026-02-10T17:34:42Z,False,113272.500,,226.41,226.64,,L,10,10,27161436462661,,regular,2026-02-10T17:34:42Z
1000,LRCX,226.46,3911227,2026-02-10T17:34:40Z,False,226460.00,,226.46,226.68,,L,10,10,27161436460110,,regular,2026-02-10T17:34:40Z
500,LRCX,226.54,3909928,2026-02-10T17:34:37Z,False,113270.00,,226.44,226.63,,L,10,100,27161436457617,,regular,2026-02-10T17:34:37Z
454,LRCX,226.37,3906375,2026-02-10T17:34:27Z,False,102771.98,,226.25,226.37,,L,156,100,27161436447746,,regular,2026-02-10T17:34:27Z
500,LRCX,226.545,3897933,2026-02-10T17:34:00Z,False,113272.500,,226.45,226.66,,L,10,1,27161436420798,,regular,2026-02-10T17:34:00Z
606,LRCX,226.515,3886783,2026-02-10T17:33:33Z,False,137268.090,,226.44,226.59,,L,100,607,27161436393111,,regular,2026-02-10T17:33:33Z
500,LRCX,226.515,3883570,2026-02-10T17:33:30Z,False,113257.500,,226.44,226.59,,L,100,607,27161436390832,,regular,2026-02-10T17:33:30Z
500,LRCX,226.455,3879265,2026-02-10T17:32:26Z,False,113227.500,,226.37,226.54,,L,10,11,27161436326382,,regular,2026-02-10T17:32:26Z
487,LRCX,226.3601,3861475,2026-02-10T17:31:05Z,False,110237.3687,,226.37,226.53,,L,50,25,27161436245254,,regular,2026-02-10T17:31:05Z
1017,LRCX,227.08,3833965,2026-02-10T17:28:53Z,False,230940.36,,226.92,227.08,,L,43,30,27161436113409,,regular,2026-02-10T17:28:53Z
1650,LRCX,226.8699,3814879,2026-02-10T17:24:37Z,False,374335.3350,,226.74,226.87,,L,138,30,27161435857821,,regular,2026-02-10T17:24:37Z
1800,LRCX,226.9499,3801451,2026-02-10T17:23:17Z,False,408509.8200,,226.72,226.87,,L,37,200,27161435776923,,regular,2026-02-10T17:23:17Z
1162,LRCX,226.65,3789551,2026-02-10T17:22:57Z,False,263367.30,,226.6,226.75,,L,6,100,27161435757006,,regular,2026-02-10T17:22:57Z
500,LRCX,226.645,3787716,2026-02-10T17:22:52Z,False,113322.500,,226.54,226.75,,L,56,56,27161435752849,,regular,2026-02-10T17:22:52Z
500,LRCX,226.54,3768978,2026-02-10T17:21:25Z,False,113270.00,,226.47,226.61,,L,113,3,27161435665177,,regular,2026-02-10T17:21:25Z
500,LRCX,226.54,3767244,2026-02-10T17:21:00Z,False,113270.00,,226.43,226.61,,L,100,50,27161435640316,,regular,2026-02-10T17:21:00Z
500,LRCX,226.685,3755456,2026-02-10T17:20:04Z,False,113342.500,,226.62,226.75,,L,393,300,27161435584585,,regular,2026-02-10T17:20:04Z
601,LRCX,226.7342,3754846,2026-02-10T17:20:04Z,False,136267.2542,,226.62,226.75,,L,393,300,27161435584353,,regular,2026-02-10T17:20:04Z
1292,LRCX,226.685,3754018,2026-02-10T17:20:02Z,False,292877.020,,226.62,226.75,,L,393,300,27161435582403,,regular,2026-02-10T17:20:02Z
500,LRCX,225.27,3688797,2026-02-10T17:10:49Z,False,112635.00,,225.21,225.33,,L,9,100,27161435029520,,regular,2026-02-10T17:10:49Z
600,LRCX,225.255,3683137,2026-02-10T17:10:37Z,False,135153.000,,225.24,225.33,,L,100,7,27161435017354,,regular,2026-02-10T17:10:37Z
1000,LRCX,225.3,3682312,2026-02-10T17:10:30Z,False,225300.0,,225.24,225.33,,L,200,7,27161435010800,,regular,2026-02-10T17:10:30Z
4009,LRCX,225.42,3678741,2026-02-10T17:10:20Z,False,903708.78,,225.38,225.6,,L,57,10,27161435000798,,regular,2026-02-10T17:10:20Z
500,LRCX,225.475,3672334,2026-02-10T17:10:08Z,False,112737.500,,225.3,225.52,,L,10,58,27161434988099,,regular,2026-02-10T17:10:08Z
835,LRCX,225.2,3667646,2026-02-10T17:10:00Z,False,188042.0,,225.12,225.27,,L,57,106,27161434980050,,regular,2026-02-10T17:10:00Z
576,LRCX,224.9317,3658437,2026-02-10T17:09:47Z,False,129560.6592,,224.93,225.1,,L,96,60,27161434966936,,regular,2026-02-10T17:09:47Z
616,LRCX,224.98,3657219,2026-02-10T17:09:39Z,False,138587.68,,225.01,225.11,,L,100,100,27161434959418,,regular,2026-02-10T17:09:39Z
500,LRCX,225.06,3656326,2026-02-10T17:09:39Z,False,112530.00,,224.98,225.11,,L,100,100,27161434959361,,regular,2026-02-10T17:09:39Z
5009,LRCX,224.9345,3650348,2026-02-10T17:09:08Z,False,1126696.9105,,224.86,224.98,,L,10,100,27161434928897,,regular,2026-02-10T17:09:08Z
643,LRCX,225.1199,3636835,2026-02-10T17:08:09Z,False,144752.0957,,224.93,225.07,,L,18,101,27161434869367,,regular,2026-02-10T17:08:09Z
611,LRCX,224.5,3621059,2026-02-10T17:06:48Z,False,137169.5,,224.46,224.63,,L,680,100,27161434788701,,regular,2026-02-10T17:06:48Z
611,LRCX,224.5,3620448,2026-02-10T17:06:48Z,False,137169.5,,224.46,224.63,,L,680,100,27161434788700,,regular,2026-02-10T17:06:48Z
480,LRCX,224.315,3607358,2026-02-10T17:05:15Z,False,107671.200,,224.21,224.4,,L,50,300,27161434695209,,regular,2026-02-10T17:05:15Z
500,LRCX,224,3581078,2026-02-10T17:02:47Z,False,112000,,223.93,224.07,,L,297,465,27161434547651,,regular,2026-02-10T17:02:47Z
500,LRCX,224.425,3559340,2026-02-10T17:01:17Z,False,112212.500,,224.34,224.48,,L,10,911,27161434457061,,regular,2026-02-10T17:01:17Z
611,LRCX,224.4,3557277,2026-02-10T17:01:12Z,False,137108.4,,224.32,224.48,,L,110,300,27161434452505,,regular,2026-02-10T17:01:12Z
500,LRCX,224.405,3553901,2026-02-10T17:01:12Z,False,112202.500,,224.32,224.46,,L,10,300,27161434452045,,regular,2026-02-10T17:01:12Z
853,LRCX,224.6244,3549091,2026-02-10T17:00:53Z,False,191604.6132,,224.5,224.68,,L,10,218,27161434433139,,regular,2026-02-10T17:00:53Z
447,LRCX,224.595,3548234,2026-02-10T17:00:52Z,False,100393.965,,224.5,224.68,,L,10,318,27161434432787,,regular,2026-02-10T17:00:52Z
500,LRCX,224.325,3540640,2026-02-10T16:59:56Z,False,112162.500,,224.23,224.38,,L,20,300,27161434376457,,regular,2026-02-10T16:59:56Z
454,LRCX,224.375,3530753,2026-02-10T16:59:36Z,False,101866.250,,224.32,224.4,,L,300,634,27161434356030,,regular,2026-02-10T16:59:36Z
500,LRCX,224.39,3527154,2026-02-10T16:59:31Z,False,112195.00,,224.28,224.44,,L,10,322,27161434351843,,regular,2026-02-10T16:59:31Z
500,LRCX,224.375,3523476,2026-02-10T16:59:10Z,False,112187.500,,224.28,224.47,,L,109,100,27161434330091,,regular,2026-02-10T16:59:10Z
1000,LRCX,224.26,3520592,2026-02-10T16:58:57Z,False,224260.00,,224.16,224.3,,L,40,59,27161434317019,,regular,2026-02-10T16:58:57Z
500,LRCX,224.26,3519092,2026-02-10T16:58:55Z,False,112130.00,,224.16,224.3,,L,30,59,27161434315407,,regular,2026-02-10T16:58:55Z
1007,LRCX,223.985,3513026,2026-02-10T16:58:19Z,False,225552.895,,223.95,224.06,,L,84,7,27161434279592,,regular,2026-02-10T16:58:19Z
500,LRCX,224.23,3475959,2026-02-10T16:54:19Z,False,112115.00,,224.13,224.26,,L,9,159,27161434039199,,regular,2026-02-10T16:54:19Z
4221,LRCX,223.8,3466703,2026-02-10T16:54:04Z,False,944659.8,,223.75,223.8,,L,137,162,27161434023932,,regular,2026-02-10T16:54:04Z
4479,LRCX,223.8,3471282,2026-02-10T16:54:04Z,False,1002400.2,,223.75,223.8,,L,137,162,27161434023932,,regular,2026-02-10T16:54:04Z
1003,LRCX,223.855,3423518,2026-02-10T16:52:17Z,False,224526.565,,223.61,223.82,,L,89,315,27161433917576,,regular,2026-02-10T16:52:17Z
500,LRCX,223.73,3407055,2026-02-10T16:50:29Z,False,111865.00,,223.63,223.85,,L,10,5,27161433809543,,regular,2026-02-10T16:50:29Z
501,LRCX,223.67,3406395,2026-02-10T16:50:25Z,False,112058.67,,223.63,223.86,,L,10,5,27161433805341,,regular,2026-02-10T16:50:25Z
500,LRCX,223.81,3402767,2026-02-10T16:50:03Z,False,111905.00,,223.73,223.94,,L,208,80,27161433783626,,regular,2026-02-10T16:50:03Z
500,LRCX,223.915,3398021,2026-02-10T16:49:40Z,False,111957.500,,223.8,224.02,,L,10,358,27161433760769,,regular,2026-02-10T16:49:40Z
500,LRCX,223.915,3397421,2026-02-10T16:49:40Z,False,111957.500,,223.8,224.02,,L,10,358,27161433760659,,regular,2026-02-10T16:49:40Z
457,LRCX,223.95,3384582,2026-02-10T16:48:46Z,False,102345.15,,223.72,223.93,,2,10,383,27161433706289,,regular,2026-02-10T16:48:46Z
790,LRCX,223.92,3383172,2026-02-10T16:48:46Z,False,176896.80,,223.72,223.93,,L,10,130,27161433706266,,regular,2026-02-10T16:48:46Z
1150,LRCX,223.7994,3381123,2026-02-10T16:48:31Z,False,257369.3100,,223.72,223.93,,L,10,105,27161433691343,,regular,2026-02-10T16:48:31Z
1250,LRCX,223.475,3376665,2026-02-10T16:48:18Z,False,279343.750,,223.43,223.52,,L,300,181,27161433678788,,regular,2026-02-10T16:48:18Z
500,LRCX,223.475,3375410,2026-02-10T16:48:18Z,False,111737.500,,223.43,223.52,,L,300,181,27161433678782,,regular,2026-02-10T16:48:18Z
3712,LRCX,223.515,3370183,2026-02-10T16:47:49Z,False,829687.680,,223.41,223.61,,L,10,141,27161433649698,,regular,2026-02-10T16:47:49Z
588,LRCX,223.41,3370892,2026-02-10T16:47:49Z,False,131365.08,,223.41,223.61,,L,10,141,27161433649698,,regular,2026-02-10T16:47:49Z
1060,LRCX,223.41,3371952,2026-02-10T16:47:49Z,False,236814.60,,223.41,223.61,,L,10,141,27161433649698,,regular,2026-02-10T16:47:49Z
550,LRCX,223.41,3366221,2026-02-10T16:47:49Z,False,122875.50,,223.41,223.61,,L,10,141,27161433649684,,regular,2026-02-10T16:47:49Z
800,LRCX,223.41,3365432,2026-02-10T16:47:48Z,False,178728.00,,223.41,223.59,,L,7,141,27161433647911,,regular,2026-02-10T16:47:48Z
750,LRCX,223.41,3363401,2026-02-10T16:47:46Z,False,167557.50,,223.42,223.67,,L,60,50,27161433646118,,regular,2026-02-10T16:47:46Z
557,LRCX,223.4,3361514,2026-02-10T16:47:28Z,False,124433.8,,223.41,223.6,,L,21,70,27161433628638,,regular,2026-02-10T16:47:28Z
573,LRCX,223.4,3362087,2026-02-10T16:47:28Z,False,128008.2,,223.41,223.6,,L,21,70,27161433628638,,regular,2026-02-10T16:47:28Z
800,LRCX,223.4,3360703,2026-02-10T16:47:27Z,False,178720.0,,223.41,223.61,,L,100,120,27161433627090,,regular,2026-02-10T16:47:27Z
557,LRCX,223.4,3359609,2026-02-10T16:47:25Z,False,124433.8,,223.4,223.6,,L,10,187,27161433625375,,regular,2026-02-10T16:47:25Z
784,LRCX,223.38,3358120,2026-02-10T16:47:10Z,False,175129.92,,223.44,223.6,,L,50,10,27161433610352,,regular,2026-02-10T16:47:10Z
934,LRCX,223.48,3353059,2026-02-10T16:47:00Z,False,208730.32,,223.48,223.7,,L,10,74,27161433600349,,regular,2026-02-10T16:47:00Z
800,LRCX,223.48,3350984,2026-02-10T16:46:57Z,False,178784.00,,223.35,223.62,,L,56,160,27161433597235,,regular,2026-02-10T16:46:57Z
50000,LRCX,222.5525,3349535,2026-02-10T16:46:56Z,False,11127625.0000,contingent_trade,223.35,223.61,,L,10,110,27161433596393,qualified_contingent_trade,regular,2026-02-10T16:46:56Z
474,LRCX,223.35,3298969,2026-02-10T16:46:56Z,False,105867.90,,223.35,223.61,,L,10,100,27161433596257,,regular,2026-02-10T16:46:56Z
526,LRCX,223.35,3299495,2026-02-10T16:46:56Z,False,117482.10,,223.35,223.61,,L,10,100,27161433596257,,regular,2026-02-10T16:46:56Z
800,LRCX,223.39,3295814,2026-02-10T16:46:54Z,False,178712.00,,223.36,223.4,,L,109,60,27161433594837,,regular,2026-02-10T16:46:54Z
1200,LRCX,223.47,3294214,2026-02-10T16:46:52Z,False,268164.00,,223.34,223.61,,L,310,60,27161433592343,,regular,2026-02-10T16:46:52Z
5048,LRCX,223.47,3293014,2026-02-10T16:46:52Z,False,1128076.56,,223.34,223.61,,L,310,60,27161433592324,,regular,2026-02-10T16:46:52Z
800,LRCX,223.25,3286206,2026-02-10T16:46:49Z,False,178600.00,,223.25,223.43,,L,63,110,27161433589865,,regular,2026-02-10T16:46:49Z
8588,LRCX,223.25,3285026,2026-02-10T16:46:46Z,False,1917271.00,,223.21,223.43,,L,63,50,27161433586677,,regular,2026-02-10T16:46:46Z
964,LRCX,223.23,3274847,2026-02-10T16:46:46Z,False,215193.72,,223.11,223.36,,L,10,86,27161433586014,,regular,2026-02-10T16:46:46Z
6188,LRCX,223.23,3273583,2026-02-10T16:46:46Z,False,1381347.24,,223.11,223.36,,L,10,86,27161433586010,,regular,2026-02-10T16:46:46Z
500,LRCX,223.23,3266990,2026-02-10T16:46:46Z,False,111615.00,,223.11,223.36,,L,10,86,27161433585920,,regular,2026-02-10T16:46:46Z
3006,LRCX,223.19,3265880,2026-02-10T16:46:46Z,False,670909.14,,223.11,223.31,,L,66,76,27161433585908,,regular,2026-02-10T16:46:46Z
700,LRCX,223.19,3262852,2026-02-10T16:46:45Z,False,156233.00,,223.11,223.31,,L,66,76,27161433585870,,regular,2026-02-10T16:46:45Z
1100,LRCX,223.05,3257389,2026-02-10T16:46:36Z,False,245355.00,,222.94,223.17,,L,10,95,27161433576859,,regular,2026-02-10T16:46:36Z
1594,LRCX,223.045,3255389,2026-02-10T16:46:36Z,False,355533.730,,222.94,223.12,,L,6,120,27161433576235,,regular,2026-02-10T16:46:36Z
500,LRCX,223.08,3245278,2026-02-10T16:46:09Z,False,111540.00,,223,223.16,,L,114,150,27161433549360,,regular,2026-02-10T16:46:09Z
1893,LRCX,223.07,3242517,2026-02-10T16:46:09Z,False,422271.51,,222.94,223.16,,L,24,100,27161433548961,,regular,2026-02-10T16:46:09Z
2200,LRCX,223.07,3240624,2026-02-10T16:46:09Z,False,490754.00,,222.94,223.16,,L,24,100,27161433548958,,regular,2026-02-10T16:46:09Z
2600,LRCX,223.065,3238424,2026-02-10T16:46:08Z,False,579969.000,,222.93,223.15,,L,10,175,27161433548284,,regular,2026-02-10T16:46:08Z
2900,LRCX,223.065,3235500,2026-02-10T16:46:07Z,False,646888.500,,222.93,223.15,,L,10,175,27161433547721,,regular,2026-02-10T16:46:07Z
3400,LRCX,223.065,3232540,2026-02-10T16:46:07Z,False,758421.000,,222.93,223.15,,L,10,175,27161433547134,,regular,2026-02-10T16:46:07Z
3800,LRCX,223.065,3229030,2026-02-10T16:46:06Z,False,847647.000,,222.93,223.16,,L,14,175,27161433546623,,regular,2026-02-10T16:46:06Z
3207,LRCX,223.02,3224769,2026-02-10T16:46:06Z,False,715225.14,,222.92,223.08,,L,6,137,27161433546063,,regular,2026-02-10T16:46:06Z
665,LRCX,223.03,3212373,2026-02-10T16:45:56Z,False,148314.95,,222.92,223.14,,L,110,110,27161433536816,,regular,2026-02-10T16:45:56Z
1955,LRCX,222.99,3209284,2026-02-10T16:45:54Z,False,435945.45,,222.92,223.11,,L,56,100,27161433534548,,regular,2026-02-10T16:45:54Z
800,LRCX,222.93,3207136,2026-02-10T16:45:54Z,False,178344.00,,222.92,223.06,,L,100,100,27161433534320,,regular,2026-02-10T16:45:54Z
500,LRCX,222.85,3195913,2026-02-10T16:45:46Z,False,111425.00,,222.75,223,,L,7,69,27161433526313,,regular,2026-02-10T16:45:46Z
500,LRCX,222.565,3185165,2026-02-10T16:45:14Z,False,111282.500,,222.5,222.72,,L,10,1,27161433494525,,regular,2026-02-10T16:45:14Z
500,LRCX,222.55,3181065,2026-02-10T16:45:05Z,False,111275.00,,222.4,222.69,,L,10,60,27161433485049,,regular,2026-02-10T16:45:05Z
3900,LRCX,222.6687,3159961,2026-02-10T16:44:13Z,False,868407.9300,,222.51,222.81,,L,130,80,27161433433352,,regular,2026-02-10T16:44:13Z
500,LRCX,222.57,3148082,2026-02-10T16:43:53Z,False,111285.00,,222.5,222.64,,L,6,1,27161433413633,,regular,2026-02-10T16:43:53Z
615,LRCX,222.54,3142798,2026-02-10T16:43:24Z,False,136862.10,,222.58,222.7,,L,39,10,27161433384751,,regular,2026-02-10T16:43:24Z
1035,LRCX,222.625,3142183,2026-02-10T16:43:24Z,False,230416.875,,222.58,222.7,,L,39,10,27161433384750,,regular,2026-02-10T16:43:24Z
1000,LRCX,222.7999,3136931,2026-02-10T16:42:57Z,False,222799.9000,,222.64,222.79,,L,23,44,27161433357801,,regular,2026-02-10T16:42:57Z
612,LRCX,222.8333,3132271,2026-02-10T16:42:42Z,False,136373.9796,contingent_trade,222.74,222.85,,L,155,1,27161433342196,qualified_contingent_trade,regular,2026-02-10T16:42:42Z
672,LRCX,222.8889,3131659,2026-02-10T16:42:42Z,False,149781.3408,contingent_trade,222.74,222.85,,L,155,1,27161433342192,qualified_contingent_trade,regular,2026-02-10T16:42:42Z
720,LRCX,222.8889,3130903,2026-02-10T16:42:42Z,False,160480.0080,contingent_trade,222.74,222.85,,L,155,1,27161433342186,qualified_contingent_trade,regular,2026-02-10T16:42:42Z
1620,LRCX,222.8333,3129121,2026-02-10T16:42:42Z,False,360989.9460,contingent_trade,222.74,222.85,,L,155,1,27161433342173,qualified_contingent_trade,regular,2026-02-10T16:42:42Z
810,LRCX,222.8334,3129931,2026-02-10T16:42:42Z,False,180495.0540,contingent_trade,222.74,222.85,,L,155,1,27161433342173,qualified_contingent_trade,regular,2026-02-10T16:42:42Z
1728,LRCX,222.8889,3127501,2026-02-10T16:42:42Z,False,385152.0192,contingent_trade,222.74,222.85,,L,155,1,27161433342167,qualified_contingent_trade,regular,2026-02-10T16:42:42Z
2256,LRCX,222.8889,3125557,2026-02-10T16:42:42Z,False,502837.3584,contingent_trade,222.74,222.85,,L,155,1,27161433342161,qualified_contingent_trade,regular,2026-02-10T16:42:42Z
850,LRCX,223.4074,3106762,2026-02-10T16:41:36Z,False,189896.2900,contingent_trade,223.25,223.48,,L,5,150,27161433276650,qualified_contingent_trade,regular,2026-02-10T16:41:36Z
448,LRCX,223.4074,3105604,2026-02-10T16:41:36Z,False,100086.5152,contingent_trade,223.25,223.48,,L,5,150,27161433276646,qualified_contingent_trade,regular,2026-02-10T16:41:36Z
448,LRCX,223.4074,3104632,2026-02-10T16:41:36Z,False,100086.5152,contingent_trade,223.25,223.48,,L,5,150,27161433276640,qualified_contingent_trade,regular,2026-02-10T16:41:36Z
2250,LRCX,223.4074,3104004,2026-02-10T16:41:36Z,False,502666.6500,contingent_trade,223.25,223.48,,L,5,150,27161433276627,qualified_contingent_trade,regular,2026-02-10T16:41:36Z
1152,LRCX,223.4074,3100962,2026-02-10T16:41:36Z,False,257365.3248,contingent_trade,223.25,223.48,,L,5,150,27161433276623,qualified_contingent_trade,regular,2026-02-10T16:41:36Z
792,LRCX,223.4074,3101754,2026-02-10T16:41:36Z,False,176938.6608,contingent_trade,223.25,223.48,,L,5,150,27161433276623,qualified_contingent_trade,regular,2026-02-10T16:41:36Z
1872,LRCX,223.463,3099216,2026-02-10T16:41:36Z,False,418322.736,contingent_trade,223.25,223.48,,L,5,150,27161433276616,qualified_contingent_trade,regular,2026-02-10T16:41:36Z
572,LRCX,223.463,3099810,2026-02-10T16:41:36Z,False,127820.836,contingent_trade,223.25,223.48,,L,5,150,27161433276616,qualified_contingent_trade,regular,2026-02-10T16:41:36Z
1470,LRCX,223.2778,3093079,2026-02-10T16:41:05Z,False,328218.3660,contingent_trade,223.1,223.28,,L,6,1,27161433245085,qualified_contingent_trade,regular,2026-02-10T16:41:05Z
1008,LRCX,223.2778,3089677,2026-02-10T16:41:05Z,False,225064.0224,contingent_trade,223.1,223.28,,L,6,1,27161433245061,qualified_contingent_trade,regular,2026-02-10T16:41:05Z
1008,LRCX,223.2778,3090973,2026-02-10T16:41:05Z,False,225064.0224,contingent_trade,223.1,223.28,,L,6,1,27161433245061,qualified_contingent_trade,regular,2026-02-10T16:41:05Z
702,LRCX,223,3086524,2026-02-10T16:40:44Z,False,156546,contingent_trade,223.14,223.36,,L,66,1,27161433223996,qualified_contingent_trade,regular,2026-02-10T16:40:44Z
482,LRCX,223.4,3076415,2026-02-10T16:39:50Z,False,107678.8,,223.36,223.49,,L,100,2,27161433170630,,regular,2026-02-10T16:39:50Z
589,LRCX,223.595,3066782,2026-02-10T16:38:14Z,False,131697.455,,223.51,223.69,,L,100,60,27161433074258,,regular,2026-02-10T16:38:14Z
500,LRCX,223.8263,3031381,2026-02-10T16:36:46Z,False,111913.1500,,223.7,223.86,,L,74,1,27161432986295,,regular,2026-02-10T16:36:46Z
4450,LRCX,224.94,2974166,2026-02-10T16:31:29Z,False,1000983.00,,224.94,225.06,,L,260,101,27161432669489,,regular,2026-02-10T16:31:29Z
623,LRCX,225.17,2967192,2026-02-10T16:31:14Z,False,140280.91,,225.05,225.16,,L,266,102,27161432654647,,regular,2026-02-10T16:31:14Z
1008,LRCX,225.83,2914154,2026-02-10T16:27:00Z,False,227636.64,,225.85,225.98,,L,68,14,27161432400714,,regular,2026-02-10T16:27:00Z
1663,LRCX,225.6601,2861710,2026-02-10T16:23:09Z,False,375272.7463,,225.66,225.87,,L,10,200,27161432169748,,regular,2026-02-10T16:23:09Z
776,LRCX,226.055,2845504,2026-02-10T16:22:22Z,False,175418.680,,225.96,226.09,,L,5,200,27161432122148,,regular,2026-02-10T16:22:22Z
500,LRCX,225.36,2829805,2026-02-10T16:21:14Z,False,112680.00,,225.23,225.5,,L,318,10,27161432054210,,regular,2026-02-10T16:21:14Z
500,LRCX,225.36,2829280,2026-02-10T16:21:14Z,False,112680.00,,225.23,225.5,,L,318,10,27161432054098,,regular,2026-02-10T16:21:14Z
500,LRCX,225.36,2828749,2026-02-10T16:21:14Z,False,112680.00,,225.23,225.5,,L,318,10,27161432054091,,regular,2026-02-10T16:21:14Z
820,LRCX,225.33,2827892,2026-02-10T16:21:10Z,False,184770.60,,225.22,225.43,,L,50,100,27161432050421,,regular,2026-02-10T16:21:10Z
1000,LRCX,225.3201,2825011,2026-02-10T16:20:52Z,False,225320.1000,,225.32,225.53,,L,450,130,27161432032595,,regular,2026-02-10T16:20:52Z
3800,LRCX,225.678,2818823,2026-02-10T16:20:21Z,False,857576.400,,225.55,225.71,,L,356,110,27161432001275,,regular,2026-02-10T16:20:21Z
500,LRCX,225.68,2794164,2026-02-10T16:17:52Z,False,112840.00,,225.6,225.81,,L,110,1,27161431852686,,regular,2026-02-10T16:17:52Z
700,LRCX,225.375,2784161,2026-02-10T16:17:17Z,False,157762.500,,225.3,225.47,,L,10,220,27161431816927,,regular,2026-02-10T16:17:17Z
470,LRCX,225.205,2777714,2026-02-10T16:16:13Z,False,105846.350,,225.13,225.29,,L,2,68,27161431753724,,regular,2026-02-10T16:16:13Z
1000,LRCX,225.0528,2774472,2026-02-10T16:15:53Z,False,225052.8000,average_price_trade,225.06,225.25,,L,306,1,27161431733029,derivative_priced,regular,2026-02-10T16:15:53Z
500,LRCX,225.18,2760239,2026-02-10T16:15:02Z,False,112590.00,,225.09,225.26,,L,5,10,27161431682092,,regular,2026-02-10T16:15:02Z
603,LRCX,225.165,2758844,2026-02-10T16:14:58Z,False,135774.495,,225.05,225.2,,L,1,142,27161431677953,,regular,2026-02-10T16:14:58Z
1000,LRCX,225.6399,2748892,2026-02-10T16:13:18Z,False,225639.9000,,225.53,225.77,,L,157,260,27161431578246,,regular,2026-02-10T16:13:18Z
3800,LRCX,225.4025,2726881,2026-02-10T16:11:49Z,False,856529.5000,,225.26,225.37,,L,24,203,27161431489900,,regular,2026-02-10T16:11:49Z
652,LRCX,224.985,2703092,2026-02-10T16:10:19Z,False,146690.220,,224.9,225.14,,L,15,200,27161431399732,,regular,2026-02-10T16:10:19Z
500,LRCX,224.86,2698380,2026-02-10T16:10:06Z,False,112430.00,,224.74,224.94,,L,49,201,27161431386203,,regular,2026-02-10T16:10:06Z
500,LRCX,225.39,2686813,2026-02-10T16:09:24Z,False,112695.00,,225.26,225.48,,L,7,55,27161431344252,,regular,2026-02-10T16:09:24Z
654,LRCX,225.51,2679527,2026-02-10T16:09:00Z,False,147483.54,,225.51,225.63,,L,281,100,27161431320344,,regular,2026-02-10T16:09:00Z
500,LRCX,225.565,2678754,2026-02-10T16:08:58Z,False,112782.500,,225.5,225.63,,L,281,10,27161431317992,,regular,2026-02-10T16:08:58Z
500,LRCX,225.35,2675482,2026-02-10T16:08:45Z,False,112675.00,,225.35,225.59,,L,190,263,27161431304973,,regular,2026-02-10T16:08:45Z
500,LRCX,225.425,2672494,2026-02-10T16:08:19Z,False,112712.500,,225.27,225.58,,L,63,103,27161431279388,,regular,2026-02-10T16:08:19Z
488,LRCX,225.205,2668301,2026-02-10T16:07:43Z,False,109900.040,,225.09,225.21,,L,6,191,27161431243768,,regular,2026-02-10T16:07:43Z
1000,LRCX,224.9998,2662102,2026-02-10T16:07:06Z,False,224999.8000,average_price_trade,224.78,225.04,,L,56,10,27161431206735,,regular,2026-02-10T16:07:06Z
500,LRCX,224.91,2657612,2026-02-10T16:06:31Z,False,112455.00,,224.78,224.98,,L,34,44,27161431171896,,regular,2026-02-10T16:06:31Z
450,LRCX,225.67,2638374,2026-02-10T16:05:20Z,False,101551.50,,225.52,225.7,,L,24,10,27161431100787,,regular,2026-02-10T16:05:20Z
500,LRCX,225.835,2624883,2026-02-10T16:04:46Z,False,112917.500,,225.74,225.9,,L,6,100,27161431066866,,regular,2026-02-10T16:04:46Z
1479,LRCX,225.93,2611807,2026-02-10T16:04:25Z,False,334150.47,,225.93,226.08,,L,150,24,27161431045051,,regular,2026-02-10T16:04:25Z
1324,LRCX,225.93,2610239,2026-02-10T16:04:25Z,False,299131.32,,225.93,226.08,,L,150,24,27161431045050,,regular,2026-02-10T16:04:25Z
451,LRCX,225.67,2601942,2026-02-10T16:03:38Z,False,101777.17,,225.61,225.73,,L,60,124,27161430998771,,regular,2026-02-10T16:03:38Z
1000,LRCX,226.0999,2589682,2026-02-10T16:03:33Z,False,226099.9000,,225.88,226.07,,L,6,163,27161430993513,,regular,2026-02-10T16:03:33Z
500,LRCX,225.99,2588044,2026-02-10T16:03:25Z,False,112995.00,,225.88,226.07,,L,2,153,27161430984983,,regular,2026-02-10T16:03:25Z
500,LRCX,225.93,2584865,2026-02-10T16:03:08Z,False,112965.00,,225.82,225.9,,L,2,113,27161430968285,,regular,2026-02-10T16:03:08Z
1000,LRCX,225.6265,2371318,2026-02-10T16:02:36Z,False,225626.5000,average_price_trade,225.64,225.86,,L,56,100,27161430936012,derivative_priced,regular,2026-02-10T16:02:36Z
7310,LRCX,225.5999,2360417,2026-02-10T16:01:50Z,False,1649135.2690,,225.39,225.64,,L,60,60,27161430890452,,regular,2026-02-10T16:01:50Z
500,LRCX,225.645,2348570,2026-02-10T16:01:43Z,False,112822.500,,225.46,225.79,,L,210,109,27161430883309,,regular,2026-02-10T16:01:43Z
500,LRCX,225.235,2329056,2026-02-10T16:01:17Z,False,112617.500,,225.17,225.25,,L,50,53,27161430857859,,regular,2026-02-10T16:01:17Z
500,LRCX,225.265,2318879,2026-02-10T16:00:54Z,False,112632.500,,225.14,225.35,,L,30,60,27161430834557,,regular,2026-02-10T16:00:54Z
474,LRCX,224.095,2269179,2026-02-10T15:57:52Z,False,106221.030,,224,224.2,,L,109,10,27161430652007,,regular,2026-02-10T15:57:52Z
730,LRCX,224.125,2255175,2026-02-10T15:57:31Z,False,163611.250,,224.05,224.22,,L,130,66,27161430631890,,regular,2026-02-10T15:57:31Z
852,LRCX,224,2243680,2026-02-10T15:56:49Z,False,190848,,223.93,224.12,,L,19,1,27161430589046,,regular,2026-02-10T15:56:49Z
1400,LRCX,224,2242718,2026-02-10T15:56:49Z,False,313600,,223.93,224.12,,L,19,1,27161430589044,,regular,2026-02-10T15:56:49Z
500,LRCX,224.07,2231777,2026-02-10T15:56:35Z,False,112035.00,,223.93,224.11,,L,18,1,27161430575684,,regular,2026-02-10T15:56:35Z
500,LRCX,223.84,2218341,2026-02-10T15:56:13Z,False,111920.00,,223.84,223.91,,L,17,714,27161430553415,,regular,2026-02-10T15:56:13Z
832,LRCX,224.18,2173985,2026-02-10T15:53:31Z,False,186517.76,,224.08,224.29,,L,100,150,27161430391097,,regular,2026-02-10T15:53:31Z
801,LRCX,224.595,2132150,2026-02-10T15:51:05Z,False,179900.595,,224.47,224.72,,L,144,208,27161430245828,,regular,2026-02-10T15:51:05Z
624,LRCX,224.49,2112201,2026-02-10T15:49:48Z,False,140081.76,,224.25,224.5,,L,30,130,27161430168660,,regular,2026-02-10T15:49:48Z
700,LRCX,224,2061916,2026-02-10T15:47:12Z,False,156800,,223.97,224.05,,L,6,2,27161430012464,,regular,2026-02-10T15:47:12Z
500,LRCX,223.6,2055291,2026-02-10T15:46:28Z,False,111800.0,,223.6,223.7,,L,6,8,27161429968227,,regular,2026-02-10T15:46:28Z
744,LRCX,223.27,2029886,2026-02-10T15:44:24Z,False,166112.88,,223.27,223.45,,L,66,200,27161429844638,,regular,2026-02-10T15:44:24Z
935,LRCX,222.91,2017840,2026-02-10T15:43:06Z,False,208420.85,,222.91,223.08,,L,20,360,27161429766214,,regular,2026-02-10T15:43:06Z
500,LRCX,222.915,2003410,2026-02-10T15:41:29Z,False,111457.500,,222.8,222.97,,L,89,53,27161429669071,,regular,2026-02-10T15:41:29Z
1754,LRCX,222.915,2002887,2026-02-10T15:41:28Z,False,390992.910,,222.8,222.97,,L,89,3,27161429667972,,regular,2026-02-10T15:41:28Z
500,LRCX,222.85,1968254,2026-02-10T15:37:55Z,False,111425.00,,222.91,223.09,,L,10,10,27161429455724,,regular,2026-02-10T15:37:55Z
1100,LRCX,222.89,1961316,2026-02-10T15:37:29Z,False,245179.00,,222.9,223.03,,L,51,4,27161429429242,,regular,2026-02-10T15:37:29Z
990,LRCX,223.21,1953700,2026-02-10T15:37:05Z,False,220977.90,,223.21,223.36,,L,10,154,27161429405716,,regular,2026-02-10T15:37:05Z
1500,LRCX,222.9109,1926985,2026-02-10T15:35:07Z,False,334366.3500,,222.91,223.06,,L,6,126,27161429287068,,regular,2026-02-10T15:35:07Z
708,LRCX,223.38,1914460,2026-02-10T15:34:26Z,False,158153.04,,223.05,223.36,,L,10,160,27161429246873,,regular,2026-02-10T15:34:26Z
1590,LRCX,223.2299,1905534,2026-02-10T15:34:15Z,False,354935.5410,,223.02,223.19,,L,4,265,27161429235562,,regular,2026-02-10T15:34:15Z
500,LRCX,223.8606,1888315,2026-02-10T15:33:19Z,False,111930.3000,average_price_trade,223.14,223.33,,L,1,10,27161429179050,derivative_priced,regular,2026-02-10T15:33:19Z
708,LRCX,223.74,1858253,2026-02-10T15:30:47Z,False,158407.92,,223.64,223.84,,L,107,156,27161429027610,,regular,2026-02-10T15:30:47Z
2322,LRCX,223.6401,1856774,2026-02-10T15:30:46Z,False,519292.3122,,223.64,223.84,,L,100,75,27161429026519,,regular,2026-02-10T15:30:46Z
800,LRCX,223.42,1848740,2026-02-10T15:30:43Z,False,178736.00,,223.42,223.67,,L,25,160,27161429022994,,regular,2026-02-10T15:30:43Z
4800,LRCX,223.42,1847689,2026-02-10T15:30:42Z,False,1072416.00,,223.42,223.67,,L,25,160,27161429022524,,regular,2026-02-10T15:30:42Z
500,LRCX,223.545,1842639,2026-02-10T15:30:42Z,False,111772.500,,223.42,223.67,,L,75,46,27161429022100,,regular,2026-02-10T15:30:42Z
700,LRCX,223.53,1840644,2026-02-10T15:30:36Z,False,156471.00,,223.41,223.65,,L,60,200,27161429016112,,regular,2026-02-10T15:30:36Z
1000,LRCX,223.41,1838954,2026-02-10T15:30:33Z,False,223410.00,,223.41,223.65,,L,26,100,27161429013011,,regular,2026-02-10T15:30:33Z
2400,LRCX,223.41,1837954,2026-02-10T15:30:33Z,False,536184.00,,223.41,223.65,,L,26,100,27161429013010,,regular,2026-02-10T15:30:33Z
500,LRCX,223.535,1835435,2026-02-10T15:30:32Z,False,111767.500,,223.41,223.66,,L,41,100,27161429012421,,regular,2026-02-10T15:30:32Z
500,LRCX,223.515,1833110,2026-02-10T15:30:28Z,False,111757.500,,223.38,223.57,,L,6,200,27161429008716,,regular,2026-02-10T15:30:28Z
479,LRCX,223.685,1830287,2026-02-10T15:30:27Z,False,107145.115,,223.52,223.71,,L,56,6,27161429007541,,regular,2026-02-10T15:30:27Z
1100,LRCX,223.64,1819028,2026-02-10T15:30:07Z,False,246004.00,,223.65,223.82,,L,1,100,27161428987060,,regular,2026-02-10T15:30:07Z
600,LRCX,223.8084,1809865,2026-02-10T15:29:53Z,False,134285.0400,,223.68,223.98,,L,110,10,27161428973468,,regular,2026-02-10T15:29:53Z
940,LRCX,224.0401,1794311,2026-02-10T15:29:06Z,False,210597.6940,,224.02,224.26,,L,6,80,27161428926223,,regular,2026-02-10T15:29:06Z
800,LRCX,224.275,1776037,2026-02-10T15:28:23Z,False,179420.000,,224.18,224.37,,L,100,203,27161428883046,,regular,2026-02-10T15:28:23Z
500,LRCX,224.11,1768012,2026-02-10T15:28:18Z,False,112055.00,,224.16,224.28,,L,18,108,27161428877984,,regular,2026-02-10T15:28:18Z
500,LRCX,224.1485,1748490,2026-02-10T15:27:42Z,False,112074.2500,average_price_trade,224,224.19,,L,100,1,27161428842666,derivative_priced,regular,2026-02-10T15:27:42Z
1100,LRCX,223.8299,1737287,2026-02-10T15:26:05Z,False,246212.8900,,223.63,223.83,,L,100,102,27161428745405,,regular,2026-02-10T15:26:05Z
3097,LRCX,223.6999,1728269,2026-02-10T15:25:13Z,False,692798.5903,,223.41,223.69,,L,10,112,27161428693152,,regular,2026-02-10T15:25:13Z
500,LRCX,223.41,1721300,2026-02-10T15:24:57Z,False,111705.00,,223.34,223.58,,L,200,10,27161428677403,,regular,2026-02-10T15:24:57Z
1096,LRCX,223.52,1716564,2026-02-10T15:24:14Z,False,244977.92,,223.7,223.91,,L,310,5,27161428634845,,regular,2026-02-10T15:24:14Z
1478,LRCX,223.939,1711255,2026-02-10T15:24:08Z,False,330981.842,,224,224.12,,L,1,111,27161428628750,,regular,2026-02-10T15:24:08Z
500,LRCX,224.27,1702518,2026-02-10T15:23:57Z,False,112135.00,,224.17,224.37,,L,200,502,27161428616993,,regular,2026-02-10T15:23:57Z
500,LRCX,224.205,1698102,2026-02-10T15:23:48Z,False,112102.500,,224.08,224.32,,L,60,111,27161428608475,,regular,2026-02-10T15:23:48Z
1000,LRCX,224.1824,1685591,2026-02-10T15:23:16Z,False,224182.4000,,224.18,224.42,,L,10,100,27161428576332,,regular,2026-02-10T15:23:16Z
600,LRCX,223.6971,1683771,2026-02-10T15:23:14Z,False,134218.2600,average_price_trade,224.46,224.59,,L,6,2,27161428574548,derivative_priced,regular,2026-02-10T15:23:14Z
758,LRCX,224.965,1674633,2026-02-10T15:22:19Z,False,170523.470,,224.88,225.14,,L,100,10,27161428519171,,regular,2026-02-10T15:22:19Z
500,LRCX,224.835,1666022,2026-02-10T15:21:49Z,False,112417.500,,224.7,224.97,,L,210,199,27161428488998,,regular,2026-02-10T15:21:49Z
600,LRCX,225.1399,1662786,2026-02-10T15:21:37Z,False,135083.9400,,224.9,225.14,,L,201,258,27161428477098,,regular,2026-02-10T15:21:37Z
500,LRCX,224.605,1638214,2026-02-10T15:19:39Z,False,112302.500,,224.46,224.68,,L,11,164,27161428359053,,regular,2026-02-10T15:19:39Z
500,LRCX,224.5,1636820,2026-02-10T15:19:36Z,False,112250.0,,224.45,224.68,,L,11,50,27161428356860,,regular,2026-02-10T15:19:36Z
988,LRCX,224.3101,1626385,2026-02-10T15:18:49Z,False,221618.3788,,224.34,224.57,,L,6,16,27161428309122,,regular,2026-02-10T15:18:49Z
500,LRCX,223.675,1609525,2026-02-10T15:18:12Z,False,111837.500,,223.56,223.76,,L,24,330,27161428272083,,regular,2026-02-10T15:18:12Z
500,LRCX,223.675,1609025,2026-02-10T15:18:12Z,False,111837.500,,223.56,223.76,,L,24,330,27161428272077,,regular,2026-02-10T15:18:12Z
500,LRCX,223.75,1605464,2026-02-10T15:18:00Z,False,111875.00,,223.65,223.85,,L,110,103,27161428260400,,regular,2026-02-10T15:18:00Z
500,LRCX,223.75,1604364,2026-02-10T15:18:00Z,False,111875.00,,223.65,223.85,,L,110,103,27161428260391,,regular,2026-02-10T15:18:00Z
500,LRCX,223.75,1603649,2026-02-10T15:17:57Z,False,111875.00,,223.65,223.85,,L,110,100,27161428256993,,regular,2026-02-10T15:17:57Z
500,LRCX,223.56,1601539,2026-02-10T15:17:50Z,False,111780.00,,223.51,223.64,,L,173,20,27161428250836,,regular,2026-02-10T15:17:50Z
500,LRCX,223.6,1599526,2026-02-10T15:17:46Z,False,111800.0,,223.36,223.5,,L,50,100,27161428245957,,regular,2026-02-10T15:17:46Z
2011,LRCX,223.55,1597645,2026-02-10T15:17:45Z,False,449559.05,,223.36,223.5,,L,50,100,27161428245851,,regular,2026-02-10T15:17:45Z
500,LRCX,223.34,1581474,2026-02-10T15:16:52Z,False,111670.00,,223.26,223.51,,L,10,10,27161428192536,,regular,2026-02-10T15:16:52Z
501,LRCX,222.9324,1573067,2026-02-10T15:15:53Z,False,111689.1324,average_price_trade,222.74,223.01,,L,84,10,27161428133539,,regular,2026-02-10T15:15:53Z
782,LRCX,223,1572160,2026-02-10T15:15:48Z,False,174386,,222.72,222.96,,2,35,60,27161428128140,,regular,2026-02-10T15:15:48Z
980,LRCX,223.05,1571089,2026-02-10T15:15:48Z,False,218589.00,,222.72,222.96,,L,35,60,27161428128117,,regular,2026-02-10T15:15:48Z
724,LRCX,223.26,1565209,2026-02-10T15:15:14Z,False,161640.24,,222.91,223.11,,L,51,70,27161428094063,,regular,2026-02-10T15:15:14Z
6000,LRCX,223.25,1555455,2026-02-10T15:14:56Z,False,1339500.00,,223.13,223.25,,L,100,20,27161428075933,,regular,2026-02-10T15:14:56Z
500,LRCX,223.4898,1537097,2026-02-10T15:14:13Z,False,111744.9000,average_price_trade,222.87,223.13,,L,10,180,27161428033020,derivative_priced,regular,2026-02-10T15:14:13Z
750,LRCX,222.51,1534294,2026-02-10T15:14:06Z,False,166882.50,,222.52,222.81,,L,10,10,27161428026200,,regular,2026-02-10T15:14:06Z
7200,LRCX,222.3901,1530030,2026-02-10T15:14:01Z,False,1601208.7200,,222.38,222.64,,L,6,10,27161428021897,,regular,2026-02-10T15:14:01Z
1000,LRCX,223.03,1510300,2026-02-10T15:13:17Z,False,223030.00,,223.04,223.21,,L,50,1,27161427977444,,regular,2026-02-10T15:13:17Z
2300,LRCX,223.74,1501800,2026-02-10T15:13:03Z,False,514602.00,,223.72,223.82,,L,6,11,27161427963125,,regular,2026-02-10T15:13:03Z
1417,LRCX,223.4565,1490846,2026-02-10T15:12:58Z,False,316637.8605,,223.33,223.55,,L,20,203,27161427958255,,regular,2026-02-10T15:12:58Z
479,LRCX,223.6725,1481241,2026-02-10T15:12:21Z,False,107139.1275,average_price_trade,223.23,223.35,,L,43,3,27161427921151,derivative_priced,regular,2026-02-10T15:12:21Z
500,LRCX,223.42,1456288,2026-02-10T15:10:39Z,False,111710.00,,223.29,223.57,,L,116,10,27161427819236,,regular,2026-02-10T15:10:39Z
460,LRCX,223.835,1450022,2026-02-10T15:10:20Z,False,102964.100,,223.83,223.93,,L,53,303,27161427800679,,regular,2026-02-10T15:10:20Z
1032,LRCX,223.81,1433147,2026-02-10T15:09:21Z,False,230971.92,,223.79,223.9,,L,56,100,27161427741534,,regular,2026-02-10T15:09:21Z
2191,LRCX,224.04,1418765,2026-02-10T15:08:17Z,False,490871.64,,223.81,224.02,,L,66,1,27161427677060,,regular,2026-02-10T15:08:17Z
600,LRCX,224,1414657,2026-02-10T15:08:01Z,False,134400,,223.87,224.15,,L,156,10,27161427661261,,regular,2026-02-10T15:08:01Z
980,LRCX,224.11,1411808,2026-02-10T15:07:57Z,False,219627.80,,223.86,224.06,,L,56,100,27161427657079,,regular,2026-02-10T15:07:57Z
771,LRCX,224.07,1410728,2026-02-10T15:07:57Z,False,172757.97,,223.86,224.06,,L,56,100,27161427657078,,regular,2026-02-10T15:07:57Z
700,LRCX,223.5196,1405297,2026-02-10T15:07:17Z,False,156463.7200,average_price_trade,223.74,223.94,,L,5,20,27161427617886,derivative_priced,regular,2026-02-10T15:07:17Z
1000,LRCX,223.5621,1386725,2026-02-10T15:06:20Z,False,223562.1000,average_price_trade,223.49,223.77,,L,39,10,27161427560704,,regular,2026-02-10T15:06:20Z
775,LRCX,223.5668,1377449,2026-02-10T15:05:25Z,False,173264.2700,,223.4,223.74,,L,86,64,27161427505002,,regular,2026-02-10T15:05:25Z
500,LRCX,222.93,1355816,2026-02-10T15:04:45Z,False,111465.00,,222.83,223,,L,25,6,27161427465788,,regular,2026-02-10T15:04:45Z
500,LRCX,223.12,1351488,2026-02-10T15:04:32Z,False,111560.00,,222.98,223.22,,L,60,30,27161427452271,,regular,2026-02-10T15:04:32Z
500,LRCX,223.3357,1337266,2026-02-10T15:03:43Z,False,111667.8500,,223.4,223.52,,L,5,1,27161427403154,,regular,2026-02-10T15:03:43Z
757,LRCX,223.5,1335565,2026-02-10T15:03:37Z,False,169189.5,,223.49,223.59,,L,2,102,27161427397656,,regular,2026-02-10T15:03:37Z
800,LRCX,223.55,1332798,2026-02-10T15:03:23Z,False,178840.00,,223.49,223.7,,L,72,100,27161427382959,,regular,2026-02-10T15:03:23Z
500,LRCX,223.665,1327733,2026-02-10T15:03:08Z,False,111832.500,,223.57,223.72,,L,4,92,27161427368591,,regular,2026-02-10T15:03:08Z
690,LRCX,223.655,1311501,2026-02-10T15:02:32Z,False,154321.950,,223.53,223.79,,L,160,10,27161427332657,,regular,2026-02-10T15:02:32Z
1000,LRCX,223.74,1306729,2026-02-10T15:02:16Z,False,223740.00,,223.62,223.86,,L,100,332,27161427316683,,regular,2026-02-10T15:02:16Z
500,LRCX,223.655,1304779,2026-02-10T15:02:10Z,False,111827.500,,223.67,223.86,,L,100,344,27161427310747,,regular,2026-02-10T15:02:10Z
621,LRCX,223.77,1301579,2026-02-10T15:02:08Z,False,138961.17,,223.67,223.85,,L,50,150,27161427308155,,regular,2026-02-10T15:02:08Z
500,LRCX,223.335,1292082,2026-02-10T15:02:00Z,False,111667.500,,223.19,223.47,,L,6,1592,27161427300071,,regular,2026-02-10T15:02:00Z
500,LRCX,223.4626,1288313,2026-02-10T15:01:38Z,False,111731.3000,,223.17,223.41,,L,20,474,27161427278184,,regular,2026-02-10T15:01:38Z
676,LRCX,223.11,1279059,2026-02-10T15:01:30Z,False,150822.36,,223.09,223.24,,L,2005,100,27161427270627,,regular,2026-02-10T15:01:30Z
500,LRCX,223.7229,1275367,2026-02-10T15:01:30Z,False,111861.4500,average_price_trade,223.09,223.24,,L,2005,100,27161427270578,derivative_priced,regular,2026-02-10T15:01:30Z
703,LRCX,223.17,1267661,2026-02-10T15:01:14Z,False,156888.51,,223.18,223.36,,L,6,54,27161427254172,,regular,2026-02-10T15:01:14Z
1115,LRCX,223.4299,1260881,2026-02-10T15:01:10Z,False,249124.3385,,223.21,223.43,,L,160,61,27161427250185,,regular,2026-02-10T15:01:10Z
500,LRCX,223.32,1259494,2026-02-10T15:01:04Z,False,111660.00,,223.19,223.43,,L,160,389,27161427244207,,regular,2026-02-10T15:01:04Z
743,LRCX,223.305,1243676,2026-02-10T15:00:22Z,False,165915.615,,223.27,223.54,,L,10,10,27161427201996,,regular,2026-02-10T15:00:22Z
1000,LRCX,223.4999,1233908,2026-02-10T14:59:58Z,False,223499.9000,,223.19,223.48,,L,56,100,27161427177953,,regular,2026-02-10T14:59:58Z
