size,ticker,price,volume,executed_at,premium,canceled,sale_cond_codes,nbbo_ask,nbbo_bid,ext_hour_sold_codes,market_center,nbbo_ask_quantity,nbbo_bid_quantity,tracking_id,trade_code,trade_settlement,trf_executed_at
8000,LYFT,13.10,87700190,2025-02-12T21:46:39Z,104800.00,False,,13.11,13.09,extended_hours_trade,L,300,500,60399416247292,,,
34560,LYFT,13.25,87614187,2025-02-12T21:25:48Z,457920.00,False,average_price_trade,13.13,13.10,extended_hours_trade,L,100,125,59148360545510,,,
22329,LYFT,13.25,87577730,2025-02-12T21:25:18Z,295859.25,False,average_price_trade,13.15,13.10,extended_hours_trade,L,10,125,59118029971485,,,
346808,LYFT,13.25,87524613,2025-02-12T21:20:00Z,4595206.00,False,prior_reference_price,13.17,13.11,extended_hours_trade,L,100,4453,58800336043338,,,
55389,LYFT,13.11,87174407,2025-02-12T21:18:24Z,726149.79,False,,13.17,13.12,extended_hours_trade,L,100,10,58704233474864,,,
406802,LYFT,13.37,87090617,2025-02-12T21:11:18Z,5438942.74,False,average_price_trade,13.18,13.15,extended_hours_trade,L,100,100,58278507403422,,,
96725,LYFT,13.20,86936446,2025-02-12T21:00:29Z,1276770.00,False,,13.14,13.13,extended_hours_trade_late_or_out_of_sequence,L,6600,256,57629961350747,,,
9800,LYFT,13.2509,84694964,2025-02-12T20:59:59Z,129858.8200,False,,13.26,13.25,,L,13855,11011,57599155324192,,,
8964,LYFT,13.25,84630099,2025-02-12T20:59:55Z,118773.00,False,,13.26,13.25,,L,5718,30245,57595390665430,,,
9800,LYFT,13.255,84615398,2025-02-12T20:59:55Z,129899.000,False,,13.26,13.25,,L,15636,7300,57595305190990,,,
37000,LYFT,13.255,84553174,2025-02-12T20:59:53Z,490435.000,False,,13.25,13.24,,L,3365,30113,57593029173647,,,
8800,LYFT,13.2014,84056069,2025-02-12T20:59:29Z,116172.3200,False,,13.21,13.20,,L,121180,150819,57569678563620,,,
19424,LYFT,13.2006,83707496,2025-02-12T20:59:00Z,256408.4544,False,,13.21,13.20,,L,91637,29859,57540369105168,,,
11232,LYFT,13.2006,83680397,2025-02-12T20:59:00Z,148269.1392,False,,13.21,13.20,,L,91637,29859,57540368401500,,,
17049,LYFT,13.19,83469028,2025-02-12T20:58:43Z,224876.31,False,,13.19,13.18,,L,14409,9100,57523153631722,,,
11366,LYFT,13.1891,83444113,2025-02-12T20:58:41Z,149907.3106,False,,13.19,13.18,,L,9509,7800,57521674084183,,,
10000,LYFT,13.1801,82885666,2025-02-12T20:58:14Z,131801.0000,False,,13.20,13.19,,L,20418,16220,57494994955143,,,
10000,LYFT,13.191,82830705,2025-02-12T20:58:14Z,131910.000,False,,13.20,13.19,,L,20418,16220,57494915116844,,,
10000,LYFT,13.191,82820705,2025-02-12T20:58:14Z,131910.000,False,,13.20,13.19,,L,20418,16220,57494674645113,,,
10000,LYFT,13.191,82795262,2025-02-12T20:58:11Z,131910.000,False,,13.20,13.19,,L,19966,15531,57491650654884,,,
10000,LYFT,13.191,82783638,2025-02-12T20:58:11Z,131910.000,False,,13.20,13.19,,L,19966,15531,57491494597943,,,
10000,LYFT,13.191,82770877,2025-02-12T20:58:11Z,131910.000,False,,13.20,13.19,,L,20344,15421,57491010576235,,,
9185,LYFT,13.199,82674761,2025-02-12T20:57:58Z,121232.815,False,,13.21,13.19,,L,8425,13929,57478586306581,,,
30000,LYFT,13.2299,82550624,2025-02-12T20:57:50Z,396897.0000,False,,13.23,13.22,,L,16080,35168,57470580809070,,,
7600,LYFT,13.26,82464224,2025-02-12T20:57:38Z,100776.00,False,,13.27,13.26,,L,25987,46588,57458485192148,,,
9000,LYFT,13.261,82378735,2025-02-12T20:57:38Z,119349.000,False,,13.27,13.26,,L,25987,46588,57458300329558,,,
46909,LYFT,13.24,81891318,2025-02-12T20:56:31Z,621075.16,False,,13.25,13.24,,L,8031,8081,57391772813203,,,
7600,LYFT,13.2301,81566410,2025-02-12T20:56:09Z,100548.7600,False,,13.23,13.22,,L,1871,13242,57369974084309,,,
9000,LYFT,13.2349,81558410,2025-02-12T20:56:09Z,119114.1000,False,,13.23,13.22,,L,1871,13242,57369884413763,,,
10000,LYFT,13.19,80858387,2025-02-12T20:55:36Z,131900.00,False,,13.20,13.19,,L,12999,32912,57336855006487,,,
11594,LYFT,13.1901,80869981,2025-02-12T20:55:36Z,152926.0194,False,,13.20,13.19,,L,12999,32912,57336855238838,,,
15000,LYFT,13.1909,80842697,2025-02-12T20:55:32Z,197863.5000,False,,13.20,13.19,,L,13193,33012,57332209513007,,,
9000,LYFT,13.2299,80096559,2025-02-12T20:54:44Z,119069.1000,False,,13.23,13.22,,L,7473,745,57284625486024,,,
19300,LYFT,13.23,80014232,2025-02-12T20:54:43Z,255339.00,False,,13.25,13.24,,L,93943,4519,57283238278592,,,
11596,LYFT,13.321,79379137,2025-02-12T20:52:07Z,154470.316,False,,13.33,13.32,,L,8948,29269,57127230390320,,,
100000,LYFT,13.33,79355004,2025-02-12T20:52:04Z,1333000.00,False,,13.33,13.32,,L,7848,29269,57124857790389,,,
10115,LYFT,13.3403,79083748,2025-02-12T20:51:14Z,134937.1345,False,,13.35,13.34,,L,7137,19980,57074556781413,,,
9800,LYFT,13.355,79025215,2025-02-12T20:50:49Z,130879.000,False,,13.36,13.35,,L,7129,7312,57049160510049,,,
9800,LYFT,13.3509,79015341,2025-02-12T20:50:49Z,130838.8200,False,,13.36,13.35,,L,7129,7312,57049121548816,,,
9800,LYFT,13.335,78919087,2025-02-12T20:50:30Z,130683.000,False,,13.34,13.33,,L,10580,11515,57030620076714,,,
23000,LYFT,13.33,78902297,2025-02-12T20:50:28Z,306590.00,False,,13.34,13.33,,L,4699,8406,57028060174745,,,
8513,LYFT,13.3288,78831107,2025-02-12T20:50:18Z,113468.0744,False,,13.33,13.32,,L,4810,8284,57018167274155,,,
8500,LYFT,13.275,78450014,2025-02-12T20:49:56Z,112837.500,False,,13.28,13.27,,L,19651,7538,56996385169758,,,
9800,LYFT,13.275,78430211,2025-02-12T20:49:55Z,130095.000,False,,13.28,13.27,,L,19050,7438,56995238089095,,,
7811,LYFT,13.2785,78419322,2025-02-12T20:49:54Z,103718.3635,False,,13.28,13.27,,L,26388,7438,56994484952166,,,
9800,LYFT,13.275,78395481,2025-02-12T20:49:54Z,130095.000,False,,13.28,13.27,,L,22450,7438,56994295863539,,,
56600,LYFT,13.2801,78326741,2025-02-12T20:49:37Z,751653.6600,False,,13.29,13.28,,L,77019,6,56977800453039,,,
25000,LYFT,13.2899,78218247,2025-02-12T20:49:19Z,332247.5000,False,,13.29,13.28,,L,9082,8393,56959240958667,,,
15000,LYFT,13.2801,78176435,2025-02-12T20:49:03Z,199201.5000,False,,13.29,13.28,,L,14852,7689,56943304772063,,,
15000,LYFT,13.3197,77728565,2025-02-12T20:45:40Z,199795.5000,False,,13.32,13.31,,L,3748,3840,56740503286100,,,
8000,LYFT,13.3038,77498837,2025-02-12T20:44:51Z,106430.4000,False,,13.31,13.30,,L,13918,9440,56691637586180,,,
93198,LYFT,13.37,77106199,2025-02-12T20:43:29Z,1246057.26,False,,13.37,13.36,,L,5720,2603,56609388988196,,,
406802,LYFT,13.37,77011829,2025-02-12T20:43:29Z,5438942.74,True,,13.37,13.36,,L,3792,403,56609356614684,,,
10006,LYFT,13.39,76377170,2025-02-12T20:43:04Z,133980.34,False,,13.39,13.38,,L,10015,7918,56584183594586,,,
8958,LYFT,13.40,76322547,2025-02-12T20:43:03Z,120037.20,False,,13.42,13.41,,L,11278,2227,56583439108351,,,
10900,LYFT,13.5209,76159919,2025-02-12T20:41:10Z,147377.8100,False,average_price_trade,13.45,13.44,,L,8376,5704,56470626268176,derivative_priced,,
20100,LYFT,13.45,76133843,2025-02-12T20:40:34Z,270345.00,False,,13.46,13.45,,L,13056,6336,56434984769857,,,
7584,LYFT,13.48,75953084,2025-02-12T20:38:15Z,102232.32,False,,13.48,13.47,,L,1867,5270,56295783117910,,,
7583,LYFT,13.47,75939053,2025-02-12T20:38:15Z,102143.01,False,,13.47,13.46,,L,4004,7090,56295218857589,,,
10000,LYFT,13.499,75869995,2025-02-12T20:37:33Z,134990.000,False,,13.50,13.49,,L,6759,1817,56253136149113,,,
10000,LYFT,13.6309,75024808,2025-02-12T20:28:28Z,136309.0000,False,,13.64,13.63,,L,3444,5820,55708669445832,,,
10000,LYFT,13.6199,74954583,2025-02-12T20:28:01Z,136199.0000,False,,13.62,13.61,,L,8047,8700,55681450305015,,,
7400,LYFT,13.615,74943949,2025-02-12T20:27:58Z,100751.000,False,,13.62,13.61,,L,7947,8700,55678698897247,,,
92600,LYFT,13.60,74821130,2025-02-12T20:27:32Z,1259360.00,False,,13.60,13.59,,L,6323,3200,55652821778464,intermarket_sweep,,
8000,LYFT,13.62,74619075,2025-02-12T20:27:20Z,108960.00,False,,13.62,13.61,,L,6695,1628,55640847207337,,,
19400,LYFT,13.63,74455463,2025-02-12T20:25:57Z,264422.00,False,,13.63,13.62,,L,6219,13384,55557672060300,,,
15000,LYFT,13.6298,73639429,2025-02-12T20:19:02Z,204447.0000,False,,13.63,13.62,,L,4942,7910,55142032045658,,,
7647,LYFT,13.60,73577834,2025-02-12T20:18:36Z,103999.20,False,,13.60,13.59,,L,4400,2645,55116546744908,,,
8000,LYFT,13.541,72692807,2025-02-12T20:07:06Z,108328.000,False,,13.55,13.54,,L,23074,1842,54426610159656,,,
13750,LYFT,13.55,72545257,2025-02-12T20:05:31Z,186312.50,False,,13.55,13.54,,L,2011,3900,54331501067560,,,
8205,LYFT,13.5377,72488545,2025-02-12T20:05:09Z,111076.8285,False,,13.54,13.53,,L,200,3301,54309915017959,,,
11892,LYFT,13.54,72156257,2025-02-12T20:00:38Z,161017.68,False,,13.54,13.53,,L,2939,1494,54038164431095,,,
39042,LYFT,13.46,71857679,2025-02-12T19:58:09Z,525505.32,False,,13.46,13.45,,L,2128,2554,53889857274695,,,
10000,LYFT,13.48,71684957,2025-02-12T19:57:00Z,134800.00,False,,13.49,13.48,,L,5098,410,53820734328990,,,
11550,LYFT,13.47,71508123,2025-02-12T19:54:52Z,155578.50,False,,13.48,13.47,,L,1000,1087,53692859034696,,,
36982,LYFT,13.52,71431565,2025-02-12T19:54:05Z,499996.64,False,,13.52,13.51,,L,4022,600,53645672822750,,,
9000,LYFT,13.5401,71309298,2025-02-12T19:53:27Z,121860.9000,False,,13.55,13.54,,L,3465,3328,53607519266150,,,
14269,LYFT,13.5001,70090075,2025-02-12T19:36:46Z,192632.9269,False,,13.51,13.50,,L,4856,1644,52606076730634,,,
14500,LYFT,13.47,69491789,2025-02-12T19:26:31Z,195315.00,False,,13.48,13.47,,L,1754,3138,51991107471348,,,
15000,LYFT,13.51,69313851,2025-02-12T19:23:19Z,202650.00,False,,13.51,13.50,,L,2408,801,51799328795155,,,
9000,LYFT,13.515,69258764,2025-02-12T19:22:28Z,121635.000,False,,13.52,13.51,,L,3654,2481,51748601340839,,,
10000,LYFT,13.4906,69173459,2025-02-12T19:21:22Z,134906.0000,False,,13.50,13.49,,L,2301,4085,51682045571514,,,
9000,LYFT,13.4699,68994798,2025-02-12T19:20:18Z,121229.1000,False,,13.47,13.46,,L,12158,3000,51618001343463,,,
7800,LYFT,13.4749,68978462,2025-02-12T19:20:07Z,105104.2200,False,,13.48,13.47,,L,10856,1920,51607831028446,,,
10000,LYFT,13.5509,68811148,2025-02-12T19:17:38Z,135509.0000,False,,13.56,13.55,,L,4874,6849,51458226384094,,,
10000,LYFT,13.5599,68799880,2025-02-12T19:17:35Z,135599.0000,False,,13.56,13.55,,L,4474,6649,51455025264695,,,
8635,LYFT,13.5609,68753449,2025-02-12T19:16:39Z,117098.3715,False,,13.57,13.56,,L,4349,2725,51399121530212,,,
13000,LYFT,13.5701,68479093,2025-02-12T19:13:31Z,176411.3000,False,,13.58,13.57,,L,2338,2310,51211199370274,,,
10000,LYFT,13.5401,68157696,2025-02-12T19:11:15Z,135401.0000,False,,13.55,13.54,,L,5832,582,51075165662135,,,
20400,LYFT,13.4601,67956566,2025-02-12T19:09:55Z,274586.0400,False,,13.47,13.46,,L,11565,9546,50995284992184,,,
12000,LYFT,13.4499,67738295,2025-02-12T19:08:02Z,161398.8000,False,,13.45,13.44,,L,2636,2826,50882406730254,,,
7863,LYFT,13.47,67586264,2025-02-12T19:06:13Z,105914.61,False,,13.47,13.46,,L,3855,1700,50773321295975,,,
11000,LYFT,13.4601,67326196,2025-02-12T19:03:16Z,148061.1000,False,,13.47,13.46,,L,1741,1618,50596828736868,,,
24950,LYFT,13.48,67186344,2025-02-12T19:01:49Z,336326.00,False,,13.47,13.46,,L,1500,1700,50509886348512,,,
7873,LYFT,13.48,67161102,2025-02-12T19:01:49Z,106128.04,False,,13.47,13.46,,L,1500,1700,50509883665934,,,
23303,LYFT,13.4799,67106371,2025-02-12T19:01:35Z,314122.1097,False,,13.45,13.44,,L,3731,300,50495438744971,,,
11300,LYFT,13.43,66998684,2025-02-12T19:01:06Z,151759.00,False,,13.43,13.42,,L,26900,1516,50466846959530,,,
15200,LYFT,13.43,66838296,2025-02-12T19:00:13Z,204136.00,False,,13.43,13.42,,L,6400,218,50413667213225,,,
9000,LYFT,13.4201,66569469,2025-02-12T18:55:55Z,120780.9000,False,,13.43,13.42,,L,804,1800,50155698895985,,,
10562,LYFT,13.57,66291011,2025-02-12T18:50:32Z,143326.34,False,,13.56,13.55,,L,3200,4185,49832153642465,,,
12041,LYFT,13.555,65859667,2025-02-12T18:46:23Z,163215.755,False,,13.56,13.55,,L,929,2400,49583289299906,,,
10000,LYFT,13.49,65603943,2025-02-12T18:45:35Z,134900.00,False,,13.48,13.47,,L,200,2784,49535957061943,,,
17849,LYFT,13.41,65456207,2025-02-12T18:44:54Z,239355.09,False,,13.42,13.41,,L,1700,1580,49494533909977,,,
34200,LYFT,13.4302,65344905,2025-02-12T18:44:02Z,459312.8400,False,,13.44,13.43,,L,2020,3463,49442002802680,,,
11895,LYFT,13.4492,65135186,2025-02-12T18:42:04Z,159978.2340,False,,13.45,13.44,,L,5456,2802,49324349506912,,,
15000,LYFT,13.5201,64672938,2025-02-12T18:38:43Z,202801.5000,False,,13.53,13.52,,L,1420,10400,49123407232370,,,
12500,LYFT,13.49,64432184,2025-02-12T18:37:23Z,168625.00,False,,13.51,13.50,,L,2960,2065,49043194580028,,,
8000,LYFT,13.5349,64359936,2025-02-12T18:36:58Z,108279.2000,False,,13.54,13.53,,L,11898,11501,49018563996319,,,
10000,LYFT,13.57,64295193,2025-02-12T18:36:41Z,135700.00,False,,13.59,13.58,,L,2421,489,49001579475214,,,
12000,LYFT,13.6299,64218409,2025-02-12T18:36:26Z,163558.8000,False,,13.63,13.62,,L,6796,14096,48986618407825,,,
142582,LYFT,13.61,64063206,2025-02-12T18:35:12Z,1940541.02,False,,13.61,13.60,,L,6429,6041,48912791000224,,,
10000,LYFT,13.6196,63778111,2025-02-12T18:33:49Z,136196.0000,False,,13.62,13.61,,L,3519,2000,48829484227048,,,
23509,LYFT,13.56,63447811,2025-02-12T18:32:57Z,318782.04,False,,13.57,13.56,,L,1800,3596,48777838109246,,,
9796,LYFT,13.55,63279810,2025-02-12T18:31:43Z,132735.80,False,,13.55,13.54,,L,2357,2300,48703587007531,,,
27500,LYFT,13.54,63267930,2025-02-12T18:31:41Z,372350.00,False,,13.55,13.54,,L,898,3393,48701534645907,,,
10094,LYFT,13.5209,63173423,2025-02-12T18:31:31Z,136479.9646,False,,13.53,13.52,,L,1873,8197,48691353220512,,,
7800,LYFT,13.53,63125986,2025-02-12T18:31:21Z,105534.00,False,,13.53,13.52,,L,1823,2397,48681161790329,,,
17800,LYFT,13.50,62832610,2025-02-12T18:29:22Z,240300.00,False,,13.50,13.49,,L,13483,3726,48562891600743,,,
10000,LYFT,13.499,62794175,2025-02-12T18:29:22Z,134990.000,False,,13.50,13.49,,L,13483,3726,48562887083170,,,
9000,LYFT,13.4998,62766050,2025-02-12T18:29:12Z,121498.2000,False,,13.50,13.49,,L,10508,2402,48552091969687,,,
40000,LYFT,13.51,62725659,2025-02-12T18:29:03Z,540400.00,False,,13.52,13.51,,L,8501,101,48543068428088,,,
9478,LYFT,13.64,62241884,2025-02-12T18:25:46Z,129279.92,False,,13.65,13.64,,L,2578,2400,48346951501342,,,
96000,LYFT,13.60,62178409,2025-02-12T18:25:19Z,1305600.00,False,,13.62,13.61,,L,2300,1705,48319893818019,intermarket_sweep,,
10000,LYFT,13.62,62058871,2025-02-12T18:25:17Z,136200.00,False,,13.62,13.61,,L,2200,3127,48317822715105,,,
9100,LYFT,13.62,62047368,2025-02-12T18:25:17Z,123942.00,False,,13.62,13.61,,L,3900,3127,48317814802986,,,
7827,LYFT,13.62,62024084,2025-02-12T18:25:17Z,106603.74,False,,13.62,13.61,,L,3900,3127,48317812189427,,,
18341,LYFT,13.63,61954314,2025-02-12T18:24:38Z,249987.83,False,,13.63,13.62,,L,3109,1700,48278023505077,,,
9000,LYFT,13.5803,61802748,2025-02-12T18:24:20Z,122222.7000,False,,13.59,13.58,,L,7398,3111,48260134667077,,,
10818,LYFT,13.62,61685060,2025-02-12T18:23:52Z,147341.16,False,,13.65,13.64,,L,5358,2000,48232164236557,,,
8000,LYFT,13.70,61531853,2025-02-12T18:23:20Z,109600.00,False,,13.71,13.70,,L,12098,9491,48200445577879,,,
7485,LYFT,13.705,61462923,2025-02-12T18:22:58Z,102581.925,False,,13.71,13.70,,L,10377,4885,48178337582292,,,
10000,LYFT,13.70,61449845,2025-02-12T18:22:55Z,137000.00,False,,13.72,13.71,,L,9604,100,48175366931436,,,
7600,LYFT,13.78,61218187,2025-02-12T18:19:42Z,104728.00,False,,13.79,13.78,,L,3417,1196,47982331603600,,,
10000,LYFT,13.7998,61129440,2025-02-12T18:18:41Z,137998.0000,False,,13.80,13.79,,L,1375,8508,47921983265020,,,
100000,LYFT,13.80,61085518,2025-02-12T18:18:12Z,1380000.00,False,,13.80,13.79,,L,2300,2400,47892443900761,,,
7984,LYFT,13.77,60927081,2025-02-12T18:17:58Z,109939.68,False,,13.80,13.79,,L,1786,814,47878268473007,,,
8900,LYFT,13.81,60912683,2025-02-12T18:17:58Z,122909.00,False,,13.82,13.81,,L,4212,5107,47878234990618,,,
18432,LYFT,13.81,60866913,2025-02-12T18:17:43Z,254545.92,False,,13.83,13.82,,L,6265,3182,47863166385456,,,
10000,LYFT,13.84,60814287,2025-02-12T18:17:31Z,138400.00,False,,13.84,13.83,,L,2088,5503,47851797005442,,,
10000,LYFT,13.81,60507802,2025-02-12T18:14:14Z,138100.00,False,,13.81,13.80,,L,3731,1165,47654730799275,,,
20000,LYFT,13.825,60434763,2025-02-12T18:12:14Z,276500.000,False,,13.81,13.80,,L,1581,2880,47534829158083,,,
16025,LYFT,13.77,59847258,2025-02-12T18:07:27Z,220664.25,False,,13.77,13.76,,L,1764,3703,47247342785810,,,
10500,LYFT,13.78,59767763,2025-02-12T18:05:46Z,144690.00,False,,13.80,13.79,,L,2507,920,47146250873459,,,
8800,LYFT,13.8299,59653314,2025-02-12T18:03:55Z,121703.1200,False,,13.83,13.82,,L,1526,1556,47035215570895,,,
10000,LYFT,13.82,59551971,2025-02-12T18:02:12Z,138200.00,False,,13.83,13.82,,L,300,1667,46932251664294,,,
14000,LYFT,13.82,59529639,2025-02-12T18:01:51Z,193480.00,False,,13.84,13.83,,L,1182,400,46911343187108,,,
9000,LYFT,13.8301,59439098,2025-02-12T18:00:58Z,124470.9000,False,,13.84,13.83,,L,2020,717,46858714805913,,,
17629,LYFT,13.82,59366097,2025-02-12T18:00:43Z,243632.78,False,,13.82,13.81,,L,100,2018,46843549985425,,,
10000,LYFT,13.7499,59113977,2025-02-12T17:57:47Z,137499.0000,False,,13.75,13.74,,L,3423,1972,46667778922940,,,
8280,LYFT,13.742,58515966,2025-02-12T17:53:17Z,113783.760,False,,13.75,13.74,,L,6981,3122,46397557619830,,,
16094,LYFT,13.75,58488619,2025-02-12T17:53:12Z,221292.50,False,,13.76,13.75,,L,16077,1519,46392141455836,,,
7500,LYFT,13.8586,58234636,2025-02-12T17:50:48Z,103939.5000,False,,13.86,13.85,,L,1502,2675,46248818382614,,,
10000,LYFT,13.8501,57546835,2025-02-12T17:43:56Z,138501.0000,False,,13.86,13.85,,L,1792,2882,45836933664065,,,
7450,LYFT,13.939,57180008,2025-02-12T17:40:45Z,103845.550,False,,13.94,13.93,,L,3254,2500,45645112527204,,,
13748,LYFT,13.92,57011547,2025-02-12T17:38:56Z,191372.16,False,,13.92,13.91,,L,2200,1820,45536488520576,,,
11641,LYFT,13.87,56782545,2025-02-12T17:38:04Z,161460.67,False,,13.88,13.87,,L,10105,100,45484151217592,,,
9000,LYFT,13.8801,56546863,2025-02-12T17:36:04Z,124920.9000,False,,13.89,13.88,,L,2400,9822,45364808602935,,,
9700,LYFT,13.85,56481415,2025-02-12T17:35:40Z,134345.00,False,,13.86,13.85,,L,450,2210,45340721327092,,,
10000,LYFT,13.79,56297002,2025-02-12T17:34:00Z,137900.00,False,,13.80,13.79,,L,3000,2000,45240600709558,,,
12423,LYFT,13.7901,56274202,2025-02-12T17:33:47Z,171314.4123,False,,13.81,13.79,,L,3280,4138,45227990049234,,,
10000,LYFT,13.8195,56226454,2025-02-12T17:33:33Z,138195.0000,False,,13.82,13.80,,L,2900,3900,45213934121104,,,
7826,LYFT,13.80,56091999,2025-02-12T17:32:36Z,107998.80,False,,13.80,13.78,,L,5021,3519,45156920700039,,,
10000,LYFT,13.7899,55893366,2025-02-12T17:32:04Z,137899.0000,False,,13.79,13.78,,L,4257,511,45124242458980,,,
9430,LYFT,13.78,55864984,2025-02-12T17:31:57Z,129945.40,False,,13.81,13.80,,L,3635,2327,45117055784944,,,
16000,LYFT,13.8298,55745684,2025-02-12T17:31:23Z,221276.8000,False,,13.83,13.82,,L,11392,3601,45083853597637,,,
9900,LYFT,13.88,55592417,2025-02-12T17:30:57Z,137412.00,False,,13.89,13.88,,L,7200,7201,45057142760100,,,
13500,LYFT,13.91,55551855,2025-02-12T17:30:57Z,187785.00,False,,13.92,13.91,,L,26300,5920,45057130386848,,,
8978,LYFT,13.9201,55338538,2025-02-12T17:28:52Z,124974.6578,False,,13.94,13.93,,L,6412,5858,44932150216570,,,
11900,LYFT,13.95,55215681,2025-02-12T17:28:00Z,166005.00,False,,13.96,13.95,,L,2697,2515,44880473041305,,,
7269,LYFT,13.971,55030867,2025-02-12T17:27:03Z,101555.199,False,,13.98,13.97,,L,2821,4820,44823270778076,,,
10000,LYFT,13.9801,54934023,2025-02-12T17:26:45Z,139801.0000,False,,13.99,13.98,,L,1034,3333,44805978882299,,,
8600,LYFT,13.97,54868804,2025-02-12T17:26:37Z,120142.00,False,,13.99,13.98,,L,10400,2700,44797347074975,,,
9000,LYFT,14,54824999,2025-02-12T17:26:29Z,126000,False,,14.01,14,,L,5398,2800,44789105625633,,,
17200,LYFT,14.02,54801240,2025-02-12T17:26:24Z,241144.00,False,,14.02,14.01,,L,16551,520,44784900569698,,,
31000,LYFT,14.03,54736637,2025-02-12T17:26:13Z,434930.00,False,,14.03,14.02,,L,17888,2916,44773818794470,,,
10000,LYFT,14.10,54583731,2025-02-12T17:25:43Z,141000.00,False,,14.11,14.10,,L,2486,2600,44743608354383,,,
7268,LYFT,14.0725,54504731,2025-02-12T17:25:09Z,102278.9300,False,,14.08,14.07,,L,3004,16210,44709046296081,,,
21749,LYFT,14.08,54479376,2025-02-12T17:24:47Z,306225.92,False,,14.09,14.08,,L,4918,2700,44687624434126,,,
7320,LYFT,14.0999,54225206,2025-02-12T17:23:43Z,103211.2680,False,,14.10,14.09,,L,5101,3700,44623856011291,,,
17618,LYFT,14.1195,53983198,2025-02-12T17:22:37Z,248757.3510,False,,14.12,14.11,,L,11314,24800,44557266533613,,,
7394,LYFT,14.1101,53927780,2025-02-12T17:22:32Z,104330.0794,False,,14.12,14.11,,L,15494,4700,44552235183482,,,
23926,LYFT,14.175,53897784,2025-02-12T17:22:27Z,339151.050,False,,14.14,14.13,,L,11631,1776,44547686357736,,,
24700,LYFT,14.1694,53590811,2025-02-12T17:21:45Z,349984.1800,False,,14.17,14.16,,L,3592,1913,44505229581663,,,
99600,LYFT,14.17,53547032,2025-02-12T17:21:30Z,1411332.00,False,contingent_trade,14.17,14.16,,L,4142,4313,44490038692555,qualified_contingent_trade,,
68800,LYFT,14.16,53442895,2025-02-12T17:21:24Z,974208.00,False,contingent_trade,14.17,14.16,,L,8100,220,44484038463845,qualified_contingent_trade,,
7998,LYFT,14.169,53199184,2025-02-12T17:20:42Z,113323.662,False,,14.17,14.16,,L,4943,16407,44442424700495,,,
10000,LYFT,14.11,53020999,2025-02-12T17:19:55Z,141100.00,False,,14.12,14.11,,L,5185,3232,44395976687827,,,
10000,LYFT,14.11,52898424,2025-02-12T17:19:05Z,141100.00,False,,14.11,14.10,,L,5398,3505,44345374252520,,,
8100,LYFT,14.0699,52691562,2025-02-12T17:17:54Z,113966.1900,False,,14.07,14.06,,L,1451,28721,44274802426264,,,
16059,LYFT,14.05,52485550,2025-02-12T17:16:54Z,225628.95,False,,14.07,14.06,,L,641,3200,44214617257261,,,
8754,LYFT,14.0209,52190814,2025-02-12T17:15:32Z,122738.9586,False,,14.03,14.02,,L,5171,6571,44132589781418,,,
9509,LYFT,14.0101,52130408,2025-02-12T17:15:12Z,133222.0409,False,,14.02,14.01,,L,4489,3363,44112627521549,,,
8000,LYFT,13.961,52060493,2025-02-12T17:14:42Z,111688.000,False,,13.97,13.96,,L,4221,2900,44082120238136,,,
7500,LYFT,14.0001,51963445,2025-02-12T17:13:55Z,105000.7500,False,,14.01,14,,L,2951,4569,44035011334022,,,
14500,LYFT,13.9598,51780291,2025-02-12T17:12:49Z,202417.1000,False,,13.96,13.95,,L,9036,15513,43969015240954,,,
44130,LYFT,13.98,51501917,2025-02-12T17:10:57Z,616937.40,False,,13.98,13.97,,L,24541,3306,43857096813390,,,
10000,LYFT,13.90,51076797,2025-02-12T17:07:48Z,139000.00,False,,13.90,13.89,,L,2260,2533,43668491396856,,,
15000,LYFT,13.9206,50992800,2025-02-12T17:07:11Z,208809.0000,False,,13.93,13.92,,L,3026,3306,43631797220723,,,
14225,LYFT,13.93,50964162,2025-02-12T17:07:07Z,198154.25,False,,13.93,13.92,,L,1426,3300,43627874991857,,,
14225,LYFT,13.9299,50949620,2025-02-12T17:07:06Z,198152.8275,False,,13.93,13.92,,L,2539,3300,43626942821026,,,
20000,LYFT,13.8993,50791273,2025-02-12T17:06:04Z,277986.0000,False,,13.90,13.89,,L,10833,2229,43564454110930,,,
10000,LYFT,13.8909,50604132,2025-02-12T17:04:30Z,138909.0000,False,,13.90,13.89,,L,5001,1816,43470796863526,,,
9000,LYFT,13.891,50593504,2025-02-12T17:04:23Z,125019.000,False,,13.90,13.89,,L,1367,2016,43463640202117,,,
10000,LYFT,13.9094,50478075,2025-02-12T17:03:51Z,139094.0000,False,,13.91,13.90,,L,3992,2204,43431616656078,,,
9200,LYFT,13.89,50457488,2025-02-12T17:03:45Z,127788.00,False,,13.91,13.90,,L,6741,2188,43425117563759,,,
8000,LYFT,13.9002,50307449,2025-02-12T17:02:46Z,111201.6000,False,,13.91,13.90,,L,3165,1500,43366889362839,,,
11641,LYFT,13.93,50247228,2025-02-12T17:02:30Z,162159.13,False,,13.93,13.92,,L,200,4422,43350606829848,,,
9100,LYFT,13.9199,50143526,2025-02-12T17:02:08Z,126671.0900,False,,13.92,13.91,,L,3344,1800,43328968921763,,,
7870,LYFT,13.9001,50092628,2025-02-12T17:02:04Z,109393.7870,False,,13.91,13.90,,L,32419,1902,43324454239933,,,
7205,LYFT,13.8799,49548637,2025-02-12T16:58:34Z,100004.6795,False,,13.88,13.87,,L,21956,2227,43114784463334,,,
13496,LYFT,13.8001,49326090,2025-02-12T16:56:17Z,186246.1496,False,,13.81,13.80,,L,2524,3368,42977925628178,,,
22223,LYFT,13.77,49199357,2025-02-12T16:55:19Z,306010.71,False,,13.78,13.77,,L,7323,1613,42919612429595,,,
12500,LYFT,13.755,49070989,2025-02-12T16:54:04Z,171937.500,False,,13.76,13.75,,L,550,3107,42844372282911,,,
17100,LYFT,13.75,49040465,2025-02-12T16:53:49Z,235125.00,False,,13.75,13.74,,L,287,4150,42829834793290,,,
11793,LYFT,13.7597,49007335,2025-02-12T16:53:41Z,162268.1421,False,,13.76,13.75,,L,4070,2234,42821730732207,,,
8242,LYFT,13.7299,48933554,2025-02-12T16:53:29Z,113161.8358,False,,13.73,13.72,,L,2933,2900,42809604372215,,,
34677,LYFT,13.77,48913977,2025-02-12T16:53:27Z,477502.29,False,,13.77,13.76,,L,13630,205,42807576229782,,,
14000,LYFT,13.7892,48827637,2025-02-12T16:53:03Z,193048.8000,False,,13.79,13.78,,L,6237,18290,42783958427455,,,
15624,LYFT,13.7807,48764703,2025-02-12T16:52:26Z,215309.6568,False,,13.79,13.78,,L,3972,17906,42746363628121,,,
8000,LYFT,13.831,48522898,2025-02-12T16:50:46Z,110648.000,False,,13.84,13.83,,L,5065,5208,42646643731268,,,
12000,LYFT,13.8109,48333853,2025-02-12T16:49:48Z,165730.8000,False,,13.82,13.81,,L,3214,10201,42588395141789,,,
35000,LYFT,13.8499,48244182,2025-02-12T16:49:19Z,484746.5000,False,,13.85,13.83,,L,14753,3632,42559936600676,,,
7789,LYFT,13.8501,48150411,2025-02-12T16:49:09Z,107878.4289,False,,13.86,13.85,,L,1335,2155,42549477880660,,,
15000,LYFT,13.86,47958063,2025-02-12T16:48:37Z,207900.00,False,,13.86,13.85,,L,3162,1600,42517396528445,,,
10163,LYFT,13.84,47913610,2025-02-12T16:48:29Z,140655.92,False,,13.84,13.83,,L,3527,2100,42509755030621,,,
11700,LYFT,13.80,47717062,2025-02-12T16:48:03Z,161460.00,False,,13.79,13.78,,L,510,10497,42483338412112,,,
20700,LYFT,13.72,47331514,2025-02-12T16:46:37Z,284004.00,False,,13.72,13.71,,L,2300,1183,42397539258601,,,
13750,LYFT,13.71,47214691,2025-02-12T16:45:28Z,188512.50,False,,13.72,13.71,,L,2736,1700,42328922425110,,,
26684,LYFT,13.6699,46820321,2025-02-12T16:41:35Z,364767.6116,False,,13.66,13.65,,L,343,2590,42095754452839,,,
10000,LYFT,13.6901,46716009,2025-02-12T16:40:43Z,136901.0000,False,,13.70,13.69,,L,4526,1800,42043583782118,,,
8100,LYFT,13.6601,46482152,2025-02-12T16:38:44Z,110646.8100,False,,13.67,13.66,,L,6525,1300,41924956004157,,,
10000,LYFT,13.6899,46284284,2025-02-12T16:37:32Z,136899.0000,False,,13.69,13.68,,L,1757,1455,41852069912081,,,
8265,LYFT,13.5505,45206014,2025-02-12T16:30:02Z,111994.8825,False,,13.56,13.55,,L,1182,800,41402677990432,,,
7798,LYFT,13.48,45055375,2025-02-12T16:29:42Z,105117.04,False,,13.49,13.48,,L,6007,12263,41382578775739,,,
8496,LYFT,13.45,44718764,2025-02-12T16:28:12Z,114271.20,False,,13.45,13.44,,L,100,3032,41292793611063,,,
9217,LYFT,13.4401,44561549,2025-02-12T16:27:02Z,123877.4017,False,,13.45,13.44,,L,5426,6339,41222584666280,,,
59800,LYFT,13.55,44360665,2025-02-12T16:25:38Z,810290.00,False,contingent_trade,13.48,13.47,,L,2175,1745,41138603133002,qualified_contingent_trade,,
9300,LYFT,13.46,44195500,2025-02-12T16:24:07Z,125178.00,False,,13.46,13.45,,L,2700,7200,41047476583247,,,
10000,LYFT,13.45,43815698,2025-02-12T16:22:14Z,134500.00,False,,13.47,13.46,,L,2718,3420,40934784960625,,,
9800,LYFT,13.52,43691453,2025-02-12T16:21:15Z,132496.00,False,,13.52,13.51,,L,1100,2485,40875937752736,,,
9000,LYFT,13.5399,43640838,2025-02-12T16:20:54Z,121859.1000,False,,13.54,13.53,,L,626,2301,40854156257207,,,
9693,LYFT,13.5299,43596567,2025-02-12T16:20:36Z,131145.3207,False,,13.53,13.52,,L,1100,2248,40836029133376,,,
9781,LYFT,13.48,43280853,2025-02-12T16:17:13Z,131847.88,False,,13.48,13.47,,L,2945,1800,40633224554998,,,
7500,LYFT,13.43,42874848,2025-02-12T16:13:19Z,100725.00,False,,13.43,13.42,,L,11663,2984,40399985952070,,,
8700,LYFT,13.47,42800618,2025-02-12T16:13:05Z,117189.00,False,,13.48,13.47,,L,3949,4035,40385414913816,,,
9100,LYFT,13.53,42426436,2025-02-12T16:09:57Z,123123.00,False,,13.54,13.53,,L,981,2105,40197843864869,,,
53093,LYFT,13.49,42211980,2025-02-12T16:08:20Z,716224.57,False,,13.51,13.50,,L,1554,1600,40100637855442,,,
20000,LYFT,13.5001,42142938,2025-02-12T16:08:17Z,270002.0000,False,,13.51,13.50,,L,8169,1901,40097642364485,,,
10199,LYFT,13.5295,41753752,2025-02-12T16:05:16Z,137987.3705,False,,13.53,13.52,,L,6434,1000,39916224371209,,,
20842,LYFT,13.5299,41688920,2025-02-12T16:04:46Z,281990.1758,False,,13.53,13.52,,L,2368,700,39886223863066,,,
14955,LYFT,13.5699,41217697,2025-02-12T16:01:16Z,202937.8545,False,,13.57,13.56,,L,22,2369,39676011625469,,,
13000,LYFT,13.4993,41028176,2025-02-12T16:00:24Z,175490.9000,False,,13.50,13.49,,L,4616,812,39624722497219,,,
15000,LYFT,13.5492,40866556,2025-02-12T15:59:46Z,203238.0000,False,,13.55,13.54,,L,10630,7118,39586727324574,,,
12100,LYFT,13.50,40351800,2025-02-12T15:57:14Z,163350.00,False,,13.53,13.52,,L,3986,1803,39434382688718,,,
8457,LYFT,13.52,40087300,2025-02-12T15:55:29Z,114338.64,False,,13.52,13.51,,L,3120,1286,39329518313298,,,
13300,LYFT,13.4801,40008495,2025-02-12T15:55:14Z,179285.3300,False,,13.49,13.48,,L,1358,4221,39314931817377,,,
7600,LYFT,13.435,39913807,2025-02-12T15:54:58Z,102106.000,False,,13.44,13.43,,L,1740,1100,39298287683594,,,
7500,LYFT,13.37,39336853,2025-02-12T15:50:09Z,100275.00,False,,13.37,13.36,,L,1123,2116,39009541917979,,,
10000,LYFT,13.3799,39218989,2025-02-12T15:49:16Z,133799.0000,False,,13.38,13.37,,L,1959,3864,38956883643642,,,
10000,LYFT,13.33,39061348,2025-02-12T15:48:19Z,133300.00,False,,13.33,13.32,,L,2948,1800,38899793829488,,,
8200,LYFT,13.31,38948352,2025-02-12T15:47:31Z,109142.00,False,,13.32,13.31,,L,1105,3500,38851954025568,,,
15000,LYFT,13.33,38707279,2025-02-12T15:45:31Z,199950.00,False,,13.33,13.32,,L,2175,3007,38731270661374,,,
8000,LYFT,13.32,38645677,2025-02-12T15:45:04Z,106560.00,False,,13.34,13.33,,L,2947,100,38704042596401,,,
9000,LYFT,13.2997,38262406,2025-02-12T15:42:53Z,119697.3000,False,,13.30,13.29,,L,507,2902,38573956824042,,,
8320,LYFT,13.36,38139288,2025-02-12T15:42:09Z,111155.20,False,,13.37,13.36,,L,1461,900,38529099199166,,,
13074,LYFT,13.32,38005141,2025-02-12T15:41:43Z,174145.68,False,,13.32,13.31,,L,3053,1300,38503411983173,,,
13100,LYFT,13.32,37953349,2025-02-12T15:41:38Z,174492.00,False,,13.33,13.32,,L,4705,1500,38498485783820,,,
9074,LYFT,13.3298,37917929,2025-02-12T15:41:36Z,120954.6052,False,,13.33,13.32,,L,4387,1400,38496832968130,,,
9944,LYFT,13.3802,37802353,2025-02-12T15:40:57Z,133052.7088,False,,13.39,13.38,,L,6300,810,38457197749717,,,
12443,LYFT,13.3895,37755278,2025-02-12T15:40:35Z,166605.5485,False,,13.39,13.38,,L,4087,1652,38435949519050,,,
10000,LYFT,13.44,37643872,2025-02-12T15:40:19Z,134400.00,False,,13.44,13.43,,L,6967,917,38419905172746,,,
7500,LYFT,13.5101,37357516,2025-02-12T15:39:02Z,101325.7500,False,,13.51,13.50,,L,248,2212,38342525753507,,,
10000,LYFT,13.4399,36350833,2025-02-12T15:33:50Z,134399.0000,False,,13.44,13.43,,L,1384,828,38030854152794,,,
10000,LYFT,13.4291,36204788,2025-02-12T15:33:05Z,134291.0000,False,,13.43,13.42,,L,5801,3400,37985937248180,,,
13000,LYFT,13.3901,36092281,2025-02-12T15:32:39Z,174071.3000,False,,13.40,13.39,,L,1770,343,37959323203246,,,
9200,LYFT,13.42,35941761,2025-02-12T15:32:06Z,123464.00,False,,13.42,13.41,,L,1500,4450,37926417405930,,,
29685,LYFT,13.3999,35865868,2025-02-12T15:31:55Z,397776.0315,False,,13.40,13.39,,L,8482,254,37915772302682,,,
8600,LYFT,13.3001,35693111,2025-02-12T15:31:18Z,114380.8600,False,,13.31,13.30,,L,1755,8762,37878226299125,,,
9600,LYFT,13.2732,35582527,2025-02-12T15:30:43Z,127422.7200,False,,13.28,13.27,,L,2121,19111,37843421416587,,,
15000,LYFT,13.2799,35571413,2025-02-12T15:30:40Z,199198.5000,False,,13.28,13.27,,L,2375,19111,37840170997643,,,
15600,LYFT,13.32,35426987,2025-02-12T15:30:15Z,207792.00,False,,13.32,13.31,,L,2500,1200,37815540946752,,,
10480,LYFT,13.2701,34852502,2025-02-12T15:28:19Z,139070.6480,False,,13.28,13.27,,L,9408,144,37699552773588,,,
10000,LYFT,13.2298,33749983,2025-02-12T15:23:32Z,132298.0000,False,,13.23,13.22,,L,9099,100,37412260927557,,,
11100,LYFT,13.28,33625996,2025-02-12T15:22:49Z,147408.00,False,,13.29,13.27,,L,2152,1900,37369332147991,,,
10440,LYFT,13.2801,33614896,2025-02-12T15:22:49Z,138644.2440,False,,13.29,13.27,,L,2152,1900,37369329689865,,,
8000,LYFT,13.27,33502811,2025-02-12T15:22:30Z,106160.00,False,,13.26,13.25,,L,1238,1805,37350261944300,,,
9000,LYFT,13.2399,32970916,2025-02-12T15:19:34Z,119159.1000,False,,13.24,13.23,,L,500,2319,37174620942504,,,
9894,LYFT,13.12,32669007,2025-02-12T15:18:06Z,129809.28,False,,13.12,13.11,,L,735,1800,37086107370336,,,
29200,LYFT,13.06,32554867,2025-02-12T15:17:02Z,381352.00,False,,13.08,13.07,,L,800,2945,37022479092837,,,
7668,LYFT,13.0701,32425948,2025-02-12T15:16:31Z,100221.5268,False,,13.08,13.07,,L,7800,2400,36991467342920,,,
8114,LYFT,13.16,32309440,2025-02-12T15:15:54Z,106780.24,False,,13.15,13.14,,L,1231,5164,36954773258800,,,
8800,LYFT,13.05,31951734,2025-02-12T15:14:03Z,114840.00,False,,13.05,13.04,,L,8100,2410,36843429391395,,,
10000,LYFT,13.04,31868649,2025-02-12T15:13:46Z,130400.00,False,,13.05,13.04,,L,7032,10,36826953500413,,,
9724,LYFT,13.04,31737945,2025-02-12T15:13:24Z,126800.96,False,,13.05,13.04,,L,2344,1971,36804110283463,,,
10000,LYFT,13.0497,31688662,2025-02-12T15:13:15Z,130497.0000,False,,13.05,13.04,,L,4000,2771,36795239231830,,,
10351,LYFT,13.03,31644538,2025-02-12T15:13:11Z,134873.53,False,,13.03,13.02,,L,8891,200,36791402368274,,,
8500,LYFT,13.02,31599835,2025-02-12T15:13:10Z,110670.00,False,,13.03,13.02,,L,712,2615,36790983335888,,,
8500,LYFT,13.02,31608335,2025-02-12T15:13:10Z,110670.00,False,,13.03,13.02,,L,712,2615,36790983828961,,,
9000,LYFT,13.0001,31424559,2025-02-12T15:12:34Z,117000.9000,False,,13.01,13,,L,3970,1507,36754333944993,,,
9000,LYFT,13.0101,31142364,2025-02-12T15:10:59Z,117090.9000,False,,13.02,13.01,,L,1550,100,36659358611609,,,
21000,LYFT,13.04,31034267,2025-02-12T15:10:30Z,273840.00,False,,13.04,13.03,,L,4529,901,36630065874661,,,
26000,LYFT,13.04,31013150,2025-02-12T15:10:30Z,339040.00,False,,13.04,13.03,,L,4529,901,36630058675661,,,
16590,LYFT,13.02,30930103,2025-02-12T15:10:22Z,216001.80,False,,13.02,13.01,,L,500,1500,36622369379060,,,
9216,LYFT,13.02,30890195,2025-02-12T15:10:14Z,119992.32,False,,13.02,13.01,,L,3827,301,36614333988430,,,
8500,LYFT,13.01,30825656,2025-02-12T15:09:54Z,110585.00,False,,13.02,13.01,,L,3400,2614,36594226140266,,,
9000,LYFT,13.0089,30797282,2025-02-12T15:09:50Z,117080.1000,False,,13.01,13,,L,3632,36,36590015777153,,,
25750,LYFT,12.95,30756945,2025-02-12T15:09:39Z,333462.50,False,,12.97,12.96,,L,900,2585,36579787214553,,,
10000,LYFT,13.0199,30610341,2025-02-12T15:09:20Z,130199.0000,False,,13.02,13.01,,L,3380,900,36560637147382,,,
9000,LYFT,13.069,30111700,2025-02-12T15:08:02Z,117621.000,False,,13.07,13.06,,L,6540,203,36482889983244,,,
11500,LYFT,13.07,30092804,2025-02-12T15:07:57Z,150305.00,False,,13.05,13.04,,L,404,900,36477801118702,,,
8648,LYFT,13.06,29669707,2025-02-12T15:06:55Z,112942.88,False,,13.06,13.05,,L,10164,216,36415228941022,,,
9500,LYFT,13.0601,29645200,2025-02-12T15:06:52Z,124070.9500,False,,13.07,13.06,,L,9482,351,36412013606503,,,
8500,LYFT,13.119,29418424,2025-02-12T15:06:11Z,111511.500,False,,13.12,13.11,,L,8173,3641,36371317411697,,,
9500,LYFT,13.12,29232748,2025-02-12T15:05:32Z,124640.00,False,,13.13,13.12,,L,1940,126,36332937401990,,,
32738,LYFT,13.28,28418869,2025-02-12T15:03:46Z,434760.64,False,,13.28,13.27,,L,600,2637,36226744114968,,,
9600,LYFT,13.2799,28294274,2025-02-12T15:03:45Z,127487.0400,False,,13.28,13.27,,L,8562,4300,36225275537835,,,
14000,LYFT,13.52,27452150,2025-02-12T15:02:37Z,189280.00,False,contingent_trade,13.53,13.52,,L,5674,3918,36157451274013,qualified_contingent_trade,,
8130,LYFT,13.50,27358467,2025-02-12T15:02:15Z,109755.00,False,,13.51,13.50,,L,2269,536,36135767439275,,,
8130,LYFT,13.50,27347294,2025-02-12T15:02:11Z,109755.00,False,,13.51,13.50,,L,1664,237,36131670474253,,,
8130,LYFT,13.48,27326750,2025-02-12T15:02:10Z,109592.40,False,,13.50,13.49,,L,5109,37,36130966154064,,,
8130,LYFT,13.4907,27309207,2025-02-12T15:02:10Z,109679.3910,False,,13.50,13.49,,L,4709,3300,36130198495194,,,
13400,LYFT,13.46,27168753,2025-02-12T15:01:47Z,180364.00,False,,13.47,13.46,,L,10336,4360,36107918890197,,,
8130,LYFT,13.4797,27106207,2025-02-12T15:01:44Z,109589.9610,False,,13.48,13.47,,L,4395,237,36104727243667,,,
17873,LYFT,13.455,26994154,2025-02-12T15:01:38Z,240481.215,False,,13.46,13.45,,L,1640,97,36098113559543,,,
8000,LYFT,13.5099,26941683,2025-02-12T15:01:30Z,108079.2000,False,,13.51,13.50,,L,823,400,36090607371588,,,
14300,LYFT,13.61,26715267,2025-02-12T15:01:02Z,194623.00,False,,13.61,13.60,,L,2284,100,36062522435723,,,
11300,LYFT,13.60,26697804,2025-02-12T15:01:02Z,153680.00,False,,13.61,13.60,,L,4095,200,36062241508369,,,
10000,LYFT,13.61,26561530,2025-02-12T15:00:50Z,136100.00,False,,13.61,13.60,,L,150,578,36050379878079,,,
10020,LYFT,13.60,26533943,2025-02-12T15:00:49Z,136272.00,False,,13.61,13.59,,L,150,10190,36049909804292,,,
10000,LYFT,13.5999,26504912,2025-02-12T15:00:49Z,135999.0000,False,,13.60,13.59,,L,8121,6178,36049841312138,,,
20000,LYFT,13.5795,26276895,2025-02-12T15:00:34Z,271590.0000,False,,13.58,13.57,,L,5387,315,36034421118798,,,
8250,LYFT,13.50,26127976,2025-02-12T15:00:27Z,111375.00,False,,13.50,13.49,,L,22143,300,36027216321189,,,
10000,LYFT,13.49,26037847,2025-02-12T15:00:26Z,134900.00,False,contingent_trade,13.50,13.49,,L,26268,200,36026901295981,qualified_contingent_trade,,
13400,LYFT,13.47,25999766,2025-02-12T15:00:22Z,180498.00,False,,13.48,13.47,,L,1677,4300,36022533923719,,,
9000,LYFT,13.465,25887783,2025-02-12T15:00:07Z,121185.000,False,,13.47,13.46,,L,2952,200,36007584370142,,,
7800,LYFT,13.45,25475409,2025-02-12T14:58:44Z,104910.00,False,,13.45,13.44,,L,329,1500,35924276642317,,,
10837,LYFT,13.42,25399468,2025-02-12T14:58:42Z,145432.54,False,,13.42,13.41,,L,1541,2049,35922881329837,,,
10000,LYFT,13.35,24495970,2025-02-12T14:56:04Z,133500.00,False,,13.35,13.33,,L,5851,5100,35764097001038,,,
10000,LYFT,13.28,24008171,2025-02-12T14:54:40Z,132800.00,False,,13.28,13.27,,L,4084,7000,35680743281118,,,
8430,LYFT,13.3403,23874412,2025-02-12T14:54:13Z,112458.7290,False,,13.35,13.34,,L,4420,646,35653631143475,,,
9800,LYFT,13.3449,23786604,2025-02-12T14:54:01Z,130780.0200,False,,13.35,13.34,,L,3147,1154,35641268994256,,,
7722,LYFT,13.41,23634223,2025-02-12T14:53:30Z,103552.02,False,,13.39,13.38,,L,4769,100,35610037209461,,,
8665,LYFT,13.40,23583521,2025-02-12T14:53:20Z,116111.00,False,,13.37,13.36,,L,485,500,35600841133320,,,
20150,LYFT,13.41,23150131,2025-02-12T14:52:39Z,270211.50,False,,13.41,13.40,,L,5721,1699,35559675463149,,,
10000,LYFT,13.4099,23126435,2025-02-12T14:52:38Z,134099.0000,False,,13.41,13.40,,L,7271,1099,35558558873122,,,
9000,LYFT,13.4091,23076373,2025-02-12T14:52:35Z,120681.9000,False,,13.41,13.40,,L,7569,2813,35555335540168,,,
7830,LYFT,13.415,23026724,2025-02-12T14:52:28Z,105039.450,False,,13.42,13.41,,L,16527,100,35548641200003,,,
9779,LYFT,13.4203,22852548,2025-02-12T14:52:13Z,131237.1137,False,,13.43,13.42,,L,9660,900,35533157658445,,,
15500,LYFT,13.3402,22715743,2025-02-12T14:52:07Z,206773.1000,False,,13.35,13.34,,L,2739,700,35527484374741,,,
8000,LYFT,13.3401,22696757,2025-02-12T14:52:05Z,106720.8000,False,,13.35,13.34,,L,3339,601,35525359137905,,,
7898,LYFT,13.3099,22661812,2025-02-12T14:51:59Z,105121.5902,False,,13.31,13.30,,L,3275,439,35519699696145,,,
7680,LYFT,13.3101,22483730,2025-02-12T14:51:39Z,102221.5680,False,,13.32,13.31,,L,6140,200,35499337454296,,,
8107,LYFT,13.2994,22439211,2025-02-12T14:51:38Z,107818.2358,False,,13.30,13.29,,L,2970,9330,35498089714509,,,
10000,LYFT,13.2908,22422512,2025-02-12T14:51:36Z,132908.0000,False,,13.30,13.29,,L,1670,8000,35496480725885,,,
8000,LYFT,13.24,22375348,2025-02-12T14:51:31Z,105920.00,False,,13.25,13.24,,L,6195,310,35491403509795,,,
10000,LYFT,13.23,22345933,2025-02-12T14:51:30Z,132300.00,False,,13.23,13.21,,L,676,1344,35490351880293,,,
10000,LYFT,13.25,22310460,2025-02-12T14:51:26Z,132500.00,False,,13.25,13.23,,L,2295,48,35486583156661,,,
10012,LYFT,13.29,22219885,2025-02-12T14:51:19Z,133059.48,False,,13.29,13.28,,L,5561,610,35479293588245,,,
10000,LYFT,13.17,21856509,2025-02-12T14:51:00Z,131700.00,False,,13.17,13.16,,L,1294,910,35460191980342,,,
9500,LYFT,13.105,21422429,2025-02-12T14:49:54Z,124497.500,False,,13.11,13.10,,L,15060,6352,35394262072460,,,
9500,LYFT,13.139,21372915,2025-02-12T14:49:40Z,124820.500,False,,13.14,13.12,,L,12455,100,35380776439494,,,
13000,LYFT,13.20,21252134,2025-02-12T14:49:28Z,171600.00,False,,13.19,13.18,,L,3700,9690,35368859870319,,,
9500,LYFT,13.1799,21178958,2025-02-12T14:49:25Z,125209.0500,False,,13.18,13.17,,L,610,12942,35365708400872,,,
14859,LYFT,13.14,21150452,2025-02-12T14:49:23Z,195247.26,False,,13.17,13.15,,L,1285,803,35363056479578,,,
9500,LYFT,13.179,21023478,2025-02-12T14:49:12Z,125200.500,False,,13.18,13.17,,L,12633,400,35352917409126,,,
9500,LYFT,13.199,20921278,2025-02-12T14:49:02Z,125390.500,False,,13.20,13.18,,L,6688,1838,35342538230994,,,
9100,LYFT,13.151,20875973,2025-02-12T14:48:56Z,119674.100,False,,13.16,13.15,,L,147,1975,35336327930047,,,
8662,LYFT,13.12,20815063,2025-02-12T14:48:50Z,113645.44,False,,13.13,13.12,,L,3104,1200,35330099864968,,,
9500,LYFT,13.125,20799755,2025-02-12T14:48:49Z,124687.500,False,,13.13,13.12,,L,5709,578,35329046404390,,,
15000,LYFT,13.13,20787737,2025-02-12T14:48:47Z,196950.00,False,,13.13,13.12,,L,200,900,35327235101749,,,
12513,LYFT,13.13,20749265,2025-02-12T14:48:43Z,164295.69,False,,13.13,13.12,,L,1509,300,35323797544969,,,
15732,LYFT,13.06,20550532,2025-02-12T14:48:25Z,205459.92,False,,13.06,13.05,,L,1741,100,35305339172719,,,
10643,LYFT,13.07,20473122,2025-02-12T14:48:04Z,139104.01,False,,13.07,13.06,,L,500,300,35284318852360,,,
12000,LYFT,12.98,19835173,2025-02-12T14:46:53Z,155760.00,False,,12.98,12.97,,L,23809,196,35213198514231,,,
9001,LYFT,12.939,19562033,2025-02-12T14:46:07Z,116463.939,False,,12.94,12.93,,L,6064,7448,35167473327719,,,
8004,LYFT,12.9199,19456889,2025-02-12T14:45:53Z,103410.8796,False,,12.92,12.91,,L,900,1000,35153305420736,,,
44644,LYFT,12.90,19389807,2025-02-12T14:45:51Z,575907.60,False,,12.95,12.94,,L,11871,98,35151297600397,,,
35698,LYFT,12.98,19257127,2025-02-12T14:45:35Z,463360.04,False,,12.98,12.97,,L,12626,200,35135965189079,,,
7804,LYFT,13.02,19099200,2025-02-12T14:45:09Z,101608.08,False,,13.02,13,,L,2115,600,35109163552446,,,
9999,LYFT,12.9506,18851557,2025-02-12T14:44:53Z,129493.0494,False,,12.96,12.95,,L,7643,301,35093703012841,,,
9100,LYFT,13,18652246,2025-02-12T14:44:39Z,118300,False,,13,12.99,,L,4698,1375,35079003337125,intermarket_sweep,,
13065,LYFT,13.0202,18378994,2025-02-12T14:44:21Z,170108.9130,False,,13.03,13.02,,L,4493,356,35061023880052,,,
16898,LYFT,13.08,18261535,2025-02-12T14:44:10Z,221025.84,False,,13.10,13.08,,L,12071,501,35050161347605,,,
13140,LYFT,13.10,17891555,2025-02-12T14:43:31Z,172134.00,False,,13.12,13.11,,L,5825,109,35011099716454,,,
8810,LYFT,13.20,17517345,2025-02-12T14:43:03Z,116292.00,False,,13.20,13.19,,L,13833,6575,34983988698313,,,
22739,LYFT,13.18,17444997,2025-02-12T14:43:01Z,299700.02,False,,13.18,13.17,,L,4923,975,34981031117320,,,
15000,LYFT,13.1508,17129650,2025-02-12T14:42:44Z,197262.0000,False,,13.16,13.15,,L,3253,9500,34964362885395,,,
10000,LYFT,13.151,17097909,2025-02-12T14:42:41Z,131510.000,False,,13.16,13.15,,L,54,7500,34961214298950,,,
10000,LYFT,13.18,16872557,2025-02-12T14:42:18Z,131800.00,False,,13.18,13.17,,L,5799,100,34938476040458,,,
10000,LYFT,13.1799,16862557,2025-02-12T14:42:18Z,131799.0000,False,,13.18,13.17,,L,5799,100,34938475889168,,,
10000,LYFT,13.189,16770653,2025-02-12T14:42:11Z,131890.000,False,,13.19,13.18,,L,10057,2856,34931801160837,,,
7668,LYFT,13.1799,16708144,2025-02-12T14:42:07Z,101063.4732,False,,13.18,13.17,,L,10,200,34927580473139,,,
16500,LYFT,13.12,16604392,2025-02-12T14:42:03Z,216480.00,False,,13.14,13.12,,L,535,1445,34923842542935,,,
10000,LYFT,13.0901,16538716,2025-02-12T14:42:01Z,130901.0000,False,,13.10,13.09,,L,4562,400,34921942752933,,,
10000,LYFT,13.0301,16351905,2025-02-12T14:41:53Z,130301.0000,False,,13.04,13.03,,L,3474,3325,34913386541783,,,
9885,LYFT,13.0899,16221757,2025-02-12T14:41:33Z,129393.6615,False,,13.09,13.08,,L,7492,2200,34893040741061,,,
8300,LYFT,13.0801,16189310,2025-02-12T14:41:30Z,108564.8300,False,,13.09,13.08,,L,8702,100,34890439684634,,,
23636,LYFT,13.07,16109347,2025-02-12T14:41:24Z,308922.52,False,,13.07,13.06,,L,600,10181,34884198995195,,,
10000,LYFT,13.07,16047338,2025-02-12T14:41:19Z,130700.00,False,,13.07,13.06,,L,2892,5000,34879706724147,,,
14461,LYFT,13.06,15782205,2025-02-12T14:41:04Z,188860.66,False,,13.07,13.06,,L,12753,4800,34864829908256,,,
8203,LYFT,13.0799,15758228,2025-02-12T14:40:59Z,107294.4197,False,,13.08,13.07,,L,10065,743,34859226826777,,,
10000,LYFT,13.0801,15710965,2025-02-12T14:40:52Z,130801.0000,False,,13.09,13.08,,L,2977,200,34852595308217,,,
10000,LYFT,13.07,15487767,2025-02-12T14:40:36Z,130700.00,False,,13.08,13.07,,L,11370,903,34836954176265,,,
18000,LYFT,13.12,15409163,2025-02-12T14:40:24Z,236160.00,False,,13.12,13.11,,L,20867,300,34824366679241,,,
9100,LYFT,13.1195,15256664,2025-02-12T14:40:15Z,119387.4500,False,,13.12,13.11,,L,6844,2000,34815441137501,,,
8500,LYFT,13.10,14740120,2025-02-12T14:39:37Z,111350.00,False,,13.12,13.10,,L,8400,1155,34777100589306,,,
17180,LYFT,12.9702,14414433,2025-02-12T14:39:25Z,222828.0360,False,,12.98,12.97,,L,400,17446,34765089878539,,,
11772,LYFT,12.95,14238517,2025-02-12T14:39:11Z,152447.40,False,,12.96,12.95,,L,900,2389,34751091028966,,,
13555,LYFT,12.9208,14090719,2025-02-12T14:39:05Z,175141.4440,False,,12.93,12.92,,L,14633,7593,34745530952951,,,
17725,LYFT,12.9301,13995424,2025-02-12T14:38:56Z,229186.0225,False,,12.94,12.93,,L,11905,100,34736527137045,,,
8000,LYFT,12.9451,13854868,2025-02-12T14:38:39Z,103560.8000,False,,12.95,12.94,,L,7629,1900,34719105860381,,,
10000,LYFT,12.90,13732407,2025-02-12T14:38:32Z,129000.00,False,,12.90,12.89,,L,10437,2943,34712764697712,,,
13695,LYFT,12.88,13680049,2025-02-12T14:38:30Z,176391.60,False,,12.88,12.87,,L,3837,2100,34710265002789,,,
14249,LYFT,12.7799,12952371,2025-02-12T14:37:15Z,182100.7951,False,,12.78,12.77,,L,5256,3200,34635866167335,,,
10000,LYFT,12.889,12311863,2025-02-12T14:36:23Z,128890.000,False,,12.89,12.88,,L,10648,300,34583808221277,,,
31025,LYFT,12.895,11927709,2025-02-12T14:36:09Z,400067.375,False,,12.90,12.89,,L,42700,818,34569635942392,,,
10000,LYFT,12.88,11863927,2025-02-12T14:36:09Z,128800.00,False,,12.89,12.88,,L,8501,717,34569380086748,,,
9954,LYFT,12.88,11799228,2025-02-12T14:36:08Z,128207.52,False,,12.88,12.87,,L,13273,2414,34568273632614,,,
23600,LYFT,12.875,11651927,2025-02-12T14:36:05Z,303850.000,False,,12.88,12.87,,L,13626,4806,34565091599350,,,
16000,LYFT,12.79,11282392,2025-02-12T14:35:41Z,204640.00,False,,12.80,12.79,,L,20748,6100,34541054667036,,,
25000,LYFT,12.7802,11153681,2025-02-12T14:35:32Z,319505.0000,False,,12.79,12.78,,L,2570,4117,34532722270502,,,
10000,LYFT,12.781,11097221,2025-02-12T14:35:29Z,127810.000,False,,12.79,12.78,,L,4588,4206,34529292044626,,,
149606,LYFT,12.7899,11066429,2025-02-12T14:35:27Z,1913445.7794,False,,12.79,12.78,,L,9324,3306,34527428312197,,,
9500,LYFT,12.70,10692805,2025-02-12T14:35:19Z,120650.00,False,,12.70,12.69,,L,5346,1222,34519006511165,,,
9778,LYFT,12.705,10309497,2025-02-12T14:34:55Z,124229.490,False,,12.71,12.70,,L,901,1334,34495530227306,,,
7921,LYFT,12.6301,9985743,2025-02-12T14:34:34Z,100043.0221,False,,12.64,12.63,,L,4000,434,34474666451030,,,
11000,LYFT,12.56,9821226,2025-02-12T14:34:25Z,138160.00,False,,12.55,12.54,,L,1101,834,34465419905446,,,
10000,LYFT,12.549,9750680,2025-02-12T14:34:23Z,125490.000,False,,12.55,12.54,,L,13390,1234,34463578457594,,,
20000,LYFT,12.55,9734356,2025-02-12T14:34:22Z,251000.00,False,,12.55,12.54,,L,14679,1234,34462848756430,,,
8000,LYFT,12.5403,9639920,2025-02-12T14:34:15Z,100322.4000,False,,12.55,12.54,,L,15318,500,34455341217558,,,
8900,LYFT,12.2687,8984315,2025-02-12T14:32:58Z,109191.4300,False,,12.27,12.26,,L,750,200,34378274342920,,,
16200,LYFT,12.38,8774396,2025-02-12T14:32:36Z,200556.00,False,,12.41,12.40,,L,6918,200,34356865535775,,,
12300,LYFT,12.10,7732968,2025-02-12T14:31:44Z,148830.00,False,,12.10,12.09,,L,2135,701,34304057533150,,,
9000,LYFT,12.1099,7713175,2025-02-12T14:31:43Z,108989.1000,False,,12.10,12.09,,L,2135,701,34303768026652,,,
8320,LYFT,12.095,7642949,2025-02-12T14:31:40Z,100630.400,False,,12.11,12.10,,L,14362,201,34300742663451,,,
8637,LYFT,12.1501,7187843,2025-02-12T14:31:02Z,104940.4137,False,,12.16,12.15,,L,24763,600,34262476960783,,,
59200,LYFT,12.155,7138055,2025-02-12T14:30:55Z,719576.000,False,,12.16,12.15,,L,100,1200,34255099587133,,,
8350,LYFT,12.1299,7001505,2025-02-12T14:30:52Z,101284.6650,False,,12.07,12.06,,L,1753,2746,34252994958089,,,
10000,LYFT,12.1089,6628472,2025-02-12T14:30:40Z,121089.0000,False,,12.11,12.10,,L,14562,8141,34240421759149,,,
12157,LYFT,12.1601,6385200,2025-02-12T14:30:28Z,147830.3357,False,,12.18,12.17,,L,12515,2661,34228780639762,,,
14500,LYFT,12.185,6306580,2025-02-12T14:30:23Z,176682.500,False,,12.19,12.18,,L,9106,820,34223126451157,,,
70736,LYFT,12.245,6117989,2025-02-12T14:30:13Z,866162.320,False,,12.19,12.18,,L,11750,7263,34213248521568,,,
10850,LYFT,12.2802,5857849,2025-02-12T14:30:01Z,133240.1700,False,,12.23,12.22,,L,5567,10294,34201959349743,,,
9556,LYFT,12.3622,4636103,2025-02-12T14:16:12Z,118133.1832,False,,12.38,12.34,extended_hours_trade,L,200,200,33372356917517,,,
18072,LYFT,12.44,4006636,2025-02-12T13:43:44Z,224815.68,False,,12.45,12.41,extended_hours_trade,L,284,1000,31424054988654,,,
16500,LYFT,12.40,3976746,2025-02-12T13:43:21Z,204600.00,False,,12.43,12.40,extended_hours_trade,L,800,5550,31401425953348,,,
10000,LYFT,12.38,3942081,2025-02-12T13:41:43Z,123800.00,False,,12.39,12.36,extended_hours_trade,L,800,638,31303209634267,,,
11000,LYFT,12.30,3759964,2025-02-12T13:35:51Z,135300.00,False,,12.31,12.28,extended_hours_trade,L,191,115,30951098134776,,,
10000,LYFT,12.5899,3355294,2025-02-12T13:29:51Z,125899.0000,False,,12.59,12.55,extended_hours_trade,L,3772,100,30591539177807,,,
10000,LYFT,12.59,3221364,2025-02-12T13:27:55Z,125900.00,False,,12.66,12.59,extended_hours_trade,L,100,200,30475406056185,,,
14829,LYFT,12.60,3173725,2025-02-12T13:27:32Z,186845.40,False,,12.62,12.60,extended_hours_trade,L,171,158,30452233733197,,,
13236,LYFT,12.52,3103793,2025-02-12T13:27:00Z,165714.72,False,,12.60,12.50,extended_hours_trade,L,100,100,30420873974049,,,
16060,LYFT,12.36,2610186,2025-02-12T13:18:32Z,198501.60,False,,12.38,12.35,extended_hours_trade,L,56,5100,29912361717876,,,
8685,LYFT,12.3601,2147160,2025-02-12T13:03:29Z,107347.4685,False,,12.37,12.36,extended_hours_trade,L,600,600,29009239414659,,,
10000,LYFT,12.45,1741816,2025-02-12T13:00:03Z,124500.00,False,,12.39,12.37,extended_hours_trade,L,300,621,28803113302490,,,
10000,LYFT,12.4399,1719276,2025-02-12T13:00:02Z,124399.0000,False,,12.39,12.37,extended_hours_trade,L,300,621,28802930655121,,,
8899,LYFT,12.4099,1641331,2025-02-12T13:00:02Z,110435.7001,False,,12.39,12.37,extended_hours_trade,L,300,621,28802248338364,,,
8000,LYFT,12.57,1579180,2025-02-12T13:00:01Z,100560.00,False,,12.39,12.37,extended_hours_trade,L,300,621,28801736435224,,,
14300,LYFT,12.45,1511931,2025-02-12T13:00:01Z,178035.00,False,,12.39,12.37,extended_hours_trade,L,300,621,28801107364209,,,
11860,LYFT,12.4502,1478631,2025-02-12T13:00:00Z,147659.3720,False,,12.39,12.37,extended_hours_trade,L,300,621,28800858635689,,,
14000,LYFT,12.66,1419361,2025-02-12T13:00:00Z,177240.00,False,,12.39,12.37,extended_hours_trade,L,300,621,28800600491597,,,
20000,LYFT,12.66,1439361,2025-02-12T13:00:00Z,253200.00,False,,12.39,12.37,extended_hours_trade,L,300,621,28800600848129,,,
11001,LYFT,12.81,59101086,2025-02-12T00:46:33Z,140922.81,False,,12.81,12.78,extended_hours_trade,L,100,10,71193450298518,,,
9880,LYFT,12.70,58919721,2025-02-12T00:15:12Z,125476.00,False,,12.74,12.69,extended_hours_trade,L,100,5,69312121564755,,,
10000,LYFT,12.8101,58763736,2025-02-12T00:03:33Z,128101.0000,False,,12.85,12.81,extended_hours_trade,L,1100,100,68613138453443,,,
