size,ticker,price,volume,executed_at,canceled,premium,sale_cond_codes,nbbo_bid,nbbo_ask,ext_hour_sold_codes,market_center,nbbo_ask_quantity,nbbo_bid_quantity,tracking_id,trade_code,trade_settlement,trf_executed_at
319,MDB,421.4,1203892,2026-09-24T20:07:42Z,False,134426.6,prior_reference_price,418.03,423.61,extended_hours_trade,L,203,13,38212396495170,,seller,2026-09-24T20:07:42Z
600,MDB,423.61,1203573,2026-09-24T20:06:49Z,False,254166.00,,418.03,423.61,extended_hours_trade,L,200,13,38212396442198,,regular,2026-09-24T20:06:49Z
26184,MDB,421.4,1202960,2026-09-24T20:03:18Z,False,11033937.6,prior_reference_price,418.03,424,extended_hours_trade,L,25,13,38212396230887,,regular,2026-09-24T20:03:18Z
5419,MDB,421.4,1176776,2026-09-24T20:00:25Z,False,2283566.6,prior_reference_price,419.53,423.02,extended_hours_trade,L,25,13,38212396058023,,regular,2026-09-24T20:00:25Z
3981,MDB,421.4,1171342,2026-09-24T20:00:18Z,False,1677593.4,prior_reference_price,419.53,423.02,extended_hours_trade,L,25,13,38212396051397,,regular,2026-09-24T20:00:18Z
635,MDB,421.4,1167361,2026-09-24T20:00:18Z,False,267589.0,prior_reference_price,419.53,423.02,extended_hours_trade,L,25,13,38212396051394,,regular,2026-09-24T20:00:18Z
12265,MDB,421.4,1166347,2026-09-24T20:00:18Z,False,5168471.0,prior_reference_price,419.53,423.02,extended_hours_trade,L,25,13,38212396051181,,regular,2026-09-24T20:00:18Z
14229,MDB,421.4,1153794,2026-09-24T20:00:17Z,False,5996100.6,prior_reference_price,419.53,423.02,extended_hours_trade,L,25,13,38212396050473,,regular,2026-09-24T20:00:17Z
372,MDB,421.4,1139558,2026-09-24T20:00:06Z,False,156760.8,average_price_trade,420.91,423.02,extended_hours_trade,L,25,80,38212396039472,,regular,2026-09-24T20:00:06Z
262,MDB,421.4,1138502,2026-09-24T20:00:02Z,False,110406.8,,421.05,423.02,extended_hours_trade,L,25,80,38212396034711,,regular,2026-09-24T20:00:00Z
240,MDB,421.4,1137534,2026-09-24T20:00:02Z,False,101136.0,,421.05,423.02,extended_hours_trade,L,25,80,38212396034554,,regular,2026-09-24T20:00:00Z
240,MDB,421.4,1137184,2026-09-24T20:00:01Z,False,101136.0,,421.05,423.02,extended_hours_trade,L,25,80,38212396034452,,regular,2026-09-24T20:00:00Z
349,MDB,420.79,989192,2026-09-24T19:59:39Z,False,146855.71,,420.3,420.78,,L,14,80,38212396011833,,regular,2026-09-24T19:59:39Z
252,MDB,420.34,986445,2026-09-24T19:59:32Z,False,105925.68,,420.34,420.85,,L,251,9,38212396004516,,regular,2026-09-24T19:59:32Z
320,MDB,420.2322,976205,2026-09-24T19:59:04Z,False,134474.3040,,420.23,420.66,,L,56,30,38212395977075,,regular,2026-09-24T19:59:04Z
360,MDB,420.739,965182,2026-09-24T19:58:56Z,False,151466.040,average_price_trade,420.02,420.14,,L,24,58,38212395969379,derivative_priced,regular,2026-09-24T19:58:56Z
280,MDB,420.47,954297,2026-09-24T19:58:25Z,False,117731.60,,420.34,420.6,,L,833,210,38212395938228,,regular,2026-09-24T19:58:25Z
240,MDB,420.4463,952542,2026-09-24T19:58:15Z,False,100907.1120,average_price_trade,420.42,420.58,,L,10,116,38212395928161,derivative_priced,regular,2026-09-24T19:58:15Z
291,MDB,420.6295,950205,2026-09-24T19:58:03Z,False,122403.1845,average_price_trade,420.46,420.87,,L,5,14,38212395915677,,regular,2026-09-24T19:58:03Z
600,MDB,420.7896,942293,2026-09-24T19:57:30Z,False,252473.7600,,420.45,420.69,,L,4,3,38212395882894,,regular,2026-09-24T19:57:30Z
320,MDB,420.2,929911,2026-09-24T19:56:44Z,False,134464.0,,420.05,420.38,,L,235,5,38212395837441,,regular,2026-09-24T19:56:44Z
400,MDB,420.2,929591,2026-09-24T19:56:44Z,False,168080.0,,420.05,420.38,,L,235,5,38212395837440,,regular,2026-09-24T19:56:44Z
270,MDB,420.7626,920130,2026-09-24T19:56:18Z,False,113605.9020,average_price_trade,420.31,420.59,,L,56,10,38212395810583,derivative_priced,regular,2026-09-24T19:56:18Z
320,MDB,420.9474,919246,2026-09-24T19:56:14Z,False,134703.1680,average_price_trade,420.32,420.46,,L,16,5,38212395807314,derivative_priced,regular,2026-09-24T19:56:14Z
320,MDB,420.4071,917058,2026-09-24T19:56:02Z,False,134530.2720,average_price_trade,420.67,420.8,,L,11,4,38212395795441,derivative_priced,regular,2026-09-24T19:56:02Z
239,MDB,420.64,915178,2026-09-24T19:55:50Z,False,100532.96,,420.71,420.94,,L,39,24,38212395782617,,regular,2026-09-24T19:55:50Z
400,MDB,420.4432,910716,2026-09-24T19:55:15Z,False,168177.2800,average_price_trade,420.78,420.95,,L,22,70,38212395748502,derivative_priced,regular,2026-09-24T19:55:15Z
320,MDB,421.0963,900451,2026-09-24T19:54:06Z,False,134750.8160,average_price_trade,419.86,420.13,,L,193,21,38212395678894,derivative_priced,regular,2026-09-24T19:54:06Z
520,MDB,421.1385,899929,2026-09-24T19:54:01Z,False,218992.0200,average_price_trade,419.86,420.13,,L,173,20,38212395674035,derivative_priced,regular,2026-09-24T19:54:01Z
240,MDB,421.3308,883416,2026-09-24T19:52:15Z,False,101119.3920,average_price_trade,420.75,421.12,,L,112,42,38212395568500,derivative_priced,regular,2026-09-24T19:52:15Z
240,MDB,421,881846,2026-09-24T19:51:49Z,False,101040,,420.9,421.29,,L,2,1,38212395541861,,regular,2026-09-24T19:51:49Z
249,MDB,421.02,879409,2026-09-24T19:51:17Z,False,104833.98,,420.73,421.02,,L,97,22,38212395510087,,regular,2026-09-24T19:51:17Z
240,MDB,421.4235,872139,2026-09-24T19:50:36Z,False,101141.6400,average_price_trade,420.73,421.12,,L,40,2,38212395469322,derivative_priced,regular,2026-09-24T19:50:36Z
1100,MDB,420.87,871022,2026-09-24T19:50:28Z,False,462957.00,,420.8,420.91,,L,60,2,38212395461113,,regular,2026-09-24T19:50:28Z
500,MDB,421.215,865957,2026-09-24T19:50:05Z,False,210607.500,,420.61,420.9,,2,120,58,38212395437695,,regular,2026-09-24T19:50:05Z
677,MDB,421.45,863710,2026-09-24T19:50:00Z,False,285321.65,,421.45,421.71,,L,31,40,38212395432942,,regular,2026-09-24T19:50:00Z
720,MDB,422.1,859178,2026-09-24T19:49:49Z,False,303912.0,,421.85,422.15,,L,67,96,38212395421966,,regular,2026-09-24T19:49:49Z
1100,MDB,422.25,852013,2026-09-24T19:49:33Z,False,464475.00,,422.25,422.95,,L,100,21,38212395406268,,regular,2026-09-24T19:49:33Z
543,MDB,421.09,838724,2026-09-24T19:48:13Z,False,228651.87,,420.63,421.09,,L,16,39,38212395326440,,regular,2026-09-24T19:48:13Z
720,MDB,420.83,836723,2026-09-24T19:47:55Z,False,302997.60,,420.58,421.09,,L,10,10,38212395308081,,regular,2026-09-24T19:47:55Z
280,MDB,421.8871,827922,2026-09-24T19:46:05Z,False,118128.3880,average_price_trade,421.71,421.88,,L,27,1,38212395197737,derivative_priced,regular,2026-09-24T19:46:05Z
275,MDB,421.27,822292,2026-09-24T19:44:54Z,False,115849.25,,420.99,421.27,,L,62,68,38212395127117,,regular,2026-09-24T19:44:54Z
920,MDB,421.28,820048,2026-09-24T19:44:46Z,False,387577.60,,421.28,421.56,,L,19,10,38212395118792,,regular,2026-09-24T19:44:46Z
520,MDB,422.2158,815342,2026-09-24T19:43:58Z,False,219552.2160,average_price_trade,421.38,421.73,,L,23,41,38212395070655,derivative_priced,regular,2026-09-24T19:43:58Z
440,MDB,421.6031,809405,2026-09-24T19:43:04Z,False,185505.3640,,421.58,421.91,,L,83,200,38212395016891,,regular,2026-09-24T19:43:04Z
400,MDB,420.0081,802046,2026-09-24T19:40:45Z,False,168003.2400,average_price_trade,421.94,422.4,,L,61,100,38212394877780,derivative_priced,regular,2026-09-24T19:40:45Z
240,MDB,422.607,801195,2026-09-24T19:40:32Z,False,101425.680,average_price_trade,422.22,422.52,,L,7,131,38212394865126,derivative_priced,regular,2026-09-24T19:40:32Z
440,MDB,422.6001,800945,2026-09-24T19:40:30Z,False,185944.0440,average_price_trade,422.22,422.52,,L,7,131,38212394863004,derivative_priced,regular,2026-09-24T19:40:30Z
428,MDB,422.004,798731,2026-09-24T19:39:30Z,False,180617.712,,421.96,422.4,,L,33,40,38212394802958,,regular,2026-09-24T19:39:30Z
256,MDB,421.982,798157,2026-09-24T19:39:30Z,False,108027.392,,421.96,422.4,,L,33,40,38212394802955,,regular,2026-09-24T19:39:30Z
364,MDB,422.18,796743,2026-09-24T19:39:30Z,False,153673.52,,422.18,422.63,,L,181,80,38212394802747,,regular,2026-09-24T19:39:30Z
238,MDB,423.295,789699,2026-09-24T19:36:52Z,False,100744.210,,422.87,423.32,,L,119,400,38212394645501,,regular,2026-09-24T19:36:52Z
254,MDB,423.78,788493,2026-09-24T19:36:13Z,False,107640.12,,422.51,423.77,,L,30,240,38212394606250,,regular,2026-09-24T19:36:13Z
640,MDB,419.5111,788056,2026-09-24T19:36:00Z,False,268487.1040,average_price_trade,422.51,423.78,,L,30,240,38212394593135,derivative_priced,regular,2026-09-24T19:36:00Z
475,MDB,422.51,787312,2026-09-24T19:35:55Z,False,200692.25,,422.51,423.79,,L,20,41,38212394587675,,regular,2026-09-24T19:35:55Z
725,MDB,421.98,775521,2026-09-24T19:33:17Z,False,305935.50,,421.84,422.12,,L,40,40,38212394429936,,regular,2026-09-24T19:33:17Z
240,MDB,421.98,774795,2026-09-24T19:33:17Z,False,101275.20,,421.84,422.12,,L,40,40,38212394429911,,regular,2026-09-24T19:33:17Z
240,MDB,421.84,773127,2026-09-24T19:33:14Z,False,101241.60,,421.84,422.49,,L,16,137,38212394426635,,regular,2026-09-24T19:33:14Z
637,MDB,421.84,771969,2026-09-24T19:33:05Z,False,268712.08,,421.84,422.99,,L,10,94,38212394418274,,regular,2026-09-24T19:33:05Z
280,MDB,420.835,767556,2026-09-24T19:32:06Z,False,117833.800,,420.43,421.23,,L,10,240,38212394358907,,regular,2026-09-24T19:32:06Z
400,MDB,420.835,767256,2026-09-24T19:32:06Z,False,168334.000,,420.43,421.23,,L,10,240,38212394358906,,regular,2026-09-24T19:32:06Z
260,MDB,420.25,765416,2026-09-24T19:31:55Z,False,109265.00,,419.79,420.73,,L,11,80,38212394348281,,regular,2026-09-24T19:31:55Z
300,MDB,420.25,761182,2026-09-24T19:31:55Z,False,126075.00,,419.79,420.73,,L,11,80,38212394348236,,regular,2026-09-24T19:31:55Z
3117,MDB,420.25,764299,2026-09-24T19:31:55Z,False,1309919.25,,419.79,420.73,,L,11,80,38212394348236,,regular,2026-09-24T19:31:55Z
240,MDB,420,760043,2026-09-24T19:31:40Z,False,100800,,419.76,420.78,,L,10,14,38212394333201,,regular,2026-09-24T19:31:40Z
300,MDB,419.675,758256,2026-09-24T19:31:37Z,False,125902.500,,419.37,419.99,,L,11,13,38212394330426,,regular,2026-09-24T19:31:37Z
300,MDB,419.675,757048,2026-09-24T19:31:37Z,False,125902.500,,419.37,419.99,,L,11,13,38212394330416,,regular,2026-09-24T19:31:37Z
300,MDB,419.675,756748,2026-09-24T19:31:37Z,False,125902.500,,419.37,419.99,,L,11,13,38212394330413,,regular,2026-09-24T19:31:37Z
600,MDB,420,754767,2026-09-24T19:31:37Z,False,252000,,419.37,420.25,,L,72,20,38212394329600,,regular,2026-09-24T19:31:37Z
15000,MDB,419.12,752567,2026-09-24T19:31:36Z,False,6286800.00,,419.52,420.89,,L,45,20,38212394329356,,regular,2026-09-24T19:31:36Z
25000,MDB,418.05,729237,2026-09-24T19:30:52Z,False,10451250.00,,417.86,418.23,,L,6,120,38212394284975,,regular,2026-09-24T19:30:52Z
360,MDB,418.8153,703055,2026-09-24T19:30:33Z,False,150773.5080,average_price_trade,417.99,418.27,,L,1,39,38212394266227,derivative_priced,regular,2026-09-24T19:30:33Z
240,MDB,419.1266,692875,2026-09-24T19:27:37Z,False,100590.3840,,419.1,419.48,,L,79,100,38212394090480,,regular,2026-09-24T19:27:37Z
240,MDB,419.31,692294,2026-09-24T19:27:23Z,False,100634.40,,419.23,419.48,,L,114,1,38212394075964,,regular,2026-09-24T19:27:23Z
560,MDB,419.6545,689724,2026-09-24T19:25:59Z,False,235006.5200,average_price_trade,419.57,419.86,,L,14,64,38212393992019,derivative_priced,regular,2026-09-24T19:25:59Z
240,MDB,419.5448,684611,2026-09-24T19:22:45Z,False,100690.7520,average_price_trade,419.82,420.68,,L,53,3,38212393797933,derivative_priced,regular,2026-09-24T19:22:45Z
373,MDB,420.24,684243,2026-09-24T19:22:28Z,False,156749.52,,419.8,420.68,,L,52,123,38212393781459,,regular,2026-09-24T19:22:28Z
365,MDB,420.24,683870,2026-09-24T19:22:28Z,False,153387.60,,419.8,420.68,,L,52,123,38212393781458,,regular,2026-09-24T19:22:28Z
300,MDB,420.21,683194,2026-09-24T19:22:18Z,False,126063.00,,419.79,420.68,,L,51,26,38212393770838,,regular,2026-09-24T19:22:18Z
300,MDB,420.21,682326,2026-09-24T19:22:18Z,False,126063.00,,419.8,420.68,,L,51,37,38212393770834,,regular,2026-09-24T19:22:18Z
560,MDB,420.21,682891,2026-09-24T19:22:18Z,False,235317.60,,419.8,420.68,,L,51,37,38212393770834,,regular,2026-09-24T19:22:18Z
300,MDB,420.21,681386,2026-09-24T19:22:18Z,False,126063.00,,419.8,420.68,,L,51,37,38212393770833,,regular,2026-09-24T19:22:18Z
300,MDB,420.21,681686,2026-09-24T19:22:18Z,False,126063.00,,419.8,420.68,,L,51,37,38212393770833,,regular,2026-09-24T19:22:18Z
300,MDB,420.21,682026,2026-09-24T19:22:18Z,False,126063.00,,419.8,420.68,,L,51,37,38212393770833,,regular,2026-09-24T19:22:18Z
240,MDB,419.57,680012,2026-09-24T19:21:49Z,False,100696.80,,419.74,420.68,,L,31,13,38212393741637,,regular,2026-09-24T19:21:49Z
1115,MDB,419.535,676535,2026-09-24T19:21:37Z,False,467781.525,,419.49,419.88,,L,160,121,38212393729694,,regular,2026-09-24T19:21:37Z
400,MDB,419.685,673486,2026-09-24T19:21:37Z,False,167874.000,,419.49,419.88,,L,160,121,38212393729678,,regular,2026-09-24T19:21:37Z
1800,MDB,419.4901,667958,2026-09-24T19:21:30Z,False,755082.1800,,419.49,419.89,,L,128,121,38212393722528,,regular,2026-09-24T19:21:30Z
240,MDB,419.4536,665399,2026-09-24T19:20:40Z,False,100668.8640,average_price_trade,419.49,419.89,,L,84,120,38212393672659,derivative_priced,regular,2026-09-24T19:20:40Z
400,MDB,419.505,656658,2026-09-24T19:18:31Z,False,167802.000,,419.33,419.69,,L,111,11,38212393543742,,regular,2026-09-24T19:18:31Z
346,MDB,419.505,656141,2026-09-24T19:18:24Z,False,145148.730,,419.33,419.69,,L,71,1,38212393536709,,regular,2026-09-24T19:18:24Z
3300,MDB,420.885,622250,2026-09-24T19:06:58Z,False,1388920.500,,420.62,421.15,,L,50,107,38212392851118,,regular,2026-09-24T19:06:58Z
3300,MDB,420.885,618806,2026-09-24T19:06:58Z,False,1388920.500,,420.62,421.15,,L,50,107,38212392851117,,regular,2026-09-24T19:06:58Z
4374,MDB,420.48,599947,2026-09-24T19:01:20Z,False,1839179.52,,420.18,420.8,,L,160,1,38212392513439,,regular,2026-09-24T19:01:20Z
240,MDB,419.83,577312,2026-09-24T18:50:51Z,False,100759.20,,419.67,420,,L,107,17,38212391884025,,regular,2026-09-24T18:50:51Z
800,MDB,419.06,573735,2026-09-24T18:48:20Z,False,335248.00,,418.86,419.4,,L,40,9,38212391733275,,regular,2026-09-24T18:48:20Z
800,MDB,418.485,569558,2026-09-24T18:47:33Z,False,334788.000,,418.24,418.73,,L,77,94,38212391686046,,regular,2026-09-24T18:47:33Z
700,MDB,418.0439,564415,2026-09-24T18:43:57Z,False,292630.7300,,418.03,418.61,,L,10,80,38212391469914,,regular,2026-09-24T18:43:57Z
360,MDB,417.02,551045,2026-09-24T18:34:32Z,False,150127.20,,416.79,417.02,,L,11,100,38212390905198,,regular,2026-09-24T18:34:32Z
450,MDB,416.86,550034,2026-09-24T18:33:49Z,False,187587.00,,416.79,417.12,,L,25,100,38212390862442,,regular,2026-09-24T18:33:49Z
500,MDB,417.45,549012,2026-09-24T18:33:37Z,False,208725.00,,417.15,417.45,,L,40,15,38212390850079,,regular,2026-09-24T18:33:37Z
300,MDB,418.26,543913,2026-09-24T18:31:27Z,False,125478.00,,418.13,418.53,,L,5,40,38212390720316,,regular,2026-09-24T18:31:27Z
287,MDB,418.125,540382,2026-09-24T18:28:07Z,False,120001.875,,417.87,418.38,,L,88,40,38212390520444,,regular,2026-09-24T18:28:07Z
300,MDB,418.05,539575,2026-09-24T18:27:14Z,False,125415.00,,418.05,418.38,,L,10,90,38212390467404,,regular,2026-09-24T18:27:14Z
691,MDB,418.5538,531616,2026-09-24T18:20:50Z,False,289220.6758,,418.75,419.21,,L,10,10,38212390082674,,regular,2026-09-24T18:20:50Z
260,MDB,419.03,528489,2026-09-24T18:17:24Z,False,108947.80,,418.84,419.25,,L,224,1,38212389876887,,regular,2026-09-24T18:17:24Z
300,MDB,418.58,522300,2026-09-24T18:11:10Z,False,125574.00,,418.12,419,,L,5,50,38212389502771,,regular,2026-09-24T18:11:10Z
320,MDB,417.665,494919,2026-09-24T18:06:13Z,False,133652.800,,417.25,418.41,,L,26,14,38212389205572,,regular,2026-09-24T18:06:13Z
320,MDB,417.665,494530,2026-09-24T18:06:13Z,False,133652.800,,417.25,418.41,,L,26,14,38212389205566,,regular,2026-09-24T18:06:13Z
280,MDB,417.455,485609,2026-09-24T18:05:36Z,False,116887.400,,417.51,417.87,,L,168,103,38212389169280,,regular,2026-09-24T18:05:36Z
2480,MDB,417.87,483495,2026-09-24T18:05:16Z,False,1036317.60,,417.51,417.87,,L,67,40,38212389148833,,regular,2026-09-24T18:05:16Z
2099,MDB,417.87,481015,2026-09-24T18:05:16Z,False,877109.13,,417.51,417.87,,L,67,40,38212389148832,,regular,2026-09-24T18:05:16Z
259,MDB,419.255,460013,2026-09-24T17:54:43Z,False,108587.045,,418.94,419.57,,L,111,50,38212388516415,,regular,2026-09-24T17:54:43Z
300,MDB,418.44,454836,2026-09-24T17:52:04Z,False,125532.00,,418.06,418.53,,L,13,160,38212388357203,,regular,2026-09-24T17:52:04Z
800,MDB,418,453560,2026-09-24T17:52:04Z,False,334400,,417.94,418.05,,L,26,7,38212388357160,,regular,2026-09-24T17:52:04Z
257,MDB,417.6052,434181,2026-09-24T17:37:39Z,False,107324.5364,,417.6,418.01,,L,100,100,38212387492269,,regular,2026-09-24T17:37:39Z
458,MDB,419.29,420845,2026-09-24T17:28:07Z,False,192034.82,,419.29,419.74,,L,45,5,38212386919975,,regular,2026-09-24T17:28:07Z
252,MDB,418.15,400146,2026-09-24T17:09:21Z,False,105373.80,,418.26,418.94,,L,116,5,38212385794398,,regular,2026-09-24T17:09:21Z
440,MDB,418.29,398626,2026-09-24T17:08:03Z,False,184047.60,,418.58,418.89,,L,5,1,38212385715960,,regular,2026-09-24T17:08:03Z
380,MDB,419.16,389720,2026-09-24T17:00:29Z,False,159280.80,,419.12,419.8,,L,94,40,38212385261555,,regular,2026-09-24T17:00:29Z
250,MDB,419.455,389145,2026-09-24T17:00:02Z,False,104863.750,,419.11,419.8,,L,84,140,38212385234620,,regular,2026-09-24T17:00:02Z
260,MDB,419.5,388084,2026-09-24T16:59:10Z,False,109070.0,,419.16,419.8,,L,50,80,38212385182536,,regular,2026-09-24T16:59:10Z
720,MDB,419.53,378542,2026-09-24T16:46:38Z,False,302061.60,,419.53,420,,L,40,49,38212384431101,,regular,2026-09-24T16:46:38Z
1000,MDB,419.59,370218,2026-09-24T16:40:06Z,False,419590.00,,419.28,419.92,,L,168,151,38212384039224,,regular,2026-09-24T16:40:06Z
2681,MDB,420.14,365615,2026-09-24T16:38:48Z,False,1126395.34,,419.79,420.36,,L,1,40,38212383960799,,regular,2026-09-24T16:38:48Z
2386,MDB,420.14,362875,2026-09-24T16:38:48Z,False,1002454.04,,419.79,420.36,,L,1,40,38212383960795,,regular,2026-09-24T16:38:48Z
1787,MDB,419.6,359550,2026-09-24T16:37:33Z,False,749825.2,,419.59,420.36,,L,20,40,38212383885613,,regular,2026-09-24T16:37:33Z
500,MDB,419.875,357314,2026-09-24T16:37:20Z,False,209937.500,,419.59,420.16,,L,94,40,38212383873307,,regular,2026-09-24T16:37:20Z
632,MDB,419.285,351313,2026-09-24T16:35:18Z,False,264988.120,,419.04,419.53,,L,172,40,38212383751396,,regular,2026-09-24T16:35:18Z
400,MDB,420.335,330324,2026-09-24T16:18:20Z,False,168134.000,,420.02,420.65,,L,95,60,38212382732565,,regular,2026-09-24T16:18:20Z
390,MDB,418.77,318760,2026-09-24T16:10:50Z,False,163320.30,,418.73,419.18,,L,60,2,38212382283167,,regular,2026-09-24T16:10:50Z
250,MDB,419.0151,309349,2026-09-24T16:06:27Z,False,104753.7750,,418.81,419.22,,L,315,122,38212382019663,,regular,2026-09-24T16:06:27Z
360,MDB,419,308611,2026-09-24T16:05:40Z,False,150840,,418.8,419.22,,L,55,50,38212381972917,,regular,2026-09-24T16:05:40Z
450,MDB,419.715,305650,2026-09-24T16:02:58Z,False,188871.750,,419.52,419.9,,L,10,40,38212381811503,,regular,2026-09-24T16:02:58Z
581,MDB,420.45,296861,2026-09-24T15:59:50Z,False,244281.45,,420.4,420.69,,L,19,116,38212381622520,,regular,2026-09-24T15:59:50Z
383,MDB,420.995,292313,2026-09-24T15:56:02Z,False,161241.085,,420.8,421.19,,L,256,40,38212381394729,,regular,2026-09-24T15:56:02Z
250,MDB,421.155,288646,2026-09-24T15:52:45Z,False,105288.750,,420.84,421.51,,L,234,1,38212381198003,,regular,2026-09-24T15:52:45Z
630,MDB,420.55,281680,2026-09-24T15:45:22Z,False,264946.50,,420.03,420.67,,L,1,80,38212380755408,,regular,2026-09-24T15:45:22Z
280,MDB,420.98,274090,2026-09-24T15:42:22Z,False,117874.40,,420.74,421.22,,L,247,40,38212380574627,,regular,2026-09-24T15:42:22Z
300,MDB,421.125,273043,2026-09-24T15:42:01Z,False,126337.500,,420.85,421.4,,L,122,40,38212380554212,,regular,2026-09-24T15:42:01Z
320,MDB,421.9478,251808,2026-09-24T15:31:43Z,False,135023.2960,,421.48,421.97,,L,125,180,38212379936066,,regular,2026-09-24T15:31:43Z
280,MDB,421.61,249039,2026-09-24T15:28:37Z,False,118050.80,,421.22,422.02,,L,21,102,38212379749676,,regular,2026-09-24T15:28:37Z
317,MDB,421.445,245243,2026-09-24T15:26:41Z,False,133598.065,,421.2,421.69,,L,112,145,38212379633570,,regular,2026-09-24T15:26:41Z
277,MDB,421.445,244298,2026-09-24T15:26:21Z,False,116740.265,,421.2,421.69,,L,102,141,38212379614125,,regular,2026-09-24T15:26:21Z
287,MDB,421.445,243963,2026-09-24T15:26:12Z,False,120954.715,,421.2,421.69,,L,20,101,38212379604627,,regular,2026-09-24T15:26:12Z
474,MDB,420.75,239912,2026-09-24T15:23:24Z,False,199435.50,,420.75,421.39,,L,5,1,38212379437307,,regular,2026-09-24T15:23:24Z
3500,MDB,423.95,226407,2026-09-24T15:15:33Z,False,1483825.00,,423.58,424.3,,L,10,200,38212378965847,,regular,2026-09-24T15:15:33Z
736,MDB,423.95,222542,2026-09-24T15:15:33Z,False,312027.20,,423.58,424.3,,L,10,200,38212378965637,,regular,2026-09-24T15:15:33Z
324,MDB,423.95,221522,2026-09-24T15:15:33Z,False,137359.80,,423.58,424.3,,L,10,200,38212378965634,,regular,2026-09-24T15:15:33Z
251,MDB,424.57,209562,2026-09-24T15:10:02Z,False,106567.07,,424.38,425.49,,L,26,1,38212378634513,,regular,2026-09-24T15:10:02Z
240,MDB,424.59,208829,2026-09-24T15:09:14Z,False,101901.60,,424.59,424.88,,L,26,50,38212378586917,,regular,2026-09-24T15:09:14Z
410,MDB,427,202652,2026-09-24T15:04:21Z,False,175070,,426.61,427.48,,L,40,149,38212378294507,,regular,2026-09-24T15:04:21Z
468,MDB,426.39,200341,2026-09-24T15:03:44Z,False,199550.52,,426.12,426.67,,L,40,110,38212378257326,,regular,2026-09-24T15:03:44Z
280,MDB,424.855,195508,2026-09-24T15:02:04Z,False,118959.400,,424.46,424.95,,L,1,2,38212378157167,,regular,2026-09-24T15:02:04Z
300,MDB,424.855,194968,2026-09-24T15:02:04Z,False,127456.500,,424.46,424.95,,L,1,2,38212378157148,,regular,2026-09-24T15:02:04Z
456,MDB,424.925,193706,2026-09-24T14:59:29Z,False,193765.800,,424.5,425.35,,L,113,40,38212378001812,,regular,2026-09-24T14:59:29Z
295,MDB,425.2,182554,2026-09-24T14:48:24Z,False,125434.0,,425.2,425.62,,L,5,40,38212377336748,,regular,2026-09-24T14:48:24Z
240,MDB,424,178378,2026-09-24T14:47:04Z,False,101760,,424.31,424.71,,L,6,17,38212377256872,,regular,2026-09-24T14:47:04Z
240,MDB,424,178618,2026-09-24T14:47:04Z,False,101760,,424.31,424.71,,L,6,17,38212377256872,,regular,2026-09-24T14:47:04Z
240,MDB,424,177782,2026-09-24T14:47:04Z,False,101760,,424.31,424.71,,L,6,17,38212377256865,,regular,2026-09-24T14:47:04Z
300,MDB,424.15,178113,2026-09-24T14:47:04Z,False,127245.00,,424.31,424.71,,L,6,17,38212377256865,,regular,2026-09-24T14:47:04Z
248,MDB,424,177542,2026-09-24T14:47:04Z,False,105152,,424.31,424.71,,L,6,17,38212377256864,,regular,2026-09-24T14:47:04Z
262,MDB,422.57,164312,2026-09-24T14:43:06Z,False,110713.34,,422.16,423,,L,110,24,38212377018707,,regular,2026-09-24T14:43:06Z
846,MDB,422.47,162555,2026-09-24T14:42:13Z,False,357409.62,,422.12,422.69,,L,5,120,38212376966098,,regular,2026-09-24T14:42:13Z
1036,MDB,422.115,161542,2026-09-24T14:42:09Z,False,437311.140,,422,422.69,,L,32,13,38212376961755,,regular,2026-09-24T14:42:09Z
3300,MDB,422.115,160344,2026-09-24T14:42:09Z,False,1392979.500,,422,422.69,,L,32,13,38212376961754,,regular,2026-09-24T14:42:09Z
500,MDB,420.705,139931,2026-09-24T14:30:08Z,False,210352.500,,420.48,421.17,,L,40,3,38212376240570,,regular,2026-09-24T14:30:08Z
500,MDB,420.835,138465,2026-09-24T14:29:29Z,False,210417.500,,420.49,421.18,,L,40,80,38212376201576,,regular,2026-09-24T14:29:29Z
241,MDB,420.87,126416,2026-09-24T14:24:04Z,False,101429.67,,420.63,421.66,,L,145,145,38212375877229,,regular,2026-09-24T14:24:04Z
278,MDB,420,120493,2026-09-24T14:23:46Z,False,116760,,419.83,420.33,,L,128,35,38212375859435,,regular,2026-09-24T14:23:46Z
280,MDB,420,120195,2026-09-24T14:23:46Z,False,117600,,419.53,420.14,,L,115,217,38212375859433,,regular,2026-09-24T14:23:46Z
246,MDB,419.5039,113312,2026-09-24T14:22:16Z,False,103197.9594,,419.5,420.28,,L,10,5,38212375769107,,regular,2026-09-24T14:22:16Z
300,MDB,422.525,101832,2026-09-24T14:14:34Z,False,126757.500,,422.16,422.89,,L,63,150,38212375307229,,regular,2026-09-24T14:14:34Z
480,MDB,422.525,101532,2026-09-24T14:14:34Z,False,202812.000,,422.16,422.89,,L,63,150,38212375307228,,regular,2026-09-24T14:14:34Z
300,MDB,422.525,99710,2026-09-24T14:14:34Z,False,126757.500,,422.16,422.89,,L,63,150,38212375307226,,regular,2026-09-24T14:14:34Z
300,MDB,422.525,100010,2026-09-24T14:14:34Z,False,126757.500,,422.16,422.89,,L,63,150,38212375307226,,regular,2026-09-24T14:14:34Z
300,MDB,422.525,100310,2026-09-24T14:14:34Z,False,126757.500,,422.16,422.89,,L,63,150,38212375307226,,regular,2026-09-24T14:14:34Z
300,MDB,422.525,100710,2026-09-24T14:14:34Z,False,126757.500,,422.16,422.89,,L,63,150,38212375307226,,regular,2026-09-24T14:14:34Z
300,MDB,422.525,101012,2026-09-24T14:14:34Z,False,126757.500,,422.16,422.89,,L,63,150,38212375307226,,regular,2026-09-24T14:14:34Z
528,MDB,422.8,97394,2026-09-24T14:14:34Z,False,223238.4,,422.16,422.89,,L,63,180,38212375306936,,regular,2026-09-24T14:14:34Z
280,MDB,422.8,96429,2026-09-24T14:14:34Z,False,118384.0,,422.16,422.89,,L,63,180,38212375306930,,regular,2026-09-24T14:14:34Z
733,MDB,423.2433,91896,2026-09-24T14:10:38Z,False,310237.3389,,422.46,423.74,,L,61,120,38212375071104,,regular,2026-09-24T14:10:38Z
880,MDB,422.76,90564,2026-09-24T14:10:14Z,False,372028.80,,422.44,423.74,,L,75,100,38212375046994,,regular,2026-09-24T14:10:14Z
427,MDB,422.71,89082,2026-09-24T14:09:49Z,False,180497.17,,422.32,423.5,,L,25,40,38212375022150,,regular,2026-09-24T14:09:49Z
560,MDB,422.58,78349,2026-09-24T14:05:40Z,False,236644.80,,422.53,423.51,,L,60,40,38212374772729,,regular,2026-09-24T14:05:40Z
440,MDB,423.045,76411,2026-09-24T14:05:04Z,False,186139.800,,422.11,423.69,,L,5,46,38212374737312,,regular,2026-09-24T14:05:04Z
300,MDB,423.045,74322,2026-09-24T14:05:04Z,False,126913.500,,422.11,423.69,,L,5,46,38212374737308,,regular,2026-09-24T14:05:04Z
300,MDB,423.045,73743,2026-09-24T14:05:04Z,False,126913.500,,422.11,423.69,,L,5,46,38212374737307,,regular,2026-09-24T14:05:04Z
440,MDB,423.045,73083,2026-09-24T14:05:04Z,False,186139.800,,422.11,423.69,,L,5,46,38212374737306,,regular,2026-09-24T14:05:04Z
300,MDB,423.045,71123,2026-09-24T14:05:04Z,False,126913.500,,422.11,423.69,,L,5,46,38212374737305,,regular,2026-09-24T14:05:04Z
300,MDB,423.045,71423,2026-09-24T14:05:04Z,False,126913.500,,422.11,423.69,,L,5,46,38212374737305,,regular,2026-09-24T14:05:04Z
300,MDB,423.045,71923,2026-09-24T14:05:04Z,False,126913.500,,422.11,423.69,,L,5,46,38212374737305,,regular,2026-09-24T14:05:04Z
440,MDB,422.895,69993,2026-09-24T14:04:45Z,False,186073.800,,422.09,423.69,,L,6,50,38212374718246,,regular,2026-09-24T14:04:45Z
258,MDB,422.895,69553,2026-09-24T14:04:45Z,False,109106.910,,422.09,423.69,,L,6,50,38212374718212,,regular,2026-09-24T14:04:45Z
320,MDB,421.98,67886,2026-09-24T14:02:30Z,False,135033.60,,422.02,423.95,,L,20,2,38212374583021,,regular,2026-09-24T14:02:30Z
300,MDB,422.955,66693,2026-09-24T14:02:05Z,False,126886.500,,421.93,423.97,,L,20,40,38212374557941,,regular,2026-09-24T14:02:05Z
500,MDB,422.47,61198,2026-09-24T13:59:19Z,False,211235.00,,421.98,422.96,,L,60,40,38212374391920,,regular,2026-09-24T13:59:19Z
500,MDB,422.9296,60087,2026-09-24T13:59:04Z,False,211464.8000,,421.84,422.87,,L,3,120,38212374376864,,regular,2026-09-24T13:59:04Z
800,MDB,422.16,55677,2026-09-24T13:57:30Z,False,337728.00,,421.52,422.35,,L,8,45,38212374282578,,regular,2026-09-24T13:57:30Z
300,MDB,420.795,50243,2026-09-24T13:55:06Z,False,126238.500,,419.84,421.52,,L,101,2,38212374139198,,regular,2026-09-24T13:55:06Z
500,MDB,421.2862,47989,2026-09-24T13:53:57Z,False,210643.1000,,421.21,421.91,,L,40,106,38212374070448,,regular,2026-09-24T13:53:57Z
500,MDB,420.305,46129,2026-09-24T13:53:17Z,False,210152.500,,419.55,421.06,,L,51,80,38212374030139,,regular,2026-09-24T13:53:17Z
336,MDB,420.125,41202,2026-09-24T13:49:54Z,False,141162.000,,420,420.76,,L,50,10,38212373826833,,regular,2026-09-24T13:49:54Z
300,MDB,420.885,37232,2026-09-24T13:47:00Z,False,126265.500,,419.7,420.86,,L,2,50,38212373653487,,regular,2026-09-24T13:47:00Z
340,MDB,420.33,36516,2026-09-24T13:46:45Z,False,142912.20,,420.58,422.09,,L,2,1,38212373638290,,regular,2026-09-24T13:46:45Z
360,MDB,422.75,33629,2026-09-24T13:46:08Z,False,152190.00,,422.76,424.33,,L,2,95,38212373600768,,regular,2026-09-24T13:46:08Z
600,MDB,422.75,34246,2026-09-24T13:46:08Z,False,253650.00,,422.76,424.33,,L,2,95,38212373600768,,regular,2026-09-24T13:46:08Z
450,MDB,423.96,31294,2026-09-24T13:44:13Z,False,190782.00,,422.92,425,,L,51,5,38212373485761,,regular,2026-09-24T13:44:13Z
240,MDB,423.98,30378,2026-09-24T13:43:33Z,False,101755.20,,422.57,424.86,,L,5,130,38212373446009,,regular,2026-09-24T13:43:33Z
300,MDB,424,21299,2026-09-24T13:35:58Z,False,127200,,421.1,425.2,,L,10,29,38212372991502,,regular,2026-09-24T13:35:58Z
345,MDB,421.84,18674,2026-09-24T13:34:25Z,False,145534.80,,421.05,424.99,,L,86,140,38212372898122,,regular,2026-09-24T13:34:25Z
360,MDB,421.395,16240,2026-09-24T13:31:33Z,False,151702.200,,420.03,422.76,,L,40,100,38212372726233,,regular,2026-09-24T13:31:33Z
550,MDB,422.682,14499,2026-09-24T13:31:18Z,False,232475.100,,421.6,422.76,,L,40,16,38212372711442,,regular,2026-09-24T13:31:18Z
