size,ticker,price,volume,executed_at,canceled,premium,sale_cond_codes,nbbo_bid,nbbo_ask,ext_hour_sold_codes,market_center,nbbo_ask_quantity,nbbo_bid_quantity,tracking_id,trade_code,trade_settlement,trf_executed_at
1398,MP,75.8797,12248350,2025-08-13T23:38:44Z,False,106079.8206,,75.81,75.88,extended_hours_trade,L,105,10,70724937504395,,regular,
1973,MP,75.6495,12239297,2025-08-13T23:23:20Z,False,149256.4635,,75.61,75.75,extended_hours_trade,L,50,150,69800749060240,,regular,
3000,MP,75.4201,12210750,2025-08-13T21:18:13Z,False,226260.3000,,75.10,75.55,extended_hours_trade,L,23,8,62293652959718,,regular,
2900,MP,75.41,12204545,2025-08-13T20:59:27Z,False,218689.00,,75.10,75.54,extended_hours_trade,L,98,8,61167716394256,,regular,
150209,MP,75.40,12194881,2025-08-13T20:35:52Z,False,11325758.60,prior_reference_price,75.50,75.55,extended_hours_trade,L,2,27,59752582780533,,regular,
2118,MP,75.3218,12033059,2025-08-13T20:04:01Z,False,159531.5724,,75.32,75.50,extended_hours_trade,L,900,83,57841632478599,,regular,
5483,MP,75.40,12027657,2025-08-13T20:00:25Z,False,413418.20,prior_reference_price,75.10,75.98,extended_hours_trade,L,1000,8,57625122021595,,regular,
1795,MP,75.40,12020994,2025-08-13T20:00:24Z,False,135343.00,prior_reference_price,75.10,75.98,extended_hours_trade,L,1000,8,57624920372103,,regular,
1819,MP,75.40,12019199,2025-08-13T20:00:24Z,False,137152.60,prior_reference_price,75.10,75.98,extended_hours_trade,L,1000,8,57624913910701,,regular,
1730,MP,75.40,12012326,2025-08-13T20:00:05Z,False,130442.00,,75.10,75.98,extended_hours_trade,L,1000,8,57605417636232,,regular,
4575,MP,75.40,12016901,2025-08-13T20:00:05Z,False,344955.00,,75.10,75.98,extended_hours_trade,L,1000,8,57605417705138,,regular,
1970,MP,75.40,12010496,2025-08-13T20:00:05Z,False,148538.00,,75.10,75.98,extended_hours_trade,L,1000,8,57605411796374,,regular,
2000,MP,75.40,12008403,2025-08-13T20:00:02Z,False,150800.00,,72.80,76.50,extended_hours_trade,L,40,38,57602720121409,,regular,
2000,MP,75.385,11647720,2025-08-13T19:59:59Z,False,150770.000,,75.34,75.39,,L,7426,71,57599636710959,,regular,
5240,MP,75.39,11539301,2025-08-13T19:58:39Z,False,395043.60,,75.37,75.39,,L,136,49,57519957901105,,regular,
1906,MP,75.38,11471474,2025-08-13T19:57:25Z,False,143674.28,,75.38,75.41,,L,100,5,57445618507085,,regular,
3427,MP,75.4501,11444997,2025-08-13T19:57:04Z,False,258567.4927,,75.45,75.48,,L,285,10,57424636104836,,regular,
1573,MP,75.4501,11441570,2025-08-13T19:57:04Z,False,118683.0073,,75.45,75.48,,L,285,10,57424635937974,,regular,
3400,MP,75.87,11310134,2025-08-13T19:55:29Z,False,257958.00,,75.73,75.77,,L,173,211,57329952631515,,regular,
3400,MP,75.87,11313534,2025-08-13T19:55:29Z,False,257958.00,,75.73,75.77,,L,173,211,57329952868159,,regular,
9400,MP,75.87,11303896,2025-08-13T19:55:29Z,False,713178.00,,75.73,75.77,,L,173,211,57329946741960,,regular,
1600,MP,75.6519,11244147,2025-08-13T19:54:57Z,False,121043.0400,,75.63,75.68,,L,1,3,57297223667993,,regular,
2000,MP,75.525,11199373,2025-08-13T19:53:40Z,False,151050.000,,75.50,75.54,,L,85,6,57220909844554,,regular,
1500,MP,75.4706,11181404,2025-08-13T19:53:10Z,False,113205.9000,,75.45,75.48,,L,485,121,57190964275386,,regular,
7100,MP,75.59,11127323,2025-08-13T19:51:41Z,False,536689.00,,75.62,75.66,,L,188,37,57101670488483,,regular,
2900,MP,75.36,11054918,2025-08-13T19:50:29Z,False,218544.00,,75.32,75.36,,L,200,381,57029046689448,,regular,
2540,MP,74.85,10845484,2025-08-13T19:44:16Z,False,190119.00,,74.82,74.88,,L,150,61,56656211890004,,regular,
3500,MP,75.0196,10785285,2025-08-13T19:40:59Z,False,262568.6000,,74.98,75.02,,L,100,218,56459143510218,,regular,
1900,MP,74.921,10762776,2025-08-13T19:40:15Z,False,142349.900,,74.88,74.95,,L,100,44,56415466734447,,regular,
1900,MP,74.91,10755994,2025-08-13T19:40:07Z,False,142329.00,,74.88,74.95,,L,100,44,56407536343554,,regular,
2000,MP,75.055,10702699,2025-08-13T19:36:59Z,False,150110.000,,75.04,75.07,,L,35,302,56219782599813,,regular,
2000,MP,74.865,10657958,2025-08-13T19:34:05Z,False,149730.000,,74.84,74.92,,L,100,150,56045435663862,,regular,
1400,MP,75.09,10598301,2025-08-13T19:31:24Z,False,105126.00,,75.06,75.11,,L,109,109,55884994200978,,regular,
1500,MP,75.14,10577752,2025-08-13T19:30:12Z,False,112710.00,,75.12,75.17,,L,214,17,55812185253820,,regular,
2818,MP,75.1201,10568139,2025-08-13T19:29:50Z,False,211688.4418,,75.12,75.15,,L,56,207,55790930753301,,regular,
1400,MP,75.3287,10545008,2025-08-13T19:28:43Z,False,105460.1800,,75.30,75.32,,L,10,20,55723149863661,,regular,
4000,MP,75.61,10494278,2025-08-13T19:24:36Z,False,302440.00,,75.59,75.63,,L,2,108,55476827179771,,regular,
1400,MP,75.50,10465937,2025-08-13T19:22:16Z,False,105700.00,,75.52,75.57,,L,200,16,55336564382073,,regular,
2000,MP,75.56,10451426,2025-08-13T19:21:02Z,False,151120.00,,75.52,75.56,,L,10,61,55262965031258,,regular,
2560,MP,75.70,10415188,2025-08-13T19:18:12Z,False,193792.00,,75.75,75.79,,L,22,23,55092454499270,,regular,
1500,MP,75.85,10382164,2025-08-13T19:18:03Z,False,113775.00,,75.81,75.84,,L,100,109,55083601526281,,regular,
4421,MP,75.5305,10295172,2025-08-13T19:14:07Z,False,333920.3405,,75.53,75.58,,L,15,100,54847917048518,,regular,
2000,MP,75.51,10286960,2025-08-13T19:13:46Z,False,151020.00,,75.44,75.52,,L,21,7,54826094375344,,regular,
1512,MP,75.49,10269317,2025-08-13T19:12:22Z,False,114140.88,,75.35,75.39,,L,137,101,54742561031400,,regular,
5000,MP,75.5001,10247423,2025-08-13T19:11:20Z,False,377500.5000,,75.50,75.57,,L,145,139,54680378498103,,regular,
1800,MP,75.5899,10205994,2025-08-13T19:10:50Z,False,136061.8200,,75.53,75.59,,L,10,405,54650529181701,,regular,
2000,MP,75.522,10099634,2025-08-13T19:03:25Z,False,151044.000,,75.47,75.57,,L,50,4,54205004388508,,regular,
5000,MP,75.865,10026745,2025-08-13T19:01:18Z,False,379325.000,,75.82,75.90,,L,10,84,54078402812631,,regular,
1346,MP,75.8784,10018093,2025-08-13T19:00:38Z,False,102132.3264,,75.83,75.98,,L,200,5,54038236482985,,regular,
2723,MP,75.6904,10000187,2025-08-13T18:59:45Z,False,206104.9592,,75.69,75.79,,L,26,100,53985608571234,,regular,
1350,MP,75.74,9997010,2025-08-13T18:59:39Z,False,102249.00,,75.69,75.79,,L,26,100,53979982978852,,regular,
3294,MP,75.79,9991533,2025-08-13T18:59:19Z,False,249652.26,,75.83,75.96,,L,15,36,53959345948319,,regular,
1360,MP,75.8051,9973254,2025-08-13T18:58:53Z,False,103094.9360,,75.76,76.03,,L,100,202,53933772040352,,regular,
2000,MP,75.6699,9968788,2025-08-13T18:58:51Z,False,151339.8000,,75.60,75.74,,L,3,60,53931530462518,,regular,
2000,MP,75.625,9961920,2025-08-13T18:58:39Z,False,151250.000,,75.61,75.73,,L,50,100,53919563763495,,regular,
1711,MP,75.65,9951667,2025-08-13T18:58:27Z,False,129437.15,,75.64,75.92,,L,6,100,53907354521165,,regular,
1500,MP,76.08,9926479,2025-08-13T18:57:44Z,False,114120.00,,76.01,76.17,,L,103,60,53864223618950,,regular,
1400,MP,76.0848,9912177,2025-08-13T18:57:28Z,False,106518.7200,,76.02,76.13,,L,100,10,53848692357275,,regular,
2867,MP,76.2401,9896999,2025-08-13T18:57:13Z,False,218580.3667,,76.24,76.39,,L,100,100,53833425462405,,regular,
1400,MP,75.875,9855094,2025-08-13T18:56:23Z,False,106225.000,,75.85,75.96,,L,22,101,53783300702822,,regular,
3000,MP,76.10,9750605,2025-08-13T18:54:43Z,False,228300.00,,75.87,76.05,,L,8,50,53683037631442,,regular,
2000,MP,76.34,9693256,2025-08-13T18:54:17Z,False,152680.00,,76.32,76.39,,L,300,378,53657474439861,,regular,
1362,MP,76.085,9671078,2025-08-13T18:54:16Z,False,103627.770,,76.07,76.41,,L,105,103,53656325489665,,regular,
1500,MP,76.20,9665751,2025-08-13T18:54:16Z,False,114300.00,,76.03,76.18,,L,100,36,53656160615959,,regular,
1886,MP,76.15,9661680,2025-08-13T18:54:16Z,False,143618.90,,76.03,76.18,,L,100,36,53656159284935,,regular,
4000,MP,76,9640784,2025-08-13T18:54:15Z,False,304000,,75.52,75.69,,L,100,6,53655930312351,,regular,
2400,MP,75.5872,9564012,2025-08-13T18:54:00Z,False,181409.2800,,75.60,75.66,,L,25,3,53640686401988,,regular,
3296,MP,75.50,9484846,2025-08-13T18:53:55Z,False,248848.00,,75.36,75.43,,L,2,6,53635892585396,,regular,
2200,MP,75.26,9458296,2025-08-13T18:53:17Z,False,165572.00,,75.16,75.26,,L,100,12,53597422023293,,regular,
1500,MP,75.27,9439353,2025-08-13T18:52:58Z,False,112905.00,,75.24,75.30,,L,200,1,53578073872240,,regular,
5600,MP,75.30,9425030,2025-08-13T18:52:03Z,False,421680.00,,75.23,75.28,,L,10,135,53523500633538,,regular,
6000,MP,75.2247,9377206,2025-08-13T18:49:33Z,False,451348.2000,,75.16,75.28,,L,100,96,53373157664039,,regular,
1891,MP,75.2218,9371206,2025-08-13T18:49:32Z,False,142244.4238,,75.16,75.28,,L,100,96,53372769278131,,regular,
2000,MP,75.12,9347858,2025-08-13T18:48:38Z,False,150240.00,,75.08,75.29,,L,200,100,53318620372500,,regular,
4000,MP,75.07,9345858,2025-08-13T18:48:37Z,False,300280.00,,75.07,75.29,,L,100,201,53317478315524,,regular,
2400,MP,75.0899,9341447,2025-08-13T18:48:35Z,False,180215.7600,,75,75.09,,L,32,2,53315236426526,,regular,
1600,MP,74.9768,9313308,2025-08-13T18:47:44Z,False,119962.8800,,74.92,75.05,,L,18,118,53264587138501,,regular,
2000,MP,74.96,9291435,2025-08-13T18:46:35Z,False,149920.00,,74.94,75.04,,L,16,6,53195263618780,,regular,
3200,MP,74.9299,9208159,2025-08-13T18:44:22Z,False,239775.6800,,74.89,74.93,,L,100,200,53062521826723,,regular,
1342,MP,74.52,9145468,2025-08-13T18:39:07Z,False,100005.84,,74.52,74.56,,L,100,24,52747853901844,,regular,
1600,MP,74.63,9128159,2025-08-13T18:37:32Z,False,119408.00,,74.57,74.73,,L,6,76,52652578784055,,regular,
2000,MP,74.66,9125849,2025-08-13T18:37:28Z,False,149320.00,,74.57,74.73,,L,6,75,52648539099095,,regular,
2000,MP,74.6029,9105368,2025-08-13T18:34:56Z,False,149205.8000,,74.54,74.64,,L,198,75,52496889533726,,regular,
2000,MP,74.475,8965989,2025-08-13T18:23:24Z,False,148950.000,,74.46,74.50,,L,12,19,51804571205629,,regular,
2400,MP,74.402,8948558,2025-08-13T18:22:29Z,False,178564.800,,74.40,74.43,,L,102,12,51749329030274,,regular,
2300,MP,74.41,8944585,2025-08-13T18:22:15Z,False,171143.00,,74.39,74.48,,L,100,1,51735667814768,,regular,
3000,MP,74.5215,8936095,2025-08-13T18:21:56Z,False,223564.5000,,74.47,74.55,,L,30,16,51716447841032,,regular,
2700,MP,74.6295,8902971,2025-08-13T18:19:53Z,False,201499.6500,,74.56,74.69,,L,217,16,51593084543872,,regular,
2000,MP,74.62,8899271,2025-08-13T18:19:53Z,False,149240.00,,74.56,74.69,,L,217,16,51593066492377,,regular,
1355,MP,74.60,8881395,2025-08-13T18:19:24Z,False,101083.00,,74.55,74.59,,L,20,100,51564578618967,,regular,
2000,MP,74.4218,8867230,2025-08-13T18:19:00Z,False,148843.6000,,74.40,74.49,,L,10,3,51540206768271,,regular,
3000,MP,74.3904,8856604,2025-08-13T18:18:31Z,False,223171.2000,,74.35,74.42,,L,61,200,51511293774318,,regular,
1500,MP,74.41,8851869,2025-08-13T18:18:14Z,False,111615.00,,74.39,74.43,,L,100,80,51494433930702,,regular,
3500,MP,74.50,8837190,2025-08-13T18:18:04Z,False,260750.00,,74.42,74.52,,L,117,14,51484843041402,,regular,
4500,MP,74.17,8784495,2025-08-13T18:16:21Z,False,333765.00,,74.14,74.24,,L,168,10,51381937030590,,regular,
4087,MP,74.0699,8774303,2025-08-13T18:15:51Z,False,302723.6813,,73.98,74.06,,L,4,100,51351129834771,,regular,
3600,MP,74,8748224,2025-08-13T18:15:06Z,False,266400,,73.86,74.01,,L,100,18,51306206714401,,regular,
5000,MP,73.7599,8707539,2025-08-13T18:14:21Z,False,368799.5000,,73.71,73.78,,L,100,14,51261339400331,,regular,
2700,MP,73.675,8690116,2025-08-13T18:12:21Z,False,198922.500,,73.65,73.71,,L,121,13,51141921362912,,regular,
3161,MP,73.81,8663566,2025-08-13T18:08:17Z,False,233313.41,,73.81,73.88,,L,8,5,50897612099241,,regular,
2439,MP,73.81,8666005,2025-08-13T18:08:17Z,False,180022.59,,73.81,73.88,,L,8,5,50897612454027,,regular,
2000,MP,73.7697,8580349,2025-08-13T18:00:37Z,False,147539.4000,,73.74,73.79,,L,176,121,50437840801268,,regular,
2500,MP,73.57,8558686,2025-08-13T17:58:23Z,False,183925.00,,73.53,73.60,,L,352,100,50303672333362,,regular,
4499,MP,73.52,8541425,2025-08-13T17:56:31Z,False,330766.48,,73.52,73.60,,L,30,200,50191361535516,,regular,
4641,MP,73.5201,8525025,2025-08-13T17:55:31Z,False,341206.7841,,73.52,73.61,,L,77,1,50131457537185,,regular,
4000,MP,73.52,8509047,2025-08-13T17:52:25Z,False,294080.00,,73.49,73.60,,L,95,190,49945025142598,,regular,
2500,MP,73.345,8435713,2025-08-13T17:43:58Z,False,183362.500,,73.32,73.40,,L,100,14,49438597558909,,regular,
2000,MP,73.3382,8432247,2025-08-13T17:43:44Z,False,146676.4000,,73.29,73.40,,L,169,13,49424217502599,,regular,
5900,MP,73.1502,8419209,2025-08-13T17:42:03Z,False,431586.1800,,73.14,73.31,,L,172,100,49323795030225,,regular,
3000,MP,73.1001,8406183,2025-08-13T17:41:15Z,False,219300.3000,,73.10,73.19,,L,100,100,49275632291629,,regular,
1438,MP,73.075,8355773,2025-08-13T17:38:14Z,False,105081.850,,73.03,73.17,,L,14,44,49094693713438,,regular,
2800,MP,73.18,8318204,2025-08-13T17:34:49Z,False,204904.00,,73.16,73.24,,L,5,11,48889222350380,,regular,
3896,MP,73.2199,8310801,2025-08-13T17:34:00Z,False,285264.7304,,73.18,73.30,,L,17,10,48840073393850,,regular,
1977,MP,73.38,8267231,2025-08-13T17:30:45Z,False,145072.26,,73.33,73.50,,L,101,4,48645995522915,,regular,
2900,MP,73.3209,8247503,2025-08-13T17:29:13Z,False,212630.6100,,73.31,73.38,,L,3,15,48553044262640,,regular,
1488,MP,73.28,8228090,2025-08-13T17:27:35Z,False,109040.64,contingent_trade,73.28,73.34,,L,100,10,48455316410465,qualified_contingent_trade,regular,
1488,MP,73.28,8225090,2025-08-13T17:27:35Z,False,109040.64,contingent_trade,73.28,73.34,,L,100,10,48455199633480,qualified_contingent_trade,regular,
1488,MP,73.225,8219496,2025-08-13T17:27:30Z,False,108958.800,contingent_trade,73.28,73.34,,L,100,10,48450857219701,qualified_contingent_trade,regular,
1488,MP,73.225,8217960,2025-08-13T17:27:30Z,False,108958.800,contingent_trade,73.28,73.34,,L,100,10,48450695810619,qualified_contingent_trade,regular,
1488,MP,73.26,8209299,2025-08-13T17:27:23Z,False,109010.88,contingent_trade,73.20,73.27,,L,18,17,48443091094981,qualified_contingent_trade,regular,
4719,MP,73.1908,8183491,2025-08-13T17:24:12Z,False,345387.3852,,73.25,73.29,,L,30,114,48252701989085,,regular,
2000,MP,73.30,8159051,2025-08-13T17:22:53Z,False,146600.00,,73.29,73.32,,L,5,20,48173891932719,,regular,
4092,MP,73.26,8154324,2025-08-13T17:22:25Z,False,299779.92,,73.25,73.30,,L,6,20,48145379422751,,regular,
1537,MP,73.2417,8148379,2025-08-13T17:22:18Z,False,112572.4929,,73.22,73.26,,L,5,20,48138056689504,,regular,
2552,MP,73.1101,8096373,2025-08-13T17:16:32Z,False,186576.9752,,73.12,73.25,,L,101,16,47792728424733,,regular,
3000,MP,73.34,8071346,2025-08-13T17:14:16Z,False,220020.00,,73.34,73.45,,L,16,74,47656342705198,,regular,
2000,MP,73.285,8053752,2025-08-13T17:12:47Z,False,146570.000,,73.27,73.36,,L,90,113,47567337673919,,regular,
2000,MP,73.272,8047594,2025-08-13T17:12:04Z,False,146544.000,,73.25,73.30,,L,100,95,47524554720612,,regular,
3000,MP,73.2708,8044301,2025-08-13T17:11:45Z,False,219812.4000,,73.29,73.38,,L,4,2,47505172790513,,regular,
2000,MP,73.29,8034845,2025-08-13T17:11:05Z,False,146580.00,,73.25,73.33,,L,11,69,47465006231631,,regular,
2020,MP,73.365,7999841,2025-08-13T17:09:36Z,False,148197.300,,73.34,73.41,,L,119,5,47376760436870,,regular,
5000,MP,73.4219,7974204,2025-08-13T17:06:03Z,False,367109.5000,,73.42,73.50,,L,405,15,47163271000552,,regular,
2000,MP,73.428,7967299,2025-08-13T17:05:35Z,False,146856.000,,73.42,73.53,,L,16,22,47135070528270,,regular,
1550,MP,73.48,7960251,2025-08-13T17:04:38Z,False,113894.00,,73.45,73.51,,L,118,9,47078966805796,,regular,
1400,MP,73.50,7914553,2025-08-13T17:01:00Z,False,102900.00,,73.43,73.52,,L,2,31,46860286793593,,regular,
2060,MP,73.40,7906596,2025-08-13T17:00:30Z,False,151204.00,,73.45,73.49,,L,10,6,46830136424947,,regular,
1485,MP,73.33,7883555,2025-08-13T16:59:11Z,False,108895.05,,73.28,73.35,,L,7,1,46751575206091,,regular,
1500,MP,73.26,7872743,2025-08-13T16:58:34Z,False,109890.00,,73.26,73.34,,L,100,198,46714102165736,,regular,
4500,MP,73.23,7871243,2025-08-13T16:58:34Z,False,329535.00,,73.26,73.34,,L,100,198,46714101244646,,regular,
3145,MP,73.264,7861031,2025-08-13T16:58:15Z,False,230415.280,,73.24,73.34,,L,100,118,46695688813009,,regular,
2000,MP,73.235,7855320,2025-08-13T16:57:48Z,False,146470.000,,73.22,73.28,,L,100,2,46668156937738,,regular,
3000,MP,73.20,7852241,2025-08-13T16:57:31Z,False,219600.00,,73.20,73.27,,L,100,12,46651530920229,,regular,
4000,MP,73.19,7843788,2025-08-13T16:57:11Z,False,292760.00,,73.13,73.19,,L,29,12,46631468365962,,regular,
1600,MP,73.0106,7807050,2025-08-13T16:53:08Z,False,116816.9600,,73.01,73.06,,L,1,7,46388316463306,,regular,
2076,MP,72.90,7783981,2025-08-13T16:51:02Z,False,151340.40,,72.80,72.93,,L,31,1287,46262359476094,,regular,
2924,MP,72.90,7786905,2025-08-13T16:51:02Z,False,213159.60,,72.80,72.93,,L,31,1287,46262359844376,,regular,
3000,MP,72.90,7778726,2025-08-13T16:50:59Z,False,218700.00,,72.80,72.93,,L,31,1287,46259049599037,,regular,
1731,MP,72.86,7775533,2025-08-13T16:50:53Z,False,126120.66,,72.84,72.93,,L,31,200,46253311202774,,regular,
1400,MP,72.88,7773802,2025-08-13T16:50:52Z,False,102032.00,,72.84,72.93,,L,31,200,46252617273637,,regular,
3145,MP,73.03,7735320,2025-08-13T16:49:05Z,False,229679.35,,72.99,73.11,,L,100,5,46145921694561,,regular,
1785,MP,72.999,7720640,2025-08-13T16:48:32Z,False,130303.215,,72.96,73.03,,L,11,11,46112738634943,,regular,
1710,MP,73.20,7700631,2025-08-13T16:48:06Z,False,125172.00,,73.15,73.20,,L,1,5,46086949296750,,regular,
1500,MP,73.075,7688052,2025-08-13T16:47:09Z,False,109612.500,,73.04,73.11,,2,33,9,46029601222498,,regular,
2500,MP,73.05,7648722,2025-08-13T16:45:45Z,False,182625.00,,73.02,73.06,,L,59,2,45945790090256,,regular,
2269,MP,73.02,7625323,2025-08-13T16:45:04Z,False,165682.38,,73.02,73.06,,L,200,100,45904826763546,,regular,
1800,MP,73,7614972,2025-08-13T16:44:54Z,False,131400,,72.91,72.99,,L,328,215,45894580749572,,regular,
1545,MP,72.969,7606358,2025-08-13T16:44:54Z,False,112737.105,,72.91,72.99,,L,328,215,45894569882969,,regular,
2772,MP,73.02,7569486,2025-08-13T16:44:44Z,False,202411.44,,73.01,73.05,,L,41,100,45884590405008,,regular,
5000,MP,73.09,7563952,2025-08-13T16:44:34Z,False,365450.00,,73.02,73.11,,L,110,100,45874377634520,,regular,
3000,MP,73.3501,7512872,2025-08-13T16:40:15Z,False,220050.3000,,73.36,73.43,,L,100,17,45615650084326,,regular,
2000,MP,73.36,7507058,2025-08-13T16:40:01Z,False,146720.00,,73.15,73.37,,L,100,71,45601780800655,,regular,
1800,MP,73.2805,7497679,2025-08-13T16:39:25Z,False,131904.9000,,73.11,73.27,,L,3,77,45565111089942,,regular,
3000,MP,73.2397,7490081,2025-08-13T16:38:45Z,False,219719.1000,,73.07,73.27,,L,103,68,45525338541349,,regular,
9302,MP,73.25,7441849,2025-08-13T16:38:00Z,False,681371.50,,73.21,73.31,,L,94,100,45480210146362,,regular,
5000,MP,73.28,7432445,2025-08-13T16:38:00Z,False,366400.00,,73.21,73.31,,L,94,100,45480202777332,,regular,
2300,MP,73.40,7406837,2025-08-13T16:36:41Z,False,168820.00,,73.39,73.46,,L,10,40,45401434462027,,regular,
5121,MP,73.39,7403753,2025-08-13T16:36:39Z,False,375830.19,,73.39,73.46,,L,10,40,45399757857815,,regular,
2000,MP,73.5627,7371320,2025-08-13T16:34:12Z,False,147125.4000,,73.52,73.61,,L,7,7,45252619887247,,regular,
2105,MP,73.69,7321184,2025-08-13T16:29:17Z,False,155117.45,,73.69,73.76,,L,100,100,44957691348146,,regular,
4000,MP,73.69,7316667,2025-08-13T16:28:52Z,False,294760.00,,73.68,73.76,,L,100,100,44932855191043,,regular,
1733,MP,73.76,7309018,2025-08-13T16:28:35Z,False,127826.08,,73.70,73.76,,L,100,53,44915051174980,,regular,
2000,MP,73.71,7304556,2025-08-13T16:28:17Z,False,147420.00,,73.69,73.76,,L,100,100,44897071471695,,regular,
1635,MP,73.5501,7256852,2025-08-13T16:24:00Z,False,120254.4135,,73.56,73.61,,L,330,10,44640051423045,,regular,
2017,MP,73.55,7248380,2025-08-13T16:23:45Z,False,148350.35,,73.55,73.64,,L,35,200,44625728508398,,regular,
5500,MP,73.76,7238775,2025-08-13T16:23:45Z,False,405680.00,,73.76,73.80,,L,85,106,44625526159885,,regular,
2200,MP,73.82,7225971,2025-08-13T16:23:20Z,False,162404.00,,73.66,73.70,,L,136,206,44600783850830,,regular,
3131,MP,73.82,7229802,2025-08-13T16:23:20Z,False,231130.42,,73.66,73.70,,L,136,206,44600783946111,,regular,
2500,MP,73.7607,7206179,2025-08-13T16:21:39Z,False,184401.7500,,73.78,73.91,,L,100,4,44499205456947,,regular,
1477,MP,74.055,7183494,2025-08-13T16:20:01Z,False,109379.235,,74,74.32,,L,100,100,44401010649551,,regular,
68803,MP,73.9008,7180447,2025-08-13T16:20:00Z,False,5084596.7424,,73.89,73.99,,L,113,802,44400763507089,,regular,
1360,MP,74.2203,7054113,2025-08-13T16:19:20Z,False,100939.6080,,74.23,74.25,,L,103,1,44360683066171,,regular,
2000,MP,74.38,7021276,2025-08-13T16:15:05Z,False,148760.00,,74.31,74.42,,L,100,100,44105260249047,,regular,
1538,MP,74.395,7012809,2025-08-13T16:13:57Z,False,114419.510,,74.36,74.59,,L,102,72,44037329079903,,regular,
4900,MP,74.4391,6970242,2025-08-13T16:10:42Z,False,364751.5900,,74.43,74.56,,L,20,13,43842747712800,,regular,
1850,MP,74.395,6961977,2025-08-13T16:10:33Z,False,137630.750,,74.33,74.44,,L,100,100,43833738770300,,regular,
6000,MP,74.31,6955926,2025-08-13T16:09:56Z,False,445860.00,,74.30,74.40,,L,5,100,43796601953215,,regular,
1550,MP,74.36,6936136,2025-08-13T16:09:03Z,False,115258.00,,74.29,74.42,,L,100,100,43743734928100,,regular,
1600,MP,74.40,6930044,2025-08-13T16:08:34Z,False,119040.00,,74.38,74.45,,L,100,5,43714937638688,,regular,
4995,MP,74.5617,6912319,2025-08-13T16:07:09Z,False,372435.6915,,74.50,74.61,,L,100,260,43629742892744,,regular,
3753,MP,74.6099,6899899,2025-08-13T16:06:38Z,False,280010.9547,,74.57,74.68,,L,16,105,43598027986558,,regular,
5444,MP,74.5601,6894416,2025-08-13T16:06:34Z,False,405905.1844,,74.58,74.63,,L,20,100,43594699179773,,regular,
2200,MP,74.58,6888628,2025-08-13T16:06:34Z,False,164076.00,,74.58,74.69,,L,4,100,43594695553849,,regular,
1900,MP,74.59,6885592,2025-08-13T16:06:34Z,False,141721.00,,74.58,74.69,,L,4,100,43594688920634,,regular,
2000,MP,74.64,6851313,2025-08-13T16:03:16Z,False,149280.00,,74.61,74.64,,L,157,100,43396157029534,,regular,
2050,MP,74.62,6846913,2025-08-13T16:02:52Z,False,152971.00,,74.57,74.62,,L,2,13,43372976365150,,regular,
2000,MP,74.665,6834793,2025-08-13T16:02:27Z,False,149330.000,,74.63,74.71,,L,200,14,43347957262619,,regular,
1554,MP,74.6997,6818293,2025-08-13T16:01:26Z,False,116083.3338,,74.66,74.72,,L,100,1,43286869142272,,regular,
2000,MP,74.57,6807592,2025-08-13T16:00:48Z,False,149140.00,,74.56,74.60,,L,33,7,43248382949911,,regular,
2544,MP,74.46,6749481,2025-08-13T15:56:20Z,False,189426.24,,74.46,74.59,,L,173,116,42980023808063,,regular,
2210,MP,74.282,6691245,2025-08-13T15:52:02Z,False,164163.220,,74.20,74.31,,L,273,71,42722046368580,,regular,
1844,MP,74.48,6609122,2025-08-13T15:47:09Z,False,137341.12,,74.26,74.53,,L,100,100,42429073702339,,regular,
4900,MP,74.3177,6597295,2025-08-13T15:46:46Z,False,364156.7300,,74.31,74.41,,L,100,25,42406825914041,,regular,
3200,MP,74.3999,6585268,2025-08-13T15:46:24Z,False,238079.6800,,74.35,74.43,,L,100,15,42384547044676,,regular,
2500,MP,74.4105,6566148,2025-08-13T15:46:02Z,False,186026.2500,,74.40,74.46,,L,103,30,42362138406379,,regular,
2210,MP,74.35,6536590,2025-08-13T15:44:49Z,False,164313.50,,74.28,74.36,,L,100,14,42289443203003,,regular,
4736,MP,74.2104,6522193,2025-08-13T15:44:19Z,False,351460.4544,,74.19,74.30,,L,200,8,42259535697690,,regular,
5599,MP,74.22,6499839,2025-08-13T15:43:40Z,False,415557.78,,74.17,74.22,,L,100,9,42220365355744,,regular,
2000,MP,73.9804,6479436,2025-08-13T15:43:17Z,False,147960.8000,,73.96,74.08,,L,66,13,42197248653098,,regular,
4510,MP,73.79,6450993,2025-08-13T15:41:36Z,False,332792.90,,73.73,73.86,,L,87,60,42096388406417,,regular,
1400,MP,73.505,6310136,2025-08-13T15:34:51Z,False,102907.000,,73.46,73.54,,L,16,7,41691070414369,,regular,
13135,MP,73.57,6295187,2025-08-13T15:34:36Z,False,966341.95,,73.53,73.62,,L,100,125,41676090108222,,regular,
3727,MP,73.57,6298914,2025-08-13T15:34:36Z,False,274195.39,,73.53,73.62,,L,100,125,41676090462972,,regular,
1499,MP,73.53,6265550,2025-08-13T15:33:07Z,False,110221.47,,73.50,73.61,,L,196,7,41587478720840,,regular,
89200,MP,73.45,6247674,2025-08-13T15:32:06Z,False,6551740.00,,73.45,73.52,,L,28,60,41526102001011,,regular,
4000,MP,73.5941,6134097,2025-08-13T15:30:40Z,False,294376.4000,,73.58,73.61,,L,8,115,41440746571710,,regular,
2500,MP,73.74,6114322,2025-08-13T15:29:40Z,False,184350.00,,73.66,73.74,,L,12,13,41380101736692,,regular,
1423,MP,73.778,6100985,2025-08-13T15:28:34Z,False,104986.094,,73.74,73.81,,L,22,5,41314918714434,,regular,
2000,MP,73.688,6072059,2025-08-13T15:26:49Z,False,147376.000,,73.66,73.71,,L,100,285,41209797273146,,regular,
1445,MP,73.3396,6016304,2025-08-13T15:23:47Z,False,105975.7220,,73.26,73.34,,L,200,125,41027657712219,,regular,
1500,MP,73.40,6003954,2025-08-13T15:23:24Z,False,110100.00,,73.40,73.48,,L,20,100,41004948443695,,regular,
1774,MP,73.29,5931223,2025-08-13T15:20:32Z,False,130016.46,,73.13,73.32,,L,2,75,40832221903575,,regular,
3015,MP,73.28,5921906,2025-08-13T15:20:22Z,False,220939.20,,73.23,73.33,,L,60,100,40822902296432,,regular,
1500,MP,73.0797,5892592,2025-08-13T15:19:08Z,False,109619.5500,,73.05,73.20,,L,100,100,40748911543498,,regular,
2000,MP,73.21,5879928,2025-08-13T15:18:43Z,False,146420.00,,73.17,73.21,,L,10,100,40723516581010,,regular,
3000,MP,73.1751,5871473,2025-08-13T15:18:30Z,False,219525.3000,,73.12,73.21,,L,6,30,40710826292076,,regular,
1651,MP,73.1389,5861046,2025-08-13T15:18:09Z,False,120752.3239,,73,73.16,,L,100,510,40689819469178,,regular,
2000,MP,73.09,5859016,2025-08-13T15:18:08Z,False,146180.00,,73,73.16,,L,100,510,40688412825725,,regular,
2000,MP,73.09,5855598,2025-08-13T15:18:03Z,False,146180.00,,73,73.16,,L,100,510,40683946186726,,regular,
2359,MP,72.99,5835254,2025-08-13T15:17:22Z,False,172183.41,,72.97,73.03,,L,100,60,40642359335449,,regular,
2900,MP,72.9997,5829484,2025-08-13T15:17:15Z,False,211699.1300,,72.94,73.03,,L,110,300,40635525118865,,regular,
2500,MP,73.035,5824574,2025-08-13T15:17:12Z,False,182587.500,,72.94,73.10,,L,110,300,40632129173472,,regular,
1637,MP,73.0062,5815542,2025-08-13T15:16:54Z,False,119511.1494,,72.95,72.99,,L,13,200,40614874089943,,regular,
2200,MP,72.96,5810891,2025-08-13T15:16:48Z,False,160512.00,,72.94,73,,L,15,2,40608407869244,,regular,
2000,MP,72.895,5771977,2025-08-13T15:15:51Z,False,145790.000,,72.86,73,,L,1,300,40551698006608,,regular,
1454,MP,73.02,5731458,2025-08-13T15:15:26Z,False,106171.08,,72.93,73.02,,L,106,180,40526557335655,,regular,
4000,MP,73.10,5682521,2025-08-13T15:15:25Z,False,292400.00,,73.08,73.29,,L,111,60,40525508058198,,regular,
110400,MP,73.33,5661294,2025-08-13T15:15:12Z,False,8095632.00,contingent_trade,73.20,73.26,,L,15,300,40512535184574,qualified_contingent_trade,regular,
2500,MP,73.4608,5508396,2025-08-13T15:13:54Z,False,183652.0000,,73.35,73.55,,L,50,269,40434389763119,,regular,
5817,MP,73.42,5478556,2025-08-13T15:13:16Z,False,427084.14,,73.42,73.49,,L,8,159,40396365984097,,regular,
1500,MP,73.475,5462268,2025-08-13T15:12:58Z,False,110212.500,,73.45,73.54,,L,40,5,40378482004590,,regular,
2343,MP,73.535,5367923,2025-08-13T15:11:53Z,False,172292.505,,73.50,73.58,,L,20,300,40313316859479,,regular,
3000,MP,73.6701,5343770,2025-08-13T15:11:09Z,False,221010.3000,,73.68,73.80,,L,100,1,40269110291275,,regular,
2000,MP,73.769,5339840,2025-08-13T15:11:02Z,False,147538.000,,73.67,73.77,,L,20,7,40262623192856,,regular,
1739,MP,73.7109,5331408,2025-08-13T15:10:33Z,False,128183.2551,,73.72,73.87,,L,100,60,40233841880877,,regular,
1500,MP,73.6102,5314666,2025-08-13T15:10:19Z,False,110415.3000,,73.65,73.75,,L,8,66,40219351181183,,regular,
2000,MP,73.6101,5313122,2025-08-13T15:10:19Z,False,147220.2000,,73.65,73.75,,L,8,66,40219350452862,,regular,
4000,MP,73.89,5267856,2025-08-13T15:09:22Z,False,295560.00,,73.81,73.99,,L,100,100,40162445011956,,regular,
2717,MP,74,5220750,2025-08-13T15:08:43Z,False,201058,,74,74.05,,L,20,134,40123253721927,,regular,
2600,MP,74.20,5192448,2025-08-13T15:07:24Z,False,192920.00,,74.16,74.20,,L,18,21,40044003833360,,regular,
2000,MP,74.353,5169404,2025-08-13T15:05:53Z,False,148706.000,,74.30,74.43,,L,100,15,39953047164810,,regular,
2000,MP,74.3598,5164906,2025-08-13T15:05:33Z,False,148719.6000,,74.27,74.43,,L,101,5,39933971066291,,regular,
1450,MP,74.2408,5143746,2025-08-13T15:04:34Z,False,107649.1600,,74.16,74.29,,L,120,73,39874849456246,,regular,
2343,MP,74.345,5093943,2025-08-13T15:01:03Z,False,174190.335,,74.31,74.37,,L,8,14,39663248223153,,regular,
2500,MP,74.30,5084382,2025-08-13T15:00:47Z,False,185750.00,,74.20,74.31,,L,5,100,39647741192142,,regular,
1400,MP,74.25,5070316,2025-08-13T15:00:08Z,False,103950.00,,74.22,74.30,,L,1,45,39608001434108,,regular,
4763,MP,74.24,5065428,2025-08-13T14:59:55Z,False,353605.12,,74.08,74.25,,L,13,70,39595218768306,,regular,
1741,MP,74.22,5058568,2025-08-13T14:59:31Z,False,129217.02,,74.19,74.25,,L,113,96,39571261127870,,regular,
2850,MP,74.06,5037234,2025-08-13T14:58:43Z,False,211071.00,,74.02,74.10,,L,100,5,39523870138847,,regular,
2000,MP,73.925,5001436,2025-08-13T14:56:40Z,False,147850.000,,73.86,73.95,,L,274,306,39400573546181,,regular,
2800,MP,74.0551,4850218,2025-08-13T14:51:04Z,False,207354.2800,,74,74.22,,L,5,748,39064913291076,,regular,
1948,MP,74.2069,4835440,2025-08-13T14:50:44Z,False,144555.0412,,74.12,74.32,,L,150,9,39044435721270,,regular,
1400,MP,74.245,4818526,2025-08-13T14:50:22Z,False,103943.000,,74.20,74.29,,L,300,551,39022447246777,,regular,
2500,MP,74.26,4784561,2025-08-13T14:48:56Z,False,185650.00,,74.10,74.39,,L,176,179,38936538327827,,regular,
2500,MP,74.13,4770155,2025-08-13T14:48:17Z,False,185325.00,,74.10,74.34,,L,69,100,38897842663049,,regular,
3500,MP,74.25,4754026,2025-08-13T14:47:58Z,False,259875.00,,74.17,74.26,,L,106,100,38878933456383,,regular,
1500,MP,74.38,4723538,2025-08-13T14:47:09Z,False,111570.00,,74.28,74.40,,L,17,5,38829069765579,,regular,
2008,MP,74.425,4577013,2025-08-13T14:42:57Z,False,149445.400,,74.34,74.45,,L,425,100,38577427077312,,regular,
2172,MP,74.425,4575005,2025-08-13T14:42:57Z,False,161651.100,,74.34,74.45,,L,425,100,38577426538072,,regular,
10000,MP,74.47,4571337,2025-08-13T14:42:53Z,False,744700.00,,74.34,74.47,,L,492,100,38573129833218,,regular,
1500,MP,74.485,4547843,2025-08-13T14:42:35Z,False,111727.500,,74.42,74.54,,L,18,100,38555554241529,,regular,
1400,MP,74.50,4531937,2025-08-13T14:42:25Z,False,104300.00,,74.51,74.56,,L,200,10,38545861204444,,regular,
2684,MP,74.6201,4487767,2025-08-13T14:41:11Z,False,200280.3484,,74.63,74.67,,L,100,7,38471727528802,,regular,
2000,MP,74.71,4474532,2025-08-13T14:40:39Z,False,149420.00,,74.70,74.76,,L,100,5,38439100582887,,regular,
3434,MP,74.70,4463330,2025-08-13T14:40:09Z,False,256519.80,,74.66,74.75,,L,30,200,38409846500297,,regular,
2657,MP,75,4449019,2025-08-13T14:40:01Z,False,199275,,74.87,75.06,,L,173,35,38401993539010,,regular,
1600,MP,74.9498,4442774,2025-08-13T14:40:01Z,False,119919.6800,,74.87,75.06,,L,173,35,38401988334608,,regular,
5610,MP,74.87,4437112,2025-08-13T14:39:51Z,False,420020.70,,74.87,75.06,,L,173,30,38391774309927,,regular,
3572,MP,74.87,4430571,2025-08-13T14:39:49Z,False,267435.64,,74.87,75.06,,L,173,30,38389977097472,,regular,
1750,MP,74.8505,4420775,2025-08-13T14:39:31Z,False,130988.3750,,74.83,74.90,,L,200,20,38371514335213,,regular,
2400,MP,74.90,4397297,2025-08-13T14:38:47Z,False,179760.00,,74.85,74.97,,L,136,200,38327870763830,,regular,
2000,MP,74.8801,4394146,2025-08-13T14:38:44Z,False,149760.2000,,74.81,74.97,,L,20,100,38324426428360,,regular,
1500,MP,74.92,4392052,2025-08-13T14:38:43Z,False,112380.00,,74.81,74.98,,L,24,100,38323538103285,,regular,
2500,MP,74.94,4388431,2025-08-13T14:38:40Z,False,187350.00,,74.81,74.98,,L,24,100,38320349923657,,regular,
2000,MP,75,4363925,2025-08-13T14:38:15Z,False,150000,,75.01,75.06,,L,11,100,38295445640041,,regular,
2107,MP,75.13,4326537,2025-08-13T14:37:09Z,False,158298.91,,75.01,75.23,,L,200,101,38229747479602,,regular,
2000,MP,75.1529,4323919,2025-08-13T14:37:05Z,False,150305.8000,,75.01,75.29,,L,168,101,38225259394719,,regular,
2000,MP,75.1082,4319313,2025-08-13T14:36:52Z,False,150216.4000,,75.01,75.17,,L,100,100,38212957849637,,regular,
2746,MP,75.0914,4307828,2025-08-13T14:35:55Z,False,206200.9844,,75.09,75.21,,L,100,220,38155463840789,,regular,
1781,MP,75.2803,4298714,2025-08-13T14:35:39Z,False,134074.2143,,75.23,75.46,,L,169,26,38139691498476,,regular,
1342,MP,75.265,4296242,2025-08-13T14:35:34Z,False,101005.630,,75.23,75.46,,L,169,26,38134151203446,,regular,
2900,MP,75.46,4283971,2025-08-13T14:35:10Z,False,218834.00,contingent_trade,75.43,75.53,,L,20,5,38110515810596,qualified_contingent_trade,regular,
2000,MP,75.4818,4251631,2025-08-13T14:33:41Z,False,150963.6000,,75.45,75.52,,L,8,205,38021613297213,,regular,
2000,MP,75.42,4246471,2025-08-13T14:33:24Z,False,150840.00,,75.40,75.51,,L,100,25,38004670470607,,regular,
2717,MP,75.398,4243099,2025-08-13T14:33:15Z,False,204856.366,,75.34,75.51,,L,100,105,37995577545928,,regular,
1500,MP,75.2994,4227059,2025-08-13T14:32:27Z,False,112949.1000,,75.22,75.28,,L,11,547,37947511957563,,regular,
5800,MP,75.29,4222669,2025-08-13T14:32:21Z,False,436682.00,,75.19,75.29,,L,16,1,37941198839606,,regular,
2000,MP,75.15,4211143,2025-08-13T14:32:02Z,False,150300.00,,75.11,75.38,,L,174,31,37922026281227,,regular,
2000,MP,75.3422,4184596,2025-08-13T14:30:57Z,False,150684.4000,,75.31,75.40,,L,10,30,37857443499754,,regular,
2000,MP,75.40,4181082,2025-08-13T14:30:46Z,False,150800.00,,75.31,75.56,,L,10,30,37846752173690,,regular,
5000,MP,75.4001,4172770,2025-08-13T14:30:41Z,False,377000.5000,,75.31,75.44,,L,333,30,37841147223649,,regular,
2300,MP,75.51,4140536,2025-08-13T14:30:33Z,False,173673.00,,75.50,75.56,,L,10,5,37833670850703,,regular,
2000,MP,75.675,4118591,2025-08-13T14:29:18Z,False,151350.000,,75.59,75.73,,L,12,200,37758867450503,,regular,
3834,MP,75.56,4090636,2025-08-13T14:28:40Z,False,289697.04,,75.49,75.56,,L,601,235,37720808145859,,regular,
5000,MP,75.6388,4075135,2025-08-13T14:28:12Z,False,378194.0000,,75.52,75.64,,L,40,200,37692481706481,,regular,
1500,MP,75.595,4063030,2025-08-13T14:27:52Z,False,113392.500,,75.48,75.65,,L,119,4,37672321579689,,regular,
1500,MP,75.45,4044617,2025-08-13T14:27:08Z,False,113175.00,,75.41,75.54,,L,40,30,37628251060241,,regular,
5100,MP,75.3101,4035144,2025-08-13T14:26:56Z,False,384081.5100,,75.30,75.45,,L,40,365,37616719254206,,regular,
2450,MP,75.39,4027499,2025-08-13T14:26:53Z,False,184705.50,,75.28,75.48,,L,216,100,37613572031164,,regular,
4106,MP,75.2601,3995853,2025-08-13T14:26:29Z,False,309017.9706,,75.26,75.42,,L,100,200,37589064080943,,regular,
6101,MP,75.6445,3904524,2025-08-13T14:25:00Z,False,461507.0945,,75.62,75.77,,L,110,180,37500347078058,,regular,
8000,MP,75.7514,3893327,2025-08-13T14:24:29Z,False,606011.2000,,75.58,75.89,,L,16,105,37469942118783,,regular,
2200,MP,75.915,3868688,2025-08-13T14:23:50Z,False,167013.000,,75.85,75.99,,L,100,100,37430014728204,,regular,
3638,MP,76.0599,3857887,2025-08-13T14:23:18Z,False,276705.9162,,75.83,76.07,,L,40,168,37398206631697,,regular,
1362,MP,76.0599,3859249,2025-08-13T14:23:18Z,False,103593.5838,,75.83,76.07,,L,40,168,37398206989298,,regular,
1500,MP,76.53,3823883,2025-08-13T14:22:05Z,False,114795.00,,76.45,76.55,,L,15,434,37325390742089,,regular,
2500,MP,76.70,3795555,2025-08-13T14:21:25Z,False,191750.00,,76.61,76.73,,L,51,100,37285466262798,,regular,
2000,MP,76.66,3774465,2025-08-13T14:21:00Z,False,153320.00,,76.60,76.66,,L,111,50,37260314681507,,regular,
2022,MP,76.565,3766201,2025-08-13T14:20:37Z,False,154814.430,,76.46,76.64,,L,100,48,37237314223085,,regular,
8800,MP,76.50,3760503,2025-08-13T14:20:33Z,False,673200.00,,76.43,76.50,,L,100,30,37233002784242,,regular,
1500,MP,76.465,3735440,2025-08-13T14:20:24Z,False,114697.500,,76.41,76.50,,L,100,57,37224957592773,,regular,
2500,MP,76.335,3721634,2025-08-13T14:20:07Z,False,190837.500,,76.25,76.47,,L,75,100,37207285172775,,regular,
11671,MP,76.30,3711906,2025-08-13T14:19:46Z,False,890497.30,,76.28,76.43,,L,50,52,37186328738946,,regular,
2500,MP,76.345,3692693,2025-08-13T14:19:39Z,False,190862.500,,76.28,76.36,,L,2,52,37179553369787,,regular,
2500,MP,76.25,3655539,2025-08-13T14:19:02Z,False,190625.00,,76.19,76.35,,L,30,5,37142101751727,,regular,
1500,MP,76.315,3648689,2025-08-13T14:18:51Z,False,114472.500,,76.19,76.35,,L,100,5,37131500954806,,regular,
2000,MP,76.315,3647189,2025-08-13T14:18:51Z,False,152630.000,,76.19,76.35,,L,100,5,37131494958480,,regular,
2500,MP,76.1093,3632592,2025-08-13T14:18:25Z,False,190273.2500,,76.01,76.15,,L,24,5,37105279453189,,regular,
1484,MP,76.3208,3619274,2025-08-13T14:18:12Z,False,113260.0672,,76.28,76.43,,L,104,100,37092678947892,,regular,
2500,MP,76.345,3617713,2025-08-13T14:18:11Z,False,190862.500,,76.28,76.43,,L,104,101,37091624531184,,regular,
2000,MP,75.9101,3555632,2025-08-13T14:15:48Z,False,151820.2000,,75.83,76.03,,L,100,110,36948218710792,,regular,
4000,MP,76.1685,3527023,2025-08-13T14:15:02Z,False,304674.0000,,75.94,76.22,,L,100,100,36902295080112,,regular,
1653,MP,75.985,3510607,2025-08-13T14:14:34Z,False,125603.205,,75.93,76.22,,L,100,210,36874795205588,,regular,
5000,MP,75.8999,3477828,2025-08-13T14:13:43Z,False,379499.5000,,75.71,75.90,,L,10,5,36823462416446,,regular,
2000,MP,75.655,3453615,2025-08-13T14:13:14Z,False,151310.000,,75.51,75.76,,L,100,70,36794212397308,,regular,
2500,MP,75.8001,3446217,2025-08-13T14:13:06Z,False,189500.2500,,75.60,75.86,,L,60,4,36786102906813,,regular,
2500,MP,75.625,3388244,2025-08-13T14:11:48Z,False,189062.500,,75.56,75.69,,L,13,123,36708042130811,,regular,
4000,MP,75.5102,3364055,2025-08-13T14:11:09Z,False,302040.8000,,75.50,75.62,,L,43,48,36669415840470,,regular,
1484,MP,75.57,3358786,2025-08-13T14:11:06Z,False,112145.88,,75.51,75.66,,L,84,129,36666656657583,,regular,
2000,MP,75.8684,3333699,2025-08-13T14:10:49Z,False,151736.8000,,75.82,75.91,,L,11,10,36649760993948,,regular,
1909,MP,76.16,3315163,2025-08-13T14:10:35Z,False,145389.44,,76.05,76.16,,L,363,100,36635369168451,,regular,
4700,MP,76.1801,3299385,2025-08-13T14:10:22Z,False,358046.4700,,76.17,76.30,,L,36,100,36622597904821,,regular,
2000,MP,76.62,3239820,2025-08-13T14:08:50Z,False,153240.00,,76.51,76.68,,L,69,40,36530467304328,,regular,
1500,MP,76.545,3233059,2025-08-13T14:08:40Z,False,114817.500,,76.36,76.58,,L,211,100,36520472381045,,regular,
5000,MP,76.5501,3230720,2025-08-13T14:08:38Z,False,382750.5000,,76.54,76.67,,L,100,87,36518472433313,,regular,
2079,MP,76.50,3223137,2025-08-13T14:08:37Z,False,159043.50,,76.36,76.53,,L,24,100,36517429676123,,regular,
1833,MP,76.4997,3188936,2025-08-13T14:08:07Z,False,140223.9501,,76.45,76.54,,L,10,4,36487509679360,,regular,
2500,MP,76.7663,3145710,2025-08-13T14:07:04Z,False,191915.7500,,76.67,76.81,,L,300,170,36424680150033,,regular,
5000,MP,77.0932,3122177,2025-08-13T14:06:45Z,False,385466.0000,,77.04,77.18,,L,100,100,36405050444035,,regular,
2500,MP,77.08,3116877,2025-08-13T14:06:44Z,False,192700.00,,77.04,77.18,,L,100,100,36404538430044,,regular,
2500,MP,76.76,3092740,2025-08-13T14:06:22Z,False,191900.00,,76.72,76.79,,L,100,73,36382394803313,,regular,
1400,MP,76.77,3086346,2025-08-13T14:06:15Z,False,107478.00,,76.67,76.82,,L,111,73,36375721662282,,regular,
1750,MP,76.995,3067922,2025-08-13T14:05:49Z,False,134741.250,,76.94,77.02,,L,37,124,36349123346625,,regular,
5100,MP,76.86,3027289,2025-08-13T14:04:46Z,False,391986.00,,76.84,76.93,,L,200,24,36286074760358,,regular,
1479,MP,77.135,2962727,2025-08-13T14:03:27Z,False,114082.665,,77.11,77.18,,L,216,32,36207021007497,,regular,
1500,MP,77.1401,2956457,2025-08-13T14:03:22Z,False,115710.1500,,77.10,77.18,,L,100,100,36202688409682,,regular,
1700,MP,77.15,2943458,2025-08-13T14:03:03Z,False,131155.00,,77.13,77.20,,L,300,100,36183716345613,,regular,
2001,MP,77.3201,2929591,2025-08-13T14:02:58Z,False,154717.5201,,77.24,77.45,,L,100,100,36178619835474,,regular,
2600,MP,77.31,2926628,2025-08-13T14:02:56Z,False,201006.00,,77.32,77.39,,L,12,100,36176591839545,,regular,
3940,MP,77.31,2920094,2025-08-13T14:02:51Z,False,304601.40,,77.24,77.39,,L,117,200,36171517269137,,regular,
2000,MP,77.3791,2867063,2025-08-13T14:01:56Z,False,154758.2000,,77.23,77.38,,L,110,200,36116463556507,,regular,
2000,MP,77.265,2860892,2025-08-13T14:01:50Z,False,154530.000,,77.25,77.28,,L,300,100,36110201323086,,regular,
2000,MP,77.56,2833679,2025-08-13T14:01:21Z,False,155120.00,,77.47,77.52,,L,100,100,36081893951663,,regular,
1800,MP,77.50,2818323,2025-08-13T14:01:20Z,False,139500.00,,77.49,77.56,,L,106,100,36080194122718,,regular,
1500,MP,77.46,2793201,2025-08-13T14:01:11Z,False,116190.00,,77.36,77.48,,L,500,100,36071062108864,,regular,
2000,MP,77.275,2784881,2025-08-13T14:01:05Z,False,154550.000,,77.17,77.37,,L,100,60,36065252879473,,regular,
1433,MP,77.38,2763506,2025-08-13T14:00:44Z,False,110885.54,,77.29,77.47,,L,100,100,36044869086759,,regular,
1600,MP,77.2506,2746428,2025-08-13T14:00:25Z,False,123600.9600,,77.18,77.33,,L,1,100,36025606975396,,regular,
5000,MP,77.49,2733859,2025-08-13T14:00:10Z,False,387450.00,,77.34,77.44,,L,167,8,36010592288663,,regular,
2625,MP,77.02,2641681,2025-08-13T13:58:54Z,False,202177.50,,76.92,77,,L,100,60,35934319639849,,regular,
1800,MP,77,2635238,2025-08-13T13:58:54Z,False,138600,,76.92,77,,L,100,60,35934312085713,,regular,
1353,MP,77,2637022,2025-08-13T13:58:54Z,False,104181,,76.92,77,,L,100,60,35934312793159,,regular,
2000,MP,77.13,2616556,2025-08-13T13:58:48Z,False,154260.00,,77.05,77.20,,L,600,100,35928266512617,,regular,
5001,MP,76.73,2558450,2025-08-13T13:58:30Z,False,383726.73,,76.62,76.80,,L,112,68,35910237265351,,regular,
2000,MP,76.73,2552032,2025-08-13T13:58:29Z,False,153460.00,,76.62,76.80,,L,112,168,35909105925707,,regular,
1494,MP,76.73,2547655,2025-08-13T13:58:27Z,False,114634.62,,76.62,76.80,,L,112,168,35907832663896,,regular,
1800,MP,76.6412,2511923,2025-08-13T13:57:11Z,False,137954.1600,,76.60,76.76,,L,11,104,35831106707243,,regular,
2268,MP,76.66,2502622,2025-08-13T13:56:56Z,False,173864.88,,76.66,76.71,,L,90,100,35816850972393,,regular,
2500,MP,76.685,2474278,2025-08-13T13:56:02Z,False,191712.500,,76.56,76.72,,L,2,200,35762953878647,,regular,
1500,MP,76.9308,2438917,2025-08-13T13:55:08Z,False,115396.2000,,76.87,76.96,,L,87,200,35708269470699,,regular,
1300,MP,77.2399,2423032,2025-08-13T13:54:54Z,False,100411.8700,,77.06,77.26,,L,100,34,35694712160049,,regular,
2700,MP,77.062,2402395,2025-08-13T13:54:38Z,False,208067.400,,77.03,77.18,,L,75,1,35678804134233,,regular,
1588,MP,77.10,2393843,2025-08-13T13:54:33Z,False,122434.80,,77.06,77.18,,L,175,73,35673367577923,,regular,
2000,MP,76.76,2342441,2025-08-13T13:53:28Z,False,153520.00,,76.73,76.81,,L,53,100,35608430042245,,regular,
1318,MP,76.925,2305205,2025-08-13T13:52:57Z,False,101387.150,,76.87,76.95,,L,112,7,35577669515767,,regular,
1300,MP,77.005,2303400,2025-08-13T13:52:57Z,False,100106.500,,76.95,77.07,,L,12,200,35577295909174,,regular,
1600,MP,77.11,2255316,2025-08-13T13:52:18Z,False,123376.00,,77.02,77.13,,L,35,76,35538641444624,,regular,
1500,MP,76.965,2209440,2025-08-13T13:51:37Z,False,115447.500,,76.82,76.99,,L,110,100,35497481532640,,regular,
1800,MP,76.95,2198393,2025-08-13T13:51:30Z,False,138510.00,,76.79,77.03,,L,100,100,35490906952820,,regular,
1500,MP,76.965,2195823,2025-08-13T13:51:26Z,False,115447.500,,76.79,77.03,,L,100,100,35486021915686,,regular,
4800,MP,76.9999,2189636,2025-08-13T13:51:22Z,False,369599.5200,,76.72,77.06,,L,102,13,35482189930125,,regular,
1500,MP,76.8512,2178328,2025-08-13T13:51:12Z,False,115276.8000,,76.84,76.96,,L,34,30,35472199240879,,regular,
2699,MP,76.91,2176047,2025-08-13T13:51:08Z,False,207580.09,,76.84,76.97,,L,144,30,35468938839894,,regular,
2140,MP,77.01,2169492,2025-08-13T13:51:04Z,False,164801.40,,77,77.06,,L,290,100,35464403049360,,regular,
1500,MP,76.68,2081110,2025-08-13T13:50:44Z,False,115020.00,,76.54,76.71,,L,110,5,35444820788501,,regular,
1400,MP,76.65,2078164,2025-08-13T13:50:43Z,False,107310.00,,76.53,76.68,,L,100,100,35443139504497,,regular,
1857,MP,76.62,2071236,2025-08-13T13:50:40Z,False,142283.34,,76.53,76.65,,L,110,100,35440537003834,,regular,
2000,MP,76.2209,1986274,2025-08-13T13:48:54Z,False,152441.8000,,76.22,76.31,,L,100,7,35334189975965,,regular,
1500,MP,75.90,1868716,2025-08-13T13:46:50Z,False,113850.00,,75.88,75.94,,L,100,10,35210565858630,,regular,
2000,MP,76.3196,1847292,2025-08-13T13:46:30Z,False,152639.2000,,76.23,76.32,,L,100,100,35190153455914,,regular,
2966,MP,76.15,1842830,2025-08-13T13:46:25Z,False,225860.90,,76,76.30,,L,11,100,35185525268911,,regular,
3000,MP,76.1213,1835144,2025-08-13T13:46:08Z,False,228363.9000,,76.12,76.32,,L,100,100,35168374201717,,regular,
2000,MP,76.09,1819834,2025-08-13T13:45:55Z,False,152180.00,,76.02,76.28,,L,168,200,35155130292567,,regular,
2000,MP,76.1598,1804052,2025-08-13T13:45:28Z,False,152319.6000,,75.91,76.18,,L,6,73,35128720669837,,regular,
2400,MP,76.073,1797284,2025-08-13T13:45:14Z,False,182575.200,,75.89,76.08,,L,100,4,35114351043315,,regular,
1970,MP,76.054,1792279,2025-08-13T13:45:10Z,False,149826.380,,76,76.10,,L,200,51,35110024425970,,regular,
3000,MP,76.08,1789882,2025-08-13T13:45:05Z,False,228240.00,,76,76.10,,L,200,51,35105077053551,,regular,
2700,MP,75.9916,1784288,2025-08-13T13:45:00Z,False,205177.3200,,75.92,76.10,,L,100,69,35100338655600,,regular,
5000,MP,76.10,1769209,2025-08-13T13:44:56Z,False,380500.00,,76.10,76.28,,L,200,100,35096924978990,,regular,
4000,MP,76.03,1737997,2025-08-13T13:44:26Z,False,304120.00,,75.93,76.27,,L,11,68,35066470421859,,regular,
2000,MP,76.45,1690757,2025-08-13T13:44:04Z,False,152900.00,,76.35,76.68,,L,100,5,35044021606359,,regular,
3518,MP,76.3501,1688424,2025-08-13T13:44:01Z,False,268599.6518,,76.35,76.68,,L,100,5,35041117174834,,regular,
9000,MP,76.60,1673551,2025-08-13T13:43:48Z,False,689400.00,,76.56,76.79,,L,100,320,35028583233759,,regular,
3837,MP,76.74,1663317,2025-08-13T13:43:43Z,False,294451.38,,76.56,76.68,,L,12,320,35023107527022,,regular,
2000,MP,76.5399,1648657,2025-08-13T13:43:20Z,False,153079.8000,,76.37,76.54,,L,220,80,35000453004641,,regular,
2500,MP,76.465,1611104,2025-08-13T13:42:42Z,False,191162.500,,76.40,76.55,,L,2,22,34962469679779,,regular,
1400,MP,76.5973,1604633,2025-08-13T13:42:33Z,False,107236.2200,,76.40,76.81,,L,88,22,34953678977612,,regular,
3000,MP,76.565,1591023,2025-08-13T13:42:20Z,False,229695.000,,76.53,76.60,,L,100,500,34940869555051,,regular,
2000,MP,76.67,1582780,2025-08-13T13:42:16Z,False,153340.00,,76.55,76.80,,L,100,4,34936885871607,,regular,
2000,MP,76.73,1528371,2025-08-13T13:41:31Z,False,153460.00,,76.62,76.81,,L,120,5,34891335912880,,regular,
1321,MP,76.50,1483067,2025-08-13T13:41:00Z,False,101056.50,,76.42,76.58,,L,100,100,34860080667767,,regular,
1400,MP,76.515,1480735,2025-08-13T13:40:56Z,False,107121.000,,76.36,76.54,,L,60,200,34856713250898,,regular,
3400,MP,76.50,1457186,2025-08-13T13:40:52Z,False,260100.00,,76.51,76.59,,L,100,13,34852549126602,,regular,
1900,MP,76.45,1441918,2025-08-13T13:40:51Z,False,145255.00,,76.45,76.50,,L,140,82,34851376243154,,regular,
2500,MP,76.455,1439627,2025-08-13T13:40:50Z,False,191137.500,,76.21,76.50,,L,140,403,34850755357559,,regular,
1763,MP,76.40,1418610,2025-08-13T13:40:43Z,False,134693.20,,76.32,76.40,,L,100,100,34843427776874,,regular,
2300,MP,76.32,1386914,2025-08-13T13:40:17Z,False,175536.00,,76.11,76.35,,L,1000,5,34817186570617,,regular,
1800,MP,76.20,1365295,2025-08-13T13:40:13Z,False,137160.00,,76.01,76.10,,L,100,100,34813294793468,,regular,
1325,MP,76.09,1357345,2025-08-13T13:40:02Z,False,100819.25,,75.96,76.11,,L,11,200,34802315549406,,regular,
1750,MP,76.105,1337226,2025-08-13T13:39:26Z,False,133183.750,,75.88,76.32,,L,101,76,34766860076945,,regular,
4300,MP,76.22,1323993,2025-08-13T13:39:13Z,False,327746.00,,75.95,76.32,,L,100,75,34753565194702,,regular,
2000,MP,76.0858,1311653,2025-08-13T13:39:07Z,False,152171.6000,,75.89,76.32,,L,102,77,34747205503250,,regular,
2000,MP,76.275,1301209,2025-08-13T13:38:58Z,False,152550.000,,76.23,76.32,,L,200,63,34738023261034,,regular,
7252,MP,76.20,1296715,2025-08-13T13:38:56Z,False,552602.40,,76.26,76.32,,L,100,116,34736689413907,,regular,
2000,MP,76.2882,1282743,2025-08-13T13:38:54Z,False,152576.4000,,76.26,76.32,,L,100,116,34734627470405,,regular,
2000,MP,76.218,1259517,2025-08-13T13:38:43Z,False,152436.000,,76.15,76.25,,L,51,100,34723350373593,,regular,
2000,MP,76.0407,1225544,2025-08-13T13:38:25Z,False,152081.4000,,75.70,76.24,,L,100,66,34705468979706,,regular,
2400,MP,76.03,1222139,2025-08-13T13:38:23Z,False,182472.00,,76.03,76.10,,L,37,100,34703401120658,,regular,
4500,MP,76.10,1209155,2025-08-13T13:38:20Z,False,342450.00,,75.95,76.05,,L,100,100,34700642081511,,regular,
1351,MP,75.6466,1164316,2025-08-13T13:37:48Z,False,102198.5566,,75.52,75.78,,L,176,100,34668550742235,,regular,
2000,MP,75.7218,1125905,2025-08-13T13:37:15Z,False,151443.6000,,75.63,75.90,,L,200,66,34635781755382,,regular,
5345,MP,75.85,1121383,2025-08-13T13:37:14Z,False,405418.25,,75.63,75.85,,L,100,66,34634773373685,,regular,
2000,MP,75.855,1109978,2025-08-13T13:37:11Z,False,151710.000,,75.71,76,,L,100,69,34631581826709,,regular,
8490,MP,75.60,1075102,2025-08-13T13:36:37Z,False,641844.00,,75.57,75.90,,L,100,70,34597501624007,,regular,
7400,MP,76,1023795,2025-08-13T13:36:28Z,False,562400,,75.94,76,,L,211,26,34588911090967,,regular,
3200,MP,75.95,993149,2025-08-13T13:36:28Z,False,243040.00,,75.95,75.97,,L,33,100,34588440784991,,regular,
1500,MP,75.56,975968,2025-08-13T13:36:09Z,False,113340.00,,75.51,75.74,,L,60,100,34569805414970,,regular,
1521,MP,75.89,958492,2025-08-13T13:36:04Z,False,115428.69,,75.77,75.99,,L,100,100,34564266788793,,regular,
1500,MP,75.69,924671,2025-08-13T13:35:41Z,False,113535.00,,75.51,75.74,,L,137,100,34541538224113,,regular,
1947,MP,75.69,926618,2025-08-13T13:35:41Z,False,147368.43,,75.51,75.74,,L,137,100,34541538237532,,regular,
1500,MP,75.735,900419,2025-08-13T13:35:27Z,False,113602.500,,75.56,75.79,,L,100,71,34527829270517,,regular,
1486,MP,75.88,889646,2025-08-13T13:35:19Z,False,112757.68,,75.79,75.88,,L,14,30,34519113407517,,regular,
2633,MP,75.90,881793,2025-08-13T13:35:15Z,False,199844.70,,75.77,75.95,,L,14,100,34515590488281,,regular,
3500,MP,75.3701,836813,2025-08-13T13:34:53Z,False,263795.3500,,75.32,75.54,,L,73,13,34493009015155,,regular,
1400,MP,75.30,831766,2025-08-13T13:34:51Z,False,105420.00,,75.37,75.54,,L,73,27,34491095902164,,regular,
2500,MP,75.3982,799223,2025-08-13T13:34:19Z,False,188495.5000,,75.14,75.46,,L,73,75,34459732793382,,regular,
3000,MP,75.32,761985,2025-08-13T13:33:38Z,False,225960.00,,75.02,75.53,,L,76,78,34418730019238,,regular,
3000,MP,75.398,743759,2025-08-13T13:33:23Z,False,226194.000,,75.19,75.50,,L,100,100,34403037818594,,regular,
1800,MP,75.25,740293,2025-08-13T13:33:22Z,False,135450.00,,75,75.35,,L,100,10,34402147880591,,regular,
1900,MP,75.25,733778,2025-08-13T13:33:15Z,False,142975.00,,75,75.25,,L,100,10,34395814883248,,regular,
1500,MP,75.12,707843,2025-08-13T13:32:58Z,False,112680.00,,74.73,74.94,,L,10,100,34378230823583,,regular,
1500,MP,75.09,705742,2025-08-13T13:32:58Z,False,112635.00,,74.73,74.94,,L,10,100,34378197211069,,regular,
2000,MP,74.502,681590,2025-08-13T13:32:38Z,False,149004.000,,74.36,74.70,,L,222,75,34358292421571,,regular,
1500,MP,74.88,607905,2025-08-13T13:31:06Z,False,112320.00,,74.52,75,,L,100,14,34266767725615,,regular,
1765,MP,74.33,593443,2025-08-13T13:30:50Z,False,131192.45,,75,75.18,,L,100,788,34250700264797,,regular,
1362,MP,74.87,573436,2025-08-13T13:30:50Z,False,101972.94,,75,75.18,,L,100,788,34250645454099,,regular,
1500,MP,74.62,571215,2025-08-13T13:30:50Z,False,111930.00,,75,75.18,,L,100,788,34250331354006,,regular,
2070,MP,74.60,559661,2025-08-13T13:30:50Z,False,154422.00,,75,75.37,,L,104,788,34250185262263,,regular,
1500,MP,75.02,497527,2025-08-13T13:30:39Z,False,112530.00,,75,75.28,,L,100,488,34239886291815,,regular,
1500,MP,75.485,459689,2025-08-13T13:30:34Z,False,113227.500,,75.20,75.60,,L,500,1,34234892875531,,regular,
1470,MP,75.2286,444117,2025-08-13T13:30:33Z,False,110586.0420,,75.20,75.60,,L,500,1,34233069393777,,regular,
2643,MP,75.65,266650,2025-08-13T13:23:27Z,False,199942.95,,75.47,76,extended_hours_trade,L,250,10,33807042219375,,regular,
1500,MP,75.5999,256711,2025-08-13T13:13:56Z,False,113399.8500,,75.52,75.67,extended_hours_trade,L,33,50,33236083917239,,regular,
2900,MP,75.37,225731,2025-08-13T12:35:07Z,False,218573.00,,75.24,75.43,extended_hours_trade,L,423,2,30907278041165,,regular,
2000,MP,75.30,189368,2025-08-13T12:00:06Z,False,150600.00,,75.30,75.35,extended_hours_trade,L,5,4,28806715236591,,regular,
1808,MP,75.2699,184790,2025-08-13T12:00:06Z,False,136087.9792,,75.30,75.35,extended_hours_trade,L,5,4,28806134381814,,regular,
6093,MP,75.17,182340,2025-08-13T12:00:05Z,False,458010.81,,75.30,75.35,extended_hours_trade,L,5,4,28805685840050,,regular,
1500,MP,75.30,175395,2025-08-13T12:00:05Z,False,112950.00,,75.30,75.35,extended_hours_trade,L,5,4,28805493602179,,regular,
1971,MP,75.20,162069,2025-08-13T12:00:00Z,False,148219.20,,75.30,75.35,extended_hours_trade,L,5,4,28800992892973,,regular,
