size,ticker,price,volume,executed_at,canceled,premium,sale_cond_codes,nbbo_bid,nbbo_ask,ext_hour_sold_codes,market_center,nbbo_ask_quantity,nbbo_bid_quantity,tracking_id,trade_code,trade_settlement,trf_executed_at
1000,P,113.01,7333636,2026-09-21T23:06:49Z,False,113010.00,,112.32,113.6,extended_hours_trade,L,1250,44,106893229272274,,regular,2026-09-21T23:06:49Z
234996,P,113.66,7331876,2026-09-21T21:55:52Z,False,26709645.36,average_price_trade,112.32,113.61,extended_hours_trade,L,350,44,106893225015725,,regular,2026-09-21T21:55:52Z
4008,P,113.66,7096383,2026-09-21T21:39:28Z,False,455549.28,prior_reference_price,113.17,113.61,extended_hours_trade,L,350,3,106893224031638,,regular,2026-09-21T21:39:28Z
225288,P,113.66,7089442,2026-09-21T20:48:38Z,False,25606234.08,average_price_trade,112.32,113.61,extended_hours_trade,L,350,44,106893220981346,,regular,2026-09-21T20:48:38Z
5330,P,113.66,6861535,2026-09-21T20:05:16Z,False,605807.80,average_price_trade,112.32,113.6,extended_hours_trade,L,50,44,106893218379583,,regular,2026-09-21T20:05:16Z
345449,P,113.66,6856178,2026-09-21T20:04:17Z,False,39263733.34,prior_reference_price,112.32,113.18,extended_hours_trade,L,18,44,106893218320548,,regular,2026-09-21T20:04:17Z
8880,P,113.66,6509919,2026-09-21T20:04:00Z,False,1009300.80,prior_reference_price,112.32,113.18,extended_hours_trade,L,27,44,106893218303046,,regular,2026-09-21T20:04:00Z
8039,P,113.66,6500935,2026-09-21T20:03:53Z,False,913712.74,average_price_trade,112.32,113.18,extended_hours_trade,L,27,44,106893218296635,,regular,2026-09-21T20:03:53Z
22845,P,113.66,6492896,2026-09-21T20:03:53Z,False,2596562.70,average_price_trade,112.32,113.18,extended_hours_trade,L,27,44,106893218296523,,regular,2026-09-21T20:03:53Z
980,P,113.66,6469745,2026-09-21T20:03:50Z,False,111386.80,,112.32,113.18,extended_hours_trade,L,27,44,106893218293332,,regular,2026-09-21T20:03:50Z
1200,P,113.66,6468653,2026-09-21T20:03:50Z,False,136392.00,,112.32,113.18,extended_hours_trade,L,27,44,106893218293279,,regular,2026-09-21T20:03:50Z
2946,P,113.66,6466110,2026-09-21T20:03:50Z,False,334842.36,,112.32,113.18,extended_hours_trade,L,27,44,106893218293174,,regular,2026-09-21T20:03:50Z
1306,P,113.66,6462564,2026-09-21T20:03:50Z,False,148439.96,,112.32,113.18,extended_hours_trade,L,27,44,106893218293146,,regular,2026-09-21T20:03:50Z
2991,P,113.66,6460908,2026-09-21T20:03:50Z,False,339957.06,,112.32,113.18,extended_hours_trade,L,27,44,106893218293115,,regular,2026-09-21T20:03:50Z
2991,P,113.66,6457917,2026-09-21T20:03:50Z,False,339957.06,,112.32,113.18,extended_hours_trade,L,27,44,106893218293097,,regular,2026-09-21T20:03:50Z
2976,P,113.66,6454226,2026-09-21T20:03:50Z,False,338252.16,,112.32,113.18,extended_hours_trade,L,27,44,106893218293069,,regular,2026-09-21T20:03:50Z
2900,P,113.66,6451250,2026-09-21T20:03:50Z,False,329614.00,,112.32,113.18,extended_hours_trade,L,27,44,106893218293054,,regular,2026-09-21T20:03:50Z
1748,P,113.66,6447137,2026-09-21T20:03:48Z,False,198677.68,,112.32,113.18,extended_hours_trade,L,27,44,106893218291174,,regular,2026-09-21T20:03:48Z
1296,P,113.66,6443399,2026-09-21T20:03:48Z,False,147303.36,,112.32,113.6,extended_hours_trade,L,59,44,106893218290953,,regular,2026-09-21T20:03:48Z
2719,P,113.66,6440074,2026-09-21T20:03:48Z,False,309041.54,prior_reference_price,112.32,113.6,extended_hours_trade,L,59,44,106893218290938,,regular,2026-09-21T20:03:48Z
1500,P,112.6404,5193965,2026-09-21T19:58:52Z,False,168960.6000,average_price_trade,112.65,112.66,,L,1,112,106893217995043,derivative_priced,regular,2026-09-21T19:58:52Z
1000,P,112.3631,5059730,2026-09-21T19:56:52Z,False,112363.1000,average_price_trade,112.35,112.43,,L,288,92,106893217874943,derivative_priced,regular,2026-09-21T19:56:52Z
1000,P,112.2452,4958464,2026-09-21T19:54:29Z,False,112245.2000,average_price_trade,112.4,112.46,,L,60,211,106893217732576,derivative_priced,regular,2026-09-21T19:54:29Z
1000,P,112.36,4944795,2026-09-21T19:54:08Z,False,112360.00,,112.34,112.38,,L,1,1,106893217711487,,regular,2026-09-21T19:54:08Z
1000,P,112.34,4943764,2026-09-21T19:54:08Z,False,112340.00,,112.34,112.38,,L,1,1,106893217711481,,regular,2026-09-21T19:54:08Z
1000,P,112.29,4928196,2026-09-21T19:53:19Z,False,112290.00,,112.26,112.3,,L,12,100,106893217662195,,regular,2026-09-21T19:53:19Z
5000,P,112.205,4899221,2026-09-21T19:52:38Z,False,561025.000,,112.17,112.24,,L,213,257,106893217620974,,regular,2026-09-21T19:52:38Z
3550,P,112.205,4859184,2026-09-21T19:50:54Z,False,398327.750,,112.11,112.32,,L,1400,62,106893217517559,,regular,2026-09-21T19:50:54Z
5027,P,112.3451,4843066,2026-09-21T19:50:30Z,False,564758.8177,,112.31,112.38,,L,12,16,106893217493660,,regular,2026-09-21T19:50:30Z
900,P,112.055,4804885,2026-09-21T19:49:05Z,False,100849.500,,112,112.12,,L,100,2,106893217408498,,regular,2026-09-21T19:49:05Z
2000,P,112.2799,4729631,2026-09-21T19:44:48Z,False,224559.8000,,112.14,112.28,,L,100,100,106893217151590,,regular,2026-09-21T19:44:48Z
5445,P,112.16,4720284,2026-09-21T19:44:10Z,False,610711.20,,112.12,112.2,,L,188,100,106893217113113,,regular,2026-09-21T19:44:10Z
3462,P,111.95,4710271,2026-09-21T19:43:52Z,False,387570.90,,111.91,112.17,,L,119,90,106893217095515,,regular,2026-09-21T19:43:52Z
3398,P,111.84,4694570,2026-09-21T19:42:58Z,False,380032.32,,111.7,111.93,,L,86,140,106893217041248,,regular,2026-09-21T19:42:58Z
1887,P,111.75,4654638,2026-09-21T19:40:50Z,False,210872.25,,111.69,111.81,,L,124,56,106893216913595,,regular,2026-09-21T19:40:50Z
2210,P,111.165,4585671,2026-09-21T19:35:57Z,False,245674.650,,111.08,111.19,,L,5,200,106893216620671,,regular,2026-09-21T19:35:57Z
4800,P,111.165,4583243,2026-09-21T19:35:57Z,False,533592.000,,111.08,111.19,,L,5,200,106893216620670,,regular,2026-09-21T19:35:57Z
1000,P,111.05,4479993,2026-09-21T19:29:21Z,False,111050.00,,110.97,111.09,,L,20,60,106893216224710,,regular,2026-09-21T19:29:21Z
5596,P,111.12,4474462,2026-09-21T19:28:49Z,False,621827.52,,111.07,111.18,,L,12,100,106893216192427,,regular,2026-09-21T19:28:49Z
1948,P,110.991,4462584,2026-09-21T19:28:04Z,False,216210.468,,110.99,111.09,,L,5,100,106893216147223,,regular,2026-09-21T19:28:04Z
905,P,111.105,4411775,2026-09-21T19:22:32Z,False,100550.025,,110.99,111.21,,L,20,184,106893215815585,,regular,2026-09-21T19:22:32Z
1541,P,111.17,4395654,2026-09-21T19:20:54Z,False,171312.97,,111.08,111.26,,L,146,68,106893215717156,,regular,2026-09-21T19:20:54Z
1285,P,111.06,4357204,2026-09-21T19:16:28Z,False,142712.10,,110.96,111.06,,L,10,228,106893215451769,,regular,2026-09-21T19:16:28Z
911,P,111.055,4349808,2026-09-21T19:15:46Z,False,101171.105,,110.96,111.24,,L,320,78,106893215408993,,regular,2026-09-21T19:15:46Z
932,P,110.945,4325207,2026-09-21T19:14:16Z,False,103400.740,,110.79,111.1,,L,79,221,106893215319591,,regular,2026-09-21T19:14:16Z
3341,P,111.28,4305296,2026-09-21T19:12:28Z,False,371786.48,,111.15,111.35,,L,145,80,106893215211165,,regular,2026-09-21T19:12:28Z
1020,P,111.481,4282338,2026-09-21T19:09:14Z,False,113710.620,average_price_trade,111.27,111.35,,L,1,57,106893215017559,derivative_priced,regular,2026-09-21T19:09:14Z
2000,P,111.48,4251527,2026-09-21T19:05:24Z,False,222960.00,average_price_trade,111.45,111.52,,L,100,200,106893214787098,derivative_priced,regular,2026-09-21T19:05:24Z
53491,P,111.48,4249089,2026-09-21T19:05:24Z,False,5963176.68,,111.45,111.52,,L,100,200,106893214787097,,regular,2026-09-21T19:05:24Z
1132,P,111.11,4186907,2026-09-21T19:04:12Z,False,125776.52,,111.13,111.34,,L,244,21,106893214715690,,regular,2026-09-21T19:04:12Z
14481,P,111.22,4185462,2026-09-21T19:04:12Z,False,1610576.82,,111.13,111.34,,L,244,21,106893214714930,,regular,2026-09-21T19:04:12Z
4000,P,111.235,4156021,2026-09-21T19:01:57Z,False,444940.000,,111.26,111.45,,L,200,25,106893214580086,,regular,2026-09-21T19:01:57Z
2921,P,111.23,4148876,2026-09-21T19:01:27Z,False,324902.83,,111.17,111.32,,L,65,200,106893214550243,,regular,2026-09-21T19:01:27Z
1200,P,111.8898,4098639,2026-09-21T18:54:07Z,False,134267.7600,,111.81,111.89,,L,54,2,106893214110211,,regular,2026-09-21T18:54:07Z
1300,P,111.945,4072362,2026-09-21T18:50:26Z,False,145528.500,,111.87,112,,L,27,360,106893213888883,,regular,2026-09-21T18:50:26Z
11487,P,111.4,4030840,2026-09-21T18:43:52Z,False,1279651.8,,111.29,111.48,,L,141,200,106893213495373,,regular,2026-09-21T18:43:52Z
1124,P,111.56,3977038,2026-09-21T18:43:24Z,False,125393.44,,111.5,111.67,,L,158,51,106893213467654,,regular,2026-09-21T18:43:24Z
1100,P,111.94,3944090,2026-09-21T18:38:08Z,False,123134.00,,111.9,112.01,,L,262,75,106893213151596,,regular,2026-09-21T18:38:08Z
1500,P,111.965,3940468,2026-09-21T18:37:56Z,False,167947.500,,111.92,112.01,,L,1,420,106893213139674,,regular,2026-09-21T18:37:56Z
1000,P,112,3933692,2026-09-21T18:37:05Z,False,112000,,111.96,112.04,,L,345,201,106893213088059,,regular,2026-09-21T18:37:05Z
1129,P,111.66,3869710,2026-09-21T18:27:54Z,False,126064.14,,111.55,111.74,,2,100,20,106893212537729,,regular,2026-09-21T18:27:54Z
1000,P,112.1901,3802458,2026-09-21T18:14:13Z,False,112190.1000,,112.19,112.3,,L,19,222,106893211716013,,regular,2026-09-21T18:14:13Z
1051,P,112.355,3788126,2026-09-21T18:11:42Z,False,118085.105,,112.3,112.41,,L,30,205,106893211565480,,regular,2026-09-21T18:11:42Z
900,P,112.3504,3786667,2026-09-21T18:11:32Z,False,101115.3600,average_price_trade,112.3,112.42,,L,63,204,106893211555774,derivative_priced,regular,2026-09-21T18:11:32Z
7018,P,112.355,3783441,2026-09-21T18:11:12Z,False,788507.390,,112.3,112.48,,L,48,161,106893211534867,,regular,2026-09-21T18:11:12Z
1028,P,112.12,3747561,2026-09-21T18:06:09Z,False,115259.36,,112,112.24,,L,246,637,106893211232507,,regular,2026-09-21T18:06:09Z
3000,P,112.5801,3720578,2026-09-21T18:00:09Z,False,337740.3000,,112.47,112.7,,L,152,7,106893210872818,,regular,2026-09-21T18:00:09Z
916,P,112.55,3691766,2026-09-21T17:57:25Z,False,103095.80,,112.46,112.64,,L,19,155,106893210708390,,regular,2026-09-21T17:57:25Z
1000,P,112.375,3654544,2026-09-21T17:52:09Z,False,112375.000,,112.22,112.53,,L,24,100,106893210392786,,regular,2026-09-21T17:52:09Z
1300,P,112.38,3652027,2026-09-21T17:52:01Z,False,146094.00,,112.42,112.54,,L,185,28,106893210384619,,regular,2026-09-21T17:52:01Z
9615,P,112.51,3626833,2026-09-21T17:48:17Z,False,1081783.65,,112.51,112.71,,L,20,141,106893210160788,,regular,2026-09-21T17:48:17Z
1000,P,112.51,3616918,2026-09-21T17:48:17Z,False,112510.00,,112.51,112.71,,L,20,141,106893210160785,,regular,2026-09-21T17:48:17Z
900,P,112.51,3613918,2026-09-21T17:48:17Z,False,101259.00,,112.51,112.71,,L,20,141,106893210160772,,regular,2026-09-21T17:48:17Z
1200,P,112.51,3613018,2026-09-21T17:48:17Z,False,135012.00,,112.51,112.71,,L,20,141,106893210160769,,regular,2026-09-21T17:48:17Z
1900,P,112.59,3610914,2026-09-21T17:48:17Z,False,213921.00,,112.34,112.86,,L,13,125,106893210160752,,regular,2026-09-21T17:48:17Z
2000,P,112.59,3608813,2026-09-21T17:48:17Z,False,225180.00,,112.34,112.86,,L,13,125,106893210160749,,regular,2026-09-21T17:48:17Z
2999,P,112.59,3606813,2026-09-21T17:48:17Z,False,337657.41,,112.34,112.86,,L,13,125,106893210160747,,regular,2026-09-21T17:48:17Z
12500,P,112.49,3596977,2026-09-21T17:47:34Z,False,1406125.00,,112.5,112.74,,L,148,128,106893210117273,,regular,2026-09-21T17:47:34Z
900,P,112.88,3568631,2026-09-21T17:47:34Z,False,101592.00,,112.5,112.74,,L,148,128,106893210117262,,regular,2026-09-21T17:47:34Z
1100,P,113.065,3564462,2026-09-21T17:47:11Z,False,124371.500,,112.91,113.25,,L,4,121,106893210094647,,regular,2026-09-21T17:47:11Z
18900,P,112.9,3562830,2026-09-21T17:47:06Z,False,2133810.0,,112.96,113.24,,L,383,100,106893210089577,,regular,2026-09-21T17:47:06Z
1300,P,112.97,3541630,2026-09-21T17:47:06Z,False,146861.00,,112.96,113.24,,L,383,100,106893210089572,,regular,2026-09-21T17:47:06Z
1100,P,112.97,3540330,2026-09-21T17:47:06Z,False,124267.00,,112.96,113.24,,L,383,100,106893210089571,,regular,2026-09-21T17:47:06Z
5376,P,112.9,3538730,2026-09-21T17:47:06Z,False,606950.4,,112.96,113.24,,L,383,100,106893210089565,,regular,2026-09-21T17:47:06Z
945,P,113.01,3523400,2026-09-21T17:47:06Z,False,106794.45,,112.91,113.25,,L,116,30,106893210089506,,regular,2026-09-21T17:47:06Z
1291,P,113.0101,3521791,2026-09-21T17:47:06Z,False,145896.0391,,112.91,113.25,,L,116,30,106893210089504,,regular,2026-09-21T17:47:06Z
1300,P,113.03,3518394,2026-09-21T17:47:06Z,False,146939.00,,112.91,113.25,,L,116,30,106893210089502,,regular,2026-09-21T17:47:06Z
1706,P,113.03,3520100,2026-09-21T17:47:06Z,False,192829.18,,112.91,113.25,,L,116,30,106893210089502,,regular,2026-09-21T17:47:06Z
1400,P,113.05,3513886,2026-09-21T17:47:06Z,False,158270.00,,112.91,113.25,,L,116,30,106893210089501,,regular,2026-09-21T17:47:06Z
1600,P,113.13,3515686,2026-09-21T17:47:06Z,False,181008.00,,112.91,113.25,,L,116,30,106893210089501,,regular,2026-09-21T17:47:06Z
1700,P,113.09,3508713,2026-09-21T17:47:06Z,False,192253.00,,112.91,113.25,,L,116,30,106893210089500,,regular,2026-09-21T17:47:06Z
3573,P,113.09,3512286,2026-09-21T17:47:06Z,False,404070.57,,112.91,113.25,,L,116,30,106893210089500,,regular,2026-09-21T17:47:06Z
3600,P,113.01,3504273,2026-09-21T17:47:06Z,False,406836.00,,112.91,113.25,,L,116,30,106893210089494,,regular,2026-09-21T17:47:06Z
2372,P,113.13,3500673,2026-09-21T17:47:06Z,False,268344.36,,112.91,113.25,,L,116,30,106893210089492,,regular,2026-09-21T17:47:06Z
1000,P,113.13,3498301,2026-09-21T17:47:06Z,False,113130.00,,112.91,113.25,,L,116,50,106893210089315,,regular,2026-09-21T17:47:06Z
3500,P,113.255,3454784,2026-09-21T17:46:52Z,False,396392.500,,113.15,113.36,,L,14,120,106893210074933,,regular,2026-09-21T17:46:52Z
1300,P,113.255,3450664,2026-09-21T17:46:52Z,False,147231.500,,113.15,113.36,,L,50,120,106893210074931,,regular,2026-09-21T17:46:52Z
1300,P,113.255,3449364,2026-09-21T17:46:52Z,False,147231.500,,113.15,113.36,,L,50,120,106893210074928,,regular,2026-09-21T17:46:52Z
1300,P,113.175,3424380,2026-09-21T17:45:09Z,False,147127.500,,112.8,113.48,,L,25,125,106893209972507,,regular,2026-09-21T17:45:09Z
14746,P,113.37,3416905,2026-09-21T17:45:04Z,False,1671754.02,,113.11,113.43,,L,125,117,106893209967571,,regular,2026-09-21T17:45:04Z
5700,P,113.3,3395530,2026-09-21T17:45:04Z,False,645810.0,,113.1,113.43,,L,171,136,106893209967444,,regular,2026-09-21T17:45:04Z
1200,P,113.3,3374421,2026-09-21T17:45:04Z,False,135960.0,,113.01,113.3,,L,234,49,106893209967333,,regular,2026-09-21T17:45:04Z
1200,P,113.16,3371747,2026-09-21T17:45:04Z,False,135792.00,,113.01,113.3,,L,234,49,106893209967293,,regular,2026-09-21T17:45:04Z
4100,P,113.1999,3354202,2026-09-21T17:45:03Z,False,464119.5900,,112.95,113.06,,L,200,170,106893209966288,,regular,2026-09-21T17:45:03Z
3159,P,113.1299,3334753,2026-09-21T17:45:02Z,False,357377.3541,,112.85,113.13,,L,321,6,106893209965541,,regular,2026-09-21T17:45:02Z
1760,P,113.13,3329694,2026-09-21T17:45:02Z,False,199108.80,,112.85,113.13,,L,321,6,106893209965533,,regular,2026-09-21T17:45:02Z
1600,P,113.18,3323533,2026-09-21T17:45:02Z,False,181088.00,,112.63,113.13,,L,71,125,106893209965500,,regular,2026-09-21T17:45:02Z
1980,P,112.76,3319508,2026-09-21T17:45:02Z,False,223264.80,,112.55,112.93,,L,49,60,106893209965461,,regular,2026-09-21T17:45:02Z
18800,P,112.5299,3278654,2026-09-21T17:44:59Z,False,2115562.1200,,112.38,112.54,,L,34,44,106893209962406,,regular,2026-09-21T17:44:59Z
9300,P,112.2799,3250096,2026-09-21T17:44:57Z,False,1044203.0700,,112.12,112.33,,L,64,125,106893209960031,,regular,2026-09-21T17:44:57Z
2224,P,112.28,3238831,2026-09-21T17:44:57Z,False,249710.72,,112.12,112.33,,L,64,125,106893209960030,,regular,2026-09-21T17:44:57Z
1965,P,112.28,3240796,2026-09-21T17:44:57Z,False,220630.20,,112.12,112.33,,L,64,125,106893209960030,,regular,2026-09-21T17:44:57Z
914,P,112.29,3197467,2026-09-21T17:41:59Z,False,102633.06,,112.22,112.32,,L,20,189,106893209782165,,regular,2026-09-21T17:41:59Z
1203,P,112.2621,3171956,2026-09-21T17:37:26Z,False,135051.3063,average_price_trade,112.17,112.32,,L,2,88,106893209508915,,regular,2026-09-21T17:37:26Z
4525,P,112.255,3164651,2026-09-21T17:36:39Z,False,507953.875,,112.18,112.32,,L,12,96,106893209462168,,regular,2026-09-21T17:36:39Z
1193,P,112.312,3149863,2026-09-21T17:34:21Z,False,133988.216,average_price_trade,112.1,112.26,,L,100,6,106893209324590,derivative_priced,regular,2026-09-21T17:34:21Z
1000,P,112.33,3116884,2026-09-21T17:29:21Z,False,112330.00,,112.33,112.44,,L,67,100,106893209024409,,regular,2026-09-21T17:29:21Z
1009,P,112.2467,3103422,2026-09-21T17:27:14Z,False,113256.9203,average_price_trade,112.15,112.36,,L,46,260,106893208897671,,regular,2026-09-21T17:27:14Z
1300,P,112.195,3088820,2026-09-21T17:24:52Z,False,145853.500,,112.05,112.23,,L,11,100,106893208755664,,regular,2026-09-21T17:24:52Z
1300,P,112.195,3087520,2026-09-21T17:24:52Z,False,145853.500,,112.05,112.23,,L,11,100,106893208755663,,regular,2026-09-21T17:24:52Z
1000,P,112.34,3083104,2026-09-21T17:24:33Z,False,112340.00,,112.23,112.34,,L,379,107,106893208736805,,regular,2026-09-21T17:24:33Z
1000,P,112.3558,3081760,2026-09-21T17:24:19Z,False,112355.8000,average_price_trade,112.23,112.35,,L,419,100,106893208722550,derivative_priced,regular,2026-09-21T17:24:19Z
1300,P,112.335,3075566,2026-09-21T17:23:33Z,False,146035.500,,112.23,112.36,,L,15,100,106893208676621,,regular,2026-09-21T17:23:33Z
3800,P,112.425,3072922,2026-09-21T17:23:33Z,False,427215.000,,112.28,112.44,,L,50,100,106893208676515,,regular,2026-09-21T17:23:33Z
2500,P,112.44,3067173,2026-09-21T17:23:33Z,False,281100.00,,112.28,112.44,,L,50,100,106893208676484,,regular,2026-09-21T17:23:33Z
3200,P,112.44,3060126,2026-09-21T17:23:33Z,False,359808.00,,112.37,112.51,,L,85,170,106893208676434,,regular,2026-09-21T17:23:33Z
2200,P,112.435,3053710,2026-09-21T17:22:31Z,False,247357.000,,112.35,112.45,,L,35,68,106893208614809,,regular,2026-09-21T17:22:31Z
1000,P,112.435,3049909,2026-09-21T17:22:30Z,False,112435.000,,112.35,112.45,,L,35,68,106893208613819,,regular,2026-09-21T17:22:30Z
1300,P,112.435,3046712,2026-09-21T17:22:29Z,False,146165.500,,112.35,112.45,,L,15,68,106893208612151,,regular,2026-09-21T17:22:29Z
1300,P,112.435,3045412,2026-09-21T17:22:29Z,False,146165.500,,112.35,112.45,,L,15,68,106893208612150,,regular,2026-09-21T17:22:29Z
3500,P,112.67,3007247,2026-09-21T17:15:26Z,False,394345.00,,112.64,112.7,,L,245,100,106893208189433,,regular,2026-09-21T17:15:26Z
1300,P,112.67,3003747,2026-09-21T17:15:26Z,False,146471.00,,112.64,112.7,,L,245,100,106893208189431,,regular,2026-09-21T17:15:26Z
1300,P,112.67,3002447,2026-09-21T17:15:26Z,False,146471.00,,112.64,112.7,,L,245,100,106893208189430,,regular,2026-09-21T17:15:26Z
911,P,112.53,2981190,2026-09-21T17:13:24Z,False,102514.83,,112.48,112.58,,L,210,119,106893208067044,,regular,2026-09-21T17:13:24Z
900,P,112.497,2978189,2026-09-21T17:12:35Z,False,101247.300,average_price_trade,112.48,112.58,,L,51,218,106893208018665,,regular,2026-09-21T17:12:35Z
4945,P,112.5439,2970139,2026-09-21T17:11:56Z,False,556529.5855,,112.48,112.57,,L,162,12,106893207978981,,regular,2026-09-21T17:11:56Z
3342,P,112.47,2938845,2026-09-21T17:05:04Z,False,375874.74,,112.38,112.56,,L,47,151,106893207567773,,regular,2026-09-21T17:05:04Z
958,P,112.455,2891829,2026-09-21T16:55:43Z,False,107731.890,,112.4,112.51,,L,15,178,106893207005925,,regular,2026-09-21T16:55:43Z
972,P,112.52,2870096,2026-09-21T16:49:39Z,False,109369.44,,112.42,112.52,,L,3,33,106893206642572,,regular,2026-09-21T16:49:39Z
2000,P,112.37,2852943,2026-09-21T16:46:09Z,False,224740.00,,112.32,112.5,,L,13,91,106893206432785,,regular,2026-09-21T16:46:09Z
900,P,112.39,2848485,2026-09-21T16:46:01Z,False,101151.00,,112.26,112.52,,L,36,156,106893206424166,,regular,2026-09-21T16:46:01Z
1300,P,112.39,2847485,2026-09-21T16:46:01Z,False,146107.00,,112.26,112.52,,L,35,156,106893206424154,,regular,2026-09-21T16:46:01Z
1300,P,112.39,2846185,2026-09-21T16:46:01Z,False,146107.00,,112.26,112.52,,L,35,156,106893206424152,,regular,2026-09-21T16:46:01Z
997,P,112.39,2844885,2026-09-21T16:46:01Z,False,112052.83,,112.26,112.52,,L,35,156,106893206424149,,regular,2026-09-21T16:46:01Z
2812,P,112.31,2841540,2026-09-21T16:45:22Z,False,315815.72,,112.13,112.35,,L,20,100,106893206385391,,regular,2026-09-21T16:45:22Z
1300,P,112.975,2777092,2026-09-21T16:32:35Z,False,146867.500,,112.95,113.07,,L,13,61,106893205618144,,regular,2026-09-21T16:32:35Z
1300,P,113.145,2763972,2026-09-21T16:32:07Z,False,147088.500,,112.94,113.28,,L,179,128,106893205589996,,regular,2026-09-21T16:32:07Z
1300,P,113.165,2762472,2026-09-21T16:32:07Z,False,147114.500,,112.94,113.28,,L,179,128,106893205589989,,regular,2026-09-21T16:32:07Z
1300,P,113.165,2761172,2026-09-21T16:32:07Z,False,147114.500,,112.94,113.28,,L,179,128,106893205589988,,regular,2026-09-21T16:32:07Z
1711,P,113.45,2708869,2026-09-21T16:26:02Z,False,194112.95,,113.37,113.53,,L,205,264,106893205225403,,regular,2026-09-21T16:26:02Z
915,P,113.435,2707093,2026-09-21T16:26:02Z,False,103793.025,,113.37,113.53,,L,205,264,106893205225397,,regular,2026-09-21T16:26:02Z
1736,P,113.25,2681809,2026-09-21T16:22:01Z,False,196602.00,,113.05,113.41,,L,20,55,106893204984233,,regular,2026-09-21T16:22:01Z
955,P,113.155,2664444,2026-09-21T16:20:00Z,False,108063.025,,113,113.31,,L,66,152,106893204862933,,regular,2026-09-21T16:20:00Z
2100,P,113.135,2661188,2026-09-21T16:19:29Z,False,237583.500,,112.95,113.38,,L,86,48,106893204831935,,regular,2026-09-21T16:19:29Z
1900,P,113,2655815,2026-09-21T16:19:08Z,False,214700,,113.11,113.28,,L,181,17,106893204811528,,regular,2026-09-21T16:19:08Z
1213,P,113.57,2550389,2026-09-21T16:10:40Z,False,137760.41,,113.26,113.69,,L,16,110,106893204302920,,regular,2026-09-21T16:10:40Z
1500,P,113.59,2547631,2026-09-21T16:10:35Z,False,170385.00,,113.4,113.62,,L,6,159,106893204298004,,regular,2026-09-21T16:10:35Z
1938,P,113.585,2543749,2026-09-21T16:10:33Z,False,220127.730,,113.48,113.62,,L,17,200,106893204296169,,regular,2026-09-21T16:10:33Z
1600,P,113.195,2533807,2026-09-21T16:09:35Z,False,181112.000,,113.07,113.32,,L,13,142,106893204238364,,regular,2026-09-21T16:09:35Z
1000,P,113.25,2524814,2026-09-21T16:09:12Z,False,113250.00,,113.12,113.37,,L,112,102,106893204215110,,regular,2026-09-21T16:09:12Z
1799,P,112.9392,2515511,2026-09-21T16:08:10Z,False,203177.6208,,112.89,112.94,,L,200,100,106893204153362,,regular,2026-09-21T16:08:10Z
2000,P,113.0096,2499932,2026-09-21T16:07:09Z,False,226019.2000,,112.86,113,,L,6,70,106893204092139,,regular,2026-09-21T16:07:09Z
1300,P,112.94,2496825,2026-09-21T16:07:07Z,False,146822.00,,112.86,113.01,,L,26,70,106893204090365,,regular,2026-09-21T16:07:07Z
1300,P,112.94,2495525,2026-09-21T16:07:07Z,False,146822.00,,112.86,113.01,,L,26,70,106893204090364,,regular,2026-09-21T16:07:07Z
3300,P,113.13,2481145,2026-09-21T16:05:48Z,False,373329.00,,113.08,113.19,,L,102,39,106893204011682,,regular,2026-09-21T16:05:48Z
2331,P,112.8399,2457736,2026-09-21T16:05:25Z,False,263029.8069,,112.73,112.84,,L,15,264,106893203988131,,regular,2026-09-21T16:05:25Z
2000,P,112.7001,2426289,2026-09-21T16:02:37Z,False,225400.2000,,112.69,112.9,,L,150,120,106893203820389,,regular,2026-09-21T16:02:37Z
1300,P,112.745,2378555,2026-09-21T15:57:11Z,False,146568.500,,112.64,112.72,,L,65,3,106893203494008,,regular,2026-09-21T15:57:11Z
1300,P,112.745,2377255,2026-09-21T15:57:11Z,False,146568.500,,112.64,112.72,,L,65,3,106893203494007,,regular,2026-09-21T15:57:11Z
3500,P,112.865,2369304,2026-09-21T15:56:32Z,False,395027.500,,112.74,112.86,,L,10,100,106893203454953,,regular,2026-09-21T15:56:32Z
1300,P,112.865,2365804,2026-09-21T15:56:32Z,False,146724.500,,112.74,112.86,,L,10,100,106893203454951,,regular,2026-09-21T15:56:32Z
1300,P,112.865,2364504,2026-09-21T15:56:32Z,False,146724.500,,112.74,112.86,,L,10,100,106893203454950,,regular,2026-09-21T15:56:32Z
905,P,112.84,2358920,2026-09-21T15:56:31Z,False,102120.20,,112.83,112.95,,L,4,225,106893203454369,,regular,2026-09-21T15:56:31Z
2000,P,112.31,2336818,2026-09-21T15:53:30Z,False,224620.00,,112.31,112.49,,L,12,43,106893203273554,,regular,2026-09-21T15:53:30Z
1000,P,112.39,2330092,2026-09-21T15:52:39Z,False,112390.00,,112.34,112.41,,L,90,1,106893203221986,,regular,2026-09-21T15:52:39Z
1300,P,112.48,2325124,2026-09-21T15:52:12Z,False,146224.00,,112.31,112.52,,L,16,179,106893203195107,,regular,2026-09-21T15:52:12Z
1300,P,112.48,2323824,2026-09-21T15:52:12Z,False,146224.00,,112.31,112.52,,L,16,179,106893203195104,,regular,2026-09-21T15:52:12Z
2000,P,111.5,2276924,2026-09-21T15:48:36Z,False,223000.0,contingent_trade,112.35,112.49,,L,10,93,106893202979594,qualified_contingent_trade,regular,2026-09-21T15:48:36Z
1599,P,112.34,2273459,2026-09-21T15:48:34Z,False,179631.66,,112.09,112.37,,L,116,21,106893202977776,,regular,2026-09-21T15:48:34Z
11192,P,112.13,2259133,2026-09-21T15:47:47Z,False,1254958.96,,111.99,112.1,,L,12,301,106893202930825,,regular,2026-09-21T15:47:47Z
900,P,111.8,2237159,2026-09-21T15:47:17Z,False,100620.0,,111.74,111.9,,L,50,145,106893202899940,,regular,2026-09-21T15:47:17Z
4500,P,111.865,2234470,2026-09-21T15:46:55Z,False,503392.500,,111.74,111.83,,L,82,78,106893202878025,,regular,2026-09-21T15:46:55Z
1300,P,111.865,2229893,2026-09-21T15:46:55Z,False,145424.500,,111.74,111.83,,L,82,78,106893202878024,,regular,2026-09-21T15:46:55Z
1300,P,111.865,2228593,2026-09-21T15:46:55Z,False,145424.500,,111.74,111.83,,L,82,78,106893202878023,,regular,2026-09-21T15:46:55Z
1387,P,111.327,2222903,2026-09-21T15:46:29Z,False,154410.549,average_price_trade,111.83,111.9,,L,50,311,106893202852289,derivative_priced,regular,2026-09-21T15:46:29Z
1300,P,111.685,2214935,2026-09-21T15:45:47Z,False,145190.500,,111.66,111.9,,L,50,10,106893202810552,,regular,2026-09-21T15:45:47Z
1300,P,111.41,2197287,2026-09-21T15:44:31Z,False,144833.00,,111.27,111.6,,L,14,10,106893202734107,,regular,2026-09-21T15:44:31Z
1137,P,111.465,2195842,2026-09-21T15:44:29Z,False,126735.705,,111.41,111.6,,L,14,44,106893202732733,,regular,2026-09-21T15:44:29Z
1887,P,111.195,2188205,2026-09-21T15:43:57Z,False,209824.965,,111,111.36,,L,40,35,106893202700233,,regular,2026-09-21T15:43:57Z
15384,P,110.55,2157320,2026-09-21T15:41:03Z,False,1700701.20,,110.28,110.55,,L,15,201,106893202526430,,regular,2026-09-21T15:41:03Z
1000,P,110.5099,2135410,2026-09-21T15:40:13Z,False,110509.9000,,110.26,110.51,,L,15,44,106893202476833,,regular,2026-09-21T15:40:13Z
1000,P,110.455,2134034,2026-09-21T15:39:58Z,False,110455.000,,110.4,110.51,,L,15,100,106893202461640,,regular,2026-09-21T15:39:58Z
1000,P,110.435,2120433,2026-09-21T15:38:37Z,False,110435.000,,110.4,110.61,,L,11,3,106893202380244,,regular,2026-09-21T15:38:37Z
1000,P,111.16,2087462,2026-09-21T15:34:19Z,False,111160.00,,111.16,111.29,,L,11,10,106893202122018,,regular,2026-09-21T15:34:19Z
1225,P,110.7,2053929,2026-09-21T15:30:11Z,False,135607.5,,110.7,111,,L,21,44,106893201874372,,regular,2026-09-21T15:30:11Z
1600,P,110.71,2018241,2026-09-21T15:28:18Z,False,177136.00,,110.62,110.78,,L,1,12,106893201761844,,regular,2026-09-21T15:28:18Z
1367,P,110.62,2012798,2026-09-21T15:27:51Z,False,151217.54,,110.54,110.7,,L,11,105,106893201734674,,regular,2026-09-21T15:27:51Z
11000,P,110.255,1985742,2026-09-21T15:24:55Z,False,1212805.000,,110.23,110.45,,L,21,10,106893201557938,,regular,2026-09-21T15:24:55Z
1000,P,109.84,1945416,2026-09-21T15:22:40Z,False,109840.00,,110.1,110.25,,L,55,135,106893201423337,,regular,2026-09-21T15:22:40Z
7860,P,110.105,1939392,2026-09-21T15:22:39Z,False,865425.300,,109.79,110.2,,L,100,34,106893201422799,,regular,2026-09-21T15:22:39Z
979,P,109.8501,1900296,2026-09-21T15:21:05Z,False,107543.2479,,109.85,110.02,,L,10,231,106893201327933,,regular,2026-09-21T15:21:05Z
1000,P,110.54,1823381,2026-09-21T15:11:22Z,False,110540.00,,110.46,110.62,,L,110,200,106893200745687,,regular,2026-09-21T15:11:22Z
3496,P,110.1707,1799751,2026-09-21T15:08:45Z,False,385156.7672,average_price_trade,110.12,110.28,,L,15,10,106893200588124,,regular,2026-09-21T15:08:45Z
1600,P,109.4,1732355,2026-09-21T15:01:39Z,False,175040.0,,109.35,109.44,,L,1,201,106893200162541,,regular,2026-09-21T15:01:39Z
1566,P,109.5,1688703,2026-09-21T14:58:38Z,False,171477.0,,109.47,109.65,,L,100,182,106893199980930,,regular,2026-09-21T14:58:38Z
10000,P,108.845,1661412,2026-09-21T14:56:22Z,False,1088450.000,,108.7,108.99,,L,17,290,106893199845075,,regular,2026-09-21T14:56:22Z
10000,P,109.18,1636454,2026-09-21T14:54:20Z,False,1091800.00,,109.07,109.28,,L,2,100,106893199723290,,regular,2026-09-21T14:54:20Z
10000,P,109.36,1615146,2026-09-21T14:52:58Z,False,1093600.00,,109.28,109.44,,L,103,100,106893199641645,,regular,2026-09-21T14:52:58Z
1449,P,110.06,1576232,2026-09-21T14:49:01Z,False,159476.94,,109.85,110.2,,L,100,15,106893199404026,,regular,2026-09-21T14:49:01Z
2313,P,109.94,1524419,2026-09-21T14:44:13Z,False,254291.22,,109.7,109.98,,L,55,200,106893199115899,,regular,2026-09-21T14:44:13Z
1000,P,110.414,1482318,2026-09-21T14:42:04Z,False,110414.000,,110.21,110.51,,L,11,4,106893198987321,,regular,2026-09-21T14:42:04Z
9150,P,110.485,1450925,2026-09-21T14:40:18Z,False,1010937.750,,110.23,110.45,,L,60,100,106893198881774,,regular,2026-09-21T14:40:18Z
1791,P,110.5526,1423302,2026-09-21T14:38:47Z,False,197999.7066,average_price_trade,110.47,110.56,,L,84,121,106893198790724,,regular,2026-09-21T14:38:47Z
1303,P,111.0317,1397115,2026-09-21T14:35:25Z,False,144674.3051,average_price_trade,110.79,110.93,,L,10,100,106893198588079,derivative_priced,regular,2026-09-21T14:35:25Z
2497,P,110.875,1395767,2026-09-21T14:35:24Z,False,276854.875,,110.79,110.93,,L,10,100,106893198587266,,regular,2026-09-21T14:35:24Z
1008,P,111.1945,1381803,2026-09-21T14:34:32Z,False,112084.0560,,111.08,111.2,,L,100,200,106893198535620,,regular,2026-09-21T14:34:32Z
1000,P,111.1776,1382823,2026-09-21T14:34:32Z,False,111177.6000,,111.08,111.2,,L,100,200,106893198535620,,regular,2026-09-21T14:34:32Z
1008,P,111.14,1378593,2026-09-21T14:34:32Z,False,112029.12,,111.13,111.29,,L,120,200,106893198534962,,regular,2026-09-21T14:34:32Z
1599,P,110.9526,1367045,2026-09-21T14:33:55Z,False,177413.2074,average_price_trade,110.93,111.08,,L,1,10,106893198498718,,regular,2026-09-21T14:33:55Z
1337,P,110.695,1350398,2026-09-21T14:32:29Z,False,147999.215,,110.5,110.79,,L,100,200,106893198412563,,regular,2026-09-21T14:32:29Z
1447,P,110.885,1343475,2026-09-21T14:31:56Z,False,160450.595,,110.72,111.04,,L,20,100,106893198379012,,regular,2026-09-21T14:31:56Z
2500,P,110.7,1316285,2026-09-21T14:29:32Z,False,276750.0,,110.7,110.88,,L,6,300,106893198235412,,regular,2026-09-21T14:29:32Z
905,P,110.705,1303978,2026-09-21T14:29:07Z,False,100188.025,,110.54,110.75,,L,100,200,106893198210086,,regular,2026-09-21T14:29:07Z
1000,P,110.61,1259452,2026-09-21T14:25:18Z,False,110610.00,,110.55,110.87,,L,120,300,106893197981086,,regular,2026-09-21T14:25:18Z
968,P,110.655,1257276,2026-09-21T14:25:05Z,False,107114.040,,110.53,110.87,,L,140,200,106893197967864,,regular,2026-09-21T14:25:05Z
1080,P,110.3944,1210649,2026-09-21T14:21:41Z,False,119225.9520,average_price_trade,110.22,110.39,,L,24,20,106893197764219,derivative_priced,regular,2026-09-21T14:21:41Z
2000,P,110.22,1203920,2026-09-21T14:21:28Z,False,220440.00,,110.22,110.39,,L,20,200,106893197751743,,regular,2026-09-21T14:21:28Z
1800,P,110.57,1121175,2026-09-21T14:13:36Z,False,199026.00,,110.4,110.66,,L,220,101,106893197279402,,regular,2026-09-21T14:13:36Z
1099,P,110.39,1111786,2026-09-21T14:12:35Z,False,121318.61,,110.3,110.64,,L,10,200,106893197218459,,regular,2026-09-21T14:12:35Z
1000,P,110.2758,1101837,2026-09-21T14:11:55Z,False,110275.8000,,110.23,110.61,,L,160,301,106893197178746,,regular,2026-09-21T14:11:55Z
2063,P,110.0651,1063379,2026-09-21T14:09:16Z,False,227064.3013,,109.93,110.2,,L,117,110,106893197019559,,regular,2026-09-21T14:09:16Z
7228,P,110.42,1019951,2026-09-21T14:04:41Z,False,798115.76,,110.25,110.62,,L,67,30,106893196744113,,regular,2026-09-21T14:04:41Z
10000,P,110.41,1006562,2026-09-21T14:04:07Z,False,1104100.00,,110.16,110.58,,L,28,1,106893196710712,,regular,2026-09-21T14:04:07Z
1000,P,110.5081,983462,2026-09-21T14:03:26Z,False,110508.1000,,110.45,110.87,,L,150,55,106893196669386,,regular,2026-09-21T14:03:26Z
1000,P,110.52,933726,2026-09-21T13:58:18Z,False,110520.00,,110.39,110.76,,L,200,200,106893196361574,,regular,2026-09-21T13:58:18Z
1300,P,110,912373,2026-09-21T13:57:35Z,False,143000,,109.97,110.1,,L,2,200,106893196318441,,regular,2026-09-21T13:57:35Z
1000,P,109.765,904620,2026-09-21T13:57:01Z,False,109765.000,,109.66,109.91,,L,200,90,106893196284585,,regular,2026-09-21T13:57:01Z
12200,P,110.06,891734,2026-09-21T13:56:09Z,False,1342732.00,,109.8,110.01,,L,109,105,106893196232614,,regular,2026-09-21T13:56:09Z
953,P,110.1581,874228,2026-09-21T13:55:56Z,False,104980.6693,,110.04,110.16,,L,120,3,106893196218848,,regular,2026-09-21T13:55:55Z
1267,P,110.05,869447,2026-09-21T13:55:45Z,False,139433.35,,110.09,110.39,,L,120,1,106893196208410,,regular,2026-09-21T13:55:45Z
2200,P,110.39,863401,2026-09-21T13:55:34Z,False,242858.00,,110.12,110.39,,L,100,200,106893196197121,,regular,2026-09-21T13:55:34Z
6700,P,110.39,861180,2026-09-21T13:55:34Z,False,739613.00,,110.12,110.39,,L,100,200,106893196197120,,regular,2026-09-21T13:55:34Z
1330,P,110.39,854380,2026-09-21T13:55:34Z,False,146818.70,,110.12,110.39,,L,100,200,106893196197117,,regular,2026-09-21T13:55:34Z
1100,P,110.1,688050,2026-09-21T13:51:52Z,False,121110.0,,110.05,110.4,,L,80,2200,106893195975679,,regular,2026-09-21T13:51:52Z
3100,P,110.15,586522,2026-09-21T13:49:32Z,False,341465.00,,110.02,110.46,,L,125,1,106893195835691,,regular,2026-09-21T13:49:32Z
1000,P,110.15,583422,2026-09-21T13:49:32Z,False,110150.00,,110.02,110.46,,L,225,1,106893195835656,,regular,2026-09-21T13:49:32Z
1214,P,110.5,549312,2026-09-21T13:48:43Z,False,134147.0,,110.51,110.89,,L,11,3,106893195786148,,regular,2026-09-21T13:48:43Z
1207,P,110.695,548098,2026-09-21T13:48:43Z,False,133608.865,,110.51,110.89,,L,11,3,106893195786145,,regular,2026-09-21T13:48:43Z
1800,P,111,471600,2026-09-21T13:46:47Z,False,199800,,110.82,111,,L,8,128,106893195670082,,regular,2026-09-21T13:46:47Z
3200,P,110,420284,2026-09-21T13:45:25Z,False,352000,,109.94,110.34,,L,200,192,106893195588461,,regular,2026-09-21T13:45:25Z
1727,P,110,406137,2026-09-21T13:45:25Z,False,189970,,109.94,110.34,,L,200,192,106893195588438,,regular,2026-09-21T13:45:25Z
1400,P,109.74,379780,2026-09-21T13:45:06Z,False,153636.00,,109.5,109.95,,L,126,300,106893195568862,,regular,2026-09-21T13:45:06Z
1200,P,109,340068,2026-09-21T13:43:09Z,False,130800,,108.88,109.43,,L,100,386,106893195452225,,regular,2026-09-21T13:43:09Z
1800,P,108.65,330238,2026-09-21T13:43:06Z,False,195570.00,,108.37,108.65,,L,3,74,106893195449424,,regular,2026-09-21T13:43:06Z
1000,P,108.465,325070,2026-09-21T13:42:44Z,False,108465.000,,108.28,108.71,,L,100,2,106893195427786,,regular,2026-09-21T13:42:44Z
1000,P,108.09,314874,2026-09-21T13:42:17Z,False,108090.00,,107.94,108.5,,L,203,106,106893195400276,,regular,2026-09-21T13:42:17Z
4000,P,108.05,303546,2026-09-21T13:41:16Z,False,432200.00,,108.04,108.3,,L,10,100,106893195339034,,regular,2026-09-21T13:41:16Z
1561,P,107.8,291373,2026-09-21T13:40:53Z,False,168275.8,,107.41,107.74,,L,100,300,106893195316621,,regular,2026-09-21T13:40:53Z
4000,P,107.7299,280999,2026-09-21T13:40:43Z,False,430919.6000,,107.27,107.74,,L,100,100,106893195306553,,regular,2026-09-21T13:40:43Z
1000,P,107.07,245579,2026-09-21T13:38:42Z,False,107070.00,,106.85,107.29,,L,10,100,106893195185576,,regular,2026-09-21T13:38:42Z
12200,P,106.85,232463,2026-09-21T13:37:38Z,False,1303570.00,,106.2,107.1,,L,100,1,106893195121750,,regular,2026-09-21T13:37:38Z
1237,P,106.5735,220202,2026-09-21T13:37:34Z,False,131831.4195,,106.2,107.1,,L,100,1,106893195117561,,regular,2026-09-21T13:37:34Z
1000,P,106.2,218548,2026-09-21T13:37:18Z,False,106200.0,,106.16,107.11,,L,100,1,106893195101734,,regular,2026-09-21T13:37:18Z
1300,P,107.0125,189662,2026-09-21T13:35:19Z,False,139116.2500,,107.01,107.5,,L,100,10,106893194982518,,regular,2026-09-21T13:35:19Z
6653,P,106.01,165824,2026-09-21T13:33:06Z,False,705284.53,,106.01,106.69,,L,100,26,106893194849821,,regular,2026-09-21T13:33:06Z
1000,P,106.35,158307,2026-09-21T13:32:46Z,False,106350.00,,106.01,106.99,,L,125,26,106893194829628,,regular,2026-09-21T13:32:46Z
