size,ticker,price,volume,executed_at,canceled,premium,sale_cond_codes,nbbo_bid,nbbo_ask,ext_hour_sold_codes,market_center,nbbo_ask_quantity,nbbo_bid_quantity,tracking_id,trade_code,trade_settlement,trf_executed_at
5000,PLTR,76.80,75861195,2024-12-13T23:54:23Z,False,384000.00,,76.78,76.80,extended_hours_trade,L,830,40,68063199677778,,,
1883,PLTR,76.78,75855226,2024-12-13T23:54:19Z,False,144576.74,,76.78,76.80,extended_hours_trade,L,830,40,68059005356772,,,
2000,PLTR,76.7508,75852495,2024-12-13T23:53:42Z,False,153501.6000,,76.75,76.80,extended_hours_trade,L,1330,100,68022115179813,,,
1858,PLTR,76.80,75848673,2024-12-13T23:53:14Z,False,142694.40,,76.77,76.80,extended_hours_trade,L,1430,190,67994951416229,,,
2000,PLTR,76.72,75838354,2024-12-13T23:51:58Z,False,153440.00,,76.70,76.79,extended_hours_trade,L,50,384,67918009095991,,,
4000,PLTR,76.6501,75832106,2024-12-13T23:50:13Z,False,306600.4000,,76.57,76.70,extended_hours_trade,L,300,428,67813776454876,,,
9634,PLTR,76.54,75800203,2024-12-13T23:46:32Z,False,737386.36,,76.51,76.54,extended_hours_trade,L,10,100,67592466748614,,,
1400,PLTR,76.5101,75790020,2024-12-13T23:46:18Z,False,107114.1400,,76.51,76.54,extended_hours_trade,L,10,100,67578173723241,,,
2000,PLTR,76.5099,75788242,2024-12-13T23:45:54Z,False,153019.8000,,76.50,76.54,extended_hours_trade,L,10,100,67554731917730,,,
2000,PLTR,76.4991,75779173,2024-12-13T23:42:41Z,False,152998.2000,,76.49,76.54,extended_hours_trade,L,24,74,67361876693756,,,
1500,PLTR,76.49,75765956,2024-12-13T23:36:57Z,False,114735.00,,76.47,76.52,extended_hours_trade,L,50,1,67017044657160,,,
1500,PLTR,76.50,75763121,2024-12-13T23:36:40Z,False,114750.00,,76.50,76.60,extended_hours_trade,L,1812,1098,67000368975759,,,
1500,PLTR,76.53,75754427,2024-12-13T23:31:25Z,False,114795.00,,76.46,76.53,extended_hours_trade,L,500,25,66685962521575,,,
1500,PLTR,76.51,75739422,2024-12-13T23:25:35Z,False,114765.00,,76.52,76.57,extended_hours_trade,L,9,10,66335717089333,,,
2000,PLTR,76.50,75730246,2024-12-13T23:19:27Z,False,153000.00,,76.50,76.51,extended_hours_trade,L,18,60,65967898619467,,,
3364,PLTR,76.55,75727406,2024-12-13T23:19:00Z,False,257514.20,,76.52,76.60,extended_hours_trade,L,2453,68,65940165744492,,,
1672,PLTR,76.51,75696943,2024-12-13T23:11:40Z,False,127924.72,,76.50,76.52,extended_hours_trade,L,25,7000,65500284953818,,,
5000,PLTR,76.4897,75677200,2024-12-13T23:04:18Z,False,382448.5000,,76.42,76.49,extended_hours_trade,L,466,101,65058527754394,,,
3170,PLTR,76.07,75646122,2024-12-13T22:59:48Z,False,241141.90,prior_reference_price,76.55,76.58,extended_hours_trade,L,100,1180,64788363392480,,,
2777,PLTR,76.5899,75635939,2024-12-13T22:56:46Z,False,212690.1523,,76.52,76.59,extended_hours_trade,L,1,5,64606698648382,,,
1367,PLTR,76.50,75624774,2024-12-13T22:54:42Z,False,104575.50,,76.50,76.51,extended_hours_trade,L,99,38,64482088519908,,,
1488,PLTR,76.54,75610683,2024-12-13T22:51:48Z,False,113891.52,,76.51,76.57,extended_hours_trade,L,97,500,64308374246413,,,
1984,PLTR,76.53,75608579,2024-12-13T22:51:19Z,False,151835.52,,76.51,76.57,extended_hours_trade,L,97,500,64279575397316,,,
1700,PLTR,76.50,75600619,2024-12-13T22:47:55Z,False,130050.00,,76.43,76.57,extended_hours_trade,L,20,300,64075776213776,,,
3183,PLTR,76.5797,75596843,2024-12-13T22:47:26Z,False,243753.1851,,76.52,76.60,extended_hours_trade,L,597,47,64046429793972,,,
2000,PLTR,76.5786,75585588,2024-12-13T22:44:05Z,False,153157.2000,,76.55,76.65,extended_hours_trade,L,200,96,63845848861388,,,
2000,PLTR,76.5301,75573542,2024-12-13T22:41:16Z,False,153060.2000,,76.53,76.54,extended_hours_trade,L,62,107,63676101665442,,,
3074,PLTR,76.50,75564002,2024-12-13T22:39:08Z,False,235161.00,,76.50,76.54,extended_hours_trade,L,62,168,63548192715592,,,
2000,PLTR,76.4499,75556453,2024-12-13T22:37:21Z,False,152899.8000,,76.37,76.45,extended_hours_trade,L,25,2120,63441351897686,,,
2069,PLTR,76.39,75552446,2024-12-13T22:36:36Z,False,158050.91,,76.37,76.45,extended_hours_trade,L,50,120,63396460024703,,,
4500,PLTR,76.37,75549369,2024-12-13T22:35:57Z,False,343665.00,,76.37,76.45,extended_hours_trade,L,50,119,63357503215835,,,
4109,PLTR,76.32,75542409,2024-12-13T22:35:06Z,False,313598.88,,76.35,76.45,extended_hours_trade,L,50,2214,63306309013772,,,
1500,PLTR,76.4201,75526949,2024-12-13T22:34:37Z,False,114630.1500,,76.42,76.44,extended_hours_trade,L,200,45,63277287940379,,,
3497,PLTR,76.4502,75518715,2024-12-13T22:31:45Z,False,267346.3494,,76.45,76.47,extended_hours_trade,L,11,15,63105646668005,,,
1538,PLTR,76.36,75498877,2024-12-13T22:27:39Z,False,117441.68,,76.36,76.46,extended_hours_trade,L,850,1,62859305583086,,,
5100,PLTR,76.36,75497239,2024-12-13T22:27:39Z,False,389436.00,,76.36,76.46,extended_hours_trade,L,850,1,62859300782616,,,
1510,PLTR,76.50,75479556,2024-12-13T22:26:01Z,False,115515.00,,76.50,76.51,extended_hours_trade,L,3020,100,62761275068684,,,
1500,PLTR,76.5099,75472287,2024-12-13T22:25:49Z,False,114764.8500,,76.50,76.51,extended_hours_trade,L,6783,100,62749829076267,,,
1500,PLTR,76.5201,75463242,2024-12-13T22:25:17Z,False,114780.1500,,76.50,76.53,extended_hours_trade,L,100,1100,62717479846527,,,
1459,PLTR,76.5202,75461742,2024-12-13T22:25:17Z,False,111642.9718,,76.50,76.53,extended_hours_trade,L,100,1100,62717302360583,,,
1500,PLTR,76.5401,75459776,2024-12-13T22:25:01Z,False,114810.1500,,76.52,76.57,extended_hours_trade,L,10000,2,62701801322172,,,
2000,PLTR,76.5301,75442863,2024-12-13T22:23:04Z,False,153060.2000,,76.52,76.54,extended_hours_trade,L,1863,2,62584037662670,,,
1632,PLTR,76.07,75407726,2024-12-13T22:19:04Z,False,124146.24,,76.54,76.55,extended_hours_trade,L,418,200,62344648546410,,,
3990,PLTR,76.52,75404880,2024-12-13T22:18:21Z,False,305314.80,,76.52,76.55,extended_hours_trade,L,285,201,62301213709890,,,
2029,PLTR,76.49,75390702,2024-12-13T22:16:17Z,False,155198.21,,76.49,76.55,extended_hours_trade,L,300,50,62177256978580,,,
3600,PLTR,76.5501,75372748,2024-12-13T22:15:06Z,False,275580.3600,,76.50,76.60,extended_hours_trade,L,324,326,62106219676556,,,
2925,PLTR,76.60,75367674,2024-12-13T22:14:46Z,False,224055.00,,76.56,76.65,extended_hours_trade,L,300,8,62086643792164,,,
2725,PLTR,76.69,75356075,2024-12-13T22:14:06Z,False,208980.25,,76.64,76.69,extended_hours_trade,L,800,1,62046653180054,,,
4500,PLTR,76.7199,75348243,2024-12-13T22:13:23Z,False,345239.5500,,76.68,76.72,extended_hours_trade,L,300,1,62003141162058,,,
2295,PLTR,76.72,75343343,2024-12-13T22:13:23Z,False,176072.40,,76.68,76.72,extended_hours_trade,L,300,1,62003138262436,,,
2000,PLTR,76.75,75311058,2024-12-13T22:10:27Z,False,153500.00,,76.75,76.78,extended_hours_trade,L,200,300,61827182556853,,,
1400,PLTR,76.70,75301069,2024-12-13T22:09:12Z,False,107380.00,,76.70,76.75,extended_hours_trade,L,101,2,61752104818406,,,
2000,PLTR,76.85,75290406,2024-12-13T22:08:16Z,False,153700.00,,76.79,76.84,extended_hours_trade,L,70,119,61696280640769,,,
1900,PLTR,76.85,75287411,2024-12-13T22:08:05Z,False,146015.00,,76.79,76.85,extended_hours_trade,L,370,119,61685515374548,,,
3008,PLTR,76.8695,75280476,2024-12-13T22:07:50Z,False,231223.4560,,76.85,76.88,extended_hours_trade,L,100,300,61670852134484,,,
3008,PLTR,76.8698,75277217,2024-12-13T22:07:49Z,False,231224.3584,,76.84,76.88,extended_hours_trade,L,100,2000,61669386599473,,,
2500,PLTR,76.7905,75237028,2024-12-13T22:04:11Z,False,191976.2500,,76.79,76.83,extended_hours_trade,L,25,199,61451125031921,,,
324508,PLTR,76.07,75209212,2024-12-13T22:02:00Z,False,24685323.56,average_price_trade,76.84,76.85,extended_hours_trade,L,287,37,61320832428372,,,
3500,PLTR,76.8201,74809729,2024-12-13T21:57:50Z,False,268870.3500,,76.82,76.85,extended_hours_trade,L,6,300,61070154806057,,,
1500,PLTR,76.82,74806229,2024-12-13T21:57:50Z,False,115230.00,,76.82,76.85,extended_hours_trade,L,6,300,61070153366371,,,
3868,PLTR,76.9186,74788092,2024-12-13T21:56:44Z,False,297521.1448,,76.85,76.93,extended_hours_trade,L,400,300,61004555506438,,,
2299,PLTR,76.9396,74764099,2024-12-13T21:56:27Z,False,176884.1404,,76.91,76.93,extended_hours_trade,L,1,57,60987780507947,,,
3000,PLTR,76.9286,74759741,2024-12-13T21:56:21Z,False,230785.8000,,76.88,76.93,extended_hours_trade,L,300,415,60981395439928,,,
1439,PLTR,76.88,74745045,2024-12-13T21:56:03Z,False,110630.32,,76.83,76.87,extended_hours_trade,L,63,200,60963467637883,,,
2215,PLTR,76.87,74738636,2024-12-13T21:55:57Z,False,170267.05,,76.83,76.87,extended_hours_trade,L,900,64,60957279961435,,,
2785,PLTR,76.77,74729515,2024-12-13T21:55:36Z,False,213804.45,,76.76,76.77,extended_hours_trade,L,98,200,60936327554036,,,
1699,PLTR,76.7789,74724235,2024-12-13T21:55:13Z,False,130447.3511,,76.74,76.78,extended_hours_trade,L,300,50,60913299932955,,,
2605,PLTR,76.73,74715863,2024-12-13T21:54:59Z,False,199881.65,,76.72,76.73,extended_hours_trade,L,100,100,60899413424472,,,
2000,PLTR,76.72,74712511,2024-12-13T21:54:57Z,False,153440.00,,76.72,76.74,extended_hours_trade,L,654,108,60897432760006,,,
3185,PLTR,76.72,74701254,2024-12-13T21:54:38Z,False,244353.20,,76.72,76.74,extended_hours_trade,L,354,147,60878304095992,,,
9356,PLTR,76.72,74698069,2024-12-13T21:54:38Z,False,717792.32,,76.72,76.74,extended_hours_trade,L,354,147,60878303763835,,,
2000,PLTR,76.6796,74671728,2024-12-13T21:54:14Z,False,153359.2000,,76.65,76.68,extended_hours_trade,L,1,988,60854487018616,,,
2000,PLTR,76.58,74655397,2024-12-13T21:53:22Z,False,153160.00,,76.58,76.63,extended_hours_trade,L,6,144,60802627493589,,,
2270,PLTR,76.40,74551097,2024-12-13T21:48:50Z,False,173428.00,,76.41,76.42,extended_hours_trade,L,257,13,60530211783028,,,
32523,PLTR,76.07,74521493,2024-12-13T21:47:11Z,False,2474024.61,average_price_trade,76.37,76.40,extended_hours_trade,L,1203,300,60431677001481,,,
3000,PLTR,76.2999,74466493,2024-12-13T21:44:55Z,False,228899.7000,,76.28,76.33,extended_hours_trade,L,1300,10,60295975199640,,,
8397,PLTR,76.29,74395232,2024-12-13T21:40:34Z,False,640607.13,,76.27,76.29,extended_hours_trade,L,300,200,60034389142699,,,
4500,PLTR,76.32,74363017,2024-12-13T21:39:05Z,False,343440.00,,76.36,76.40,extended_hours_trade,L,3,30,59945931806453,,,
3105,PLTR,76.36,74295053,2024-12-13T21:33:03Z,False,237097.80,,76.34,76.39,extended_hours_trade,L,66,424,59583022361894,,,
1390,PLTR,76.34,74229752,2024-12-13T21:27:54Z,False,106112.60,,76.32,76.40,extended_hours_trade,L,20,30,59274365348462,,,
1450,PLTR,76.25,74204844,2024-12-13T21:26:05Z,False,110562.50,,76.25,76.30,extended_hours_trade,L,60,200,59165838994291,,,
3250,PLTR,76.29,74185284,2024-12-13T21:25:02Z,False,247942.50,,76.21,76.33,extended_hours_trade,L,8,100,59102335703440,,,
1600,PLTR,76.36,74174826,2024-12-13T21:24:51Z,False,122176.00,,76.34,76.39,extended_hours_trade,L,100,110,59091593481056,,,
25005,PLTR,76.07,74110824,2024-12-13T21:20:00Z,False,1902130.35,prior_reference_price,76.40,76.45,extended_hours_trade,L,105,723,58800639458509,,,
1849,PLTR,76.4104,74081686,2024-12-13T21:19:37Z,False,141282.8296,,76.40,76.45,extended_hours_trade,L,105,613,58777550913734,,,
1811,PLTR,76.4299,74069679,2024-12-13T21:18:33Z,False,138414.5489,,76.40,76.46,extended_hours_trade,L,300,232,58713948430444,,,
1800,PLTR,76.41,74060314,2024-12-13T21:17:48Z,False,137538.00,,76.41,76.46,extended_hours_trade,L,300,114,58668002494393,,,
2950,PLTR,76.4103,74041317,2024-12-13T21:16:38Z,False,225410.3850,,76.41,76.45,extended_hours_trade,L,20,200,58598946205671,,,
3100,PLTR,76.48,73992218,2024-12-13T21:15:50Z,False,237088.00,,76.46,76.48,extended_hours_trade,L,168,355,58550300996885,,,
3500,PLTR,76.48,73982376,2024-12-13T21:15:16Z,False,267680.00,,76.46,76.48,extended_hours_trade,L,270,100,58516764816906,,,
1400,PLTR,76.47,73966576,2024-12-13T21:14:40Z,False,107058.00,,76.46,76.48,extended_hours_trade,L,200,196,58480348783411,,,
5600,PLTR,76.47,73965176,2024-12-13T21:14:40Z,False,428232.00,,76.46,76.48,extended_hours_trade,L,200,196,58480347695533,,,
3455,PLTR,76.48,73943847,2024-12-13T21:13:55Z,False,264238.40,,76.46,76.47,extended_hours_trade,L,3,217,58435695920735,,,
2118,PLTR,76.47,73915801,2024-12-13T21:12:03Z,False,161963.46,,76.46,76.49,extended_hours_trade,L,400,200,58323983010842,,,
4154,PLTR,76.46,73897272,2024-12-13T21:11:09Z,False,317614.84,,76.43,76.48,extended_hours_trade,L,15,7849,58269845687106,,,
2000,PLTR,76.45,73889155,2024-12-13T21:10:52Z,False,152900.00,,76.45,76.49,extended_hours_trade,L,567,541,58252000364270,,,
14420,PLTR,76.07,73875217,2024-12-13T21:10:18Z,False,1096929.40,,76.42,76.43,extended_hours_trade,L,206,286,58218859612091,,,
2130,PLTR,76.43,73856093,2024-12-13T21:09:56Z,False,162795.90,,76.42,76.45,extended_hours_trade,L,208,366,58196849657126,,,
2000,PLTR,76.45,73836721,2024-12-13T21:08:43Z,False,152900.00,,76.42,76.49,extended_hours_trade,L,400,199,58123147952201,,,
2813,PLTR,76.07,73827824,2024-12-13T21:08:20Z,False,213984.91,average_price_trade,76.44,76.49,extended_hours_trade,L,500,10,58100041531979,,,
25572,PLTR,76.07,73825011,2024-12-13T21:08:19Z,False,1945262.04,average_price_trade,76.44,76.49,extended_hours_trade,L,500,10,58099854517572,,,
4917,PLTR,76.07,73799439,2024-12-13T21:08:18Z,False,374036.19,average_price_trade,76.44,76.50,extended_hours_trade,L,167,10,58098907570053,,,
3315,PLTR,76.07,73794522,2024-12-13T21:08:18Z,False,252172.05,average_price_trade,76.44,76.50,extended_hours_trade,L,167,10,58098828952854,,,
1500,PLTR,76.45,73791116,2024-12-13T21:08:16Z,False,114675.00,,76.44,76.50,extended_hours_trade,L,167,10,58096617408098,,,
2000,PLTR,76.4199,73776654,2024-12-13T21:07:43Z,False,152839.8000,,76.41,76.42,extended_hours_trade,L,190,294,58063622108955,,,
25000,PLTR,76.07,73770542,2024-12-13T21:07:29Z,False,1901750.00,,76.41,76.48,extended_hours_trade,L,101,206,58049477558648,,,
1500,PLTR,76.41,73737394,2024-12-13T21:07:12Z,False,114615.00,,76.41,76.48,extended_hours_trade,L,101,297,58032261225483,,,
1400,PLTR,76.41,73735143,2024-12-13T21:07:09Z,False,106974.00,,76.41,76.43,extended_hours_trade,L,50,200,58029352202729,,,
1500,PLTR,76.35,73709295,2024-12-13T21:06:28Z,False,114525.00,,76.30,76.45,extended_hours_trade,L,500,5,57988541909784,,,
1950,PLTR,76.46,73692179,2024-12-13T21:06:13Z,False,149097.00,,76.48,76.50,extended_hours_trade,L,2,300,57973368862393,,,
1600,PLTR,76.54,73659085,2024-12-13T21:05:46Z,False,122464.00,,76.50,76.57,extended_hours_trade,L,100,303,57946444987199,,,
5000,PLTR,76.5983,73622492,2024-12-13T21:05:09Z,False,382991.5000,,76.56,76.64,extended_hours_trade,L,200,150,57909923073543,,,
2000,PLTR,76.56,73561633,2024-12-13T21:04:28Z,False,153120.00,,76.55,76.60,extended_hours_trade,L,910,848,57868159746777,,,
3000,PLTR,76.5498,73557769,2024-12-13T21:04:26Z,False,229649.4000,,76.51,76.60,extended_hours_trade,L,910,200,57866974176156,,,
5438,PLTR,76.5017,73549620,2024-12-13T21:04:22Z,False,416016.2446,,76.50,76.60,extended_hours_trade,L,910,300,57862030892683,,,
1350,PLTR,76.47,73495398,2024-12-13T21:03:56Z,False,103234.50,,76.46,76.50,extended_hours_trade,L,6744,145,57836724859375,,,
1600,PLTR,76.4999,73490893,2024-12-13T21:03:52Z,False,122399.8400,,76.48,76.50,extended_hours_trade,L,4744,1732,57832162961473,,,
1900,PLTR,76.24,73427708,2024-12-13T21:02:35Z,False,144856.00,,76.24,76.25,extended_hours_trade,L,4000,160,57755996994131,,,
1434,PLTR,76.22,73420976,2024-12-13T21:02:22Z,False,109299.48,,76.20,76.24,extended_hours_trade,L,267,530,57742789546943,,,
19000,PLTR,76.07,73415098,2024-12-13T21:02:16Z,False,1445330.00,prior_reference_price,76.20,76.24,extended_hours_trade,L,300,530,57736909643520,,,
2541,PLTR,76.07,73393250,2024-12-13T21:02:14Z,False,193293.87,prior_reference_price,76.16,76.22,extended_hours_trade,L,1697,1,57734598341318,,,
21330,PLTR,76.07,73381795,2024-12-13T21:02:02Z,False,1622573.10,prior_reference_price,76.14,76.20,extended_hours_trade,L,323,1,57722160831619,,,
2210,PLTR,76.20,73355257,2024-12-13T21:01:52Z,False,168402.00,,76.15,76.20,extended_hours_trade,L,351,318,57712538101054,,,
1400,PLTR,76.20,73349353,2024-12-13T21:01:49Z,False,106680.00,,76.12,76.18,extended_hours_trade,L,1,198,57709966434975,,,
2831,PLTR,76.17,73347571,2024-12-13T21:01:46Z,False,215637.27,,76.12,76.18,extended_hours_trade,L,1,198,57706595187658,,,
26840,PLTR,76.07,73342304,2024-12-13T21:01:42Z,False,2041718.80,prior_reference_price,76.12,76.17,extended_hours_trade,L,27,200,57702843104801,,,
2124,PLTR,76.07,73305383,2024-12-13T21:01:20Z,False,161572.68,prior_reference_price,76,76.06,extended_hours_trade,L,58,2,57680847655877,,,
12034,PLTR,76.07,73288033,2024-12-13T21:00:55Z,False,915426.38,prior_reference_price,75.92,75.99,extended_hours_trade,L,1000,4,57655272174058,,,
2000,PLTR,75.9601,73271247,2024-12-13T21:00:43Z,False,151920.2000,,75.96,76.01,extended_hours_trade,L,166,141,57643537832714,,,
1400,PLTR,75.95,73264058,2024-12-13T21:00:28Z,False,106330.00,,75.94,76.01,extended_hours_trade,L,166,500,57628810719977,,,
3455,PLTR,76.07,73262446,2024-12-13T21:00:27Z,False,262821.85,prior_reference_price,75.94,76.01,extended_hours_trade,L,166,500,57627624059343,,,
3209,PLTR,76.07,73255203,2024-12-13T21:00:22Z,False,244108.63,average_price_trade,76.01,76.06,extended_hours_trade,L,400,300,57622075945482,,,
1355,PLTR,76.07,73251272,2024-12-13T21:00:20Z,False,103074.85,prior_reference_price,76,76.06,extended_hours_trade,L,400,520,57620569569516,,,
2778,PLTR,76.07,73248013,2024-12-13T21:00:17Z,False,211322.46,prior_reference_price,76.01,76.05,extended_hours_trade,L,520,11,57617066612825,,,
2224,PLTR,76.07,73244379,2024-12-13T21:00:16Z,False,169179.68,prior_reference_price,76.02,76.06,extended_hours_trade,L,400,301,57616008518232,,,
57581,PLTR,76.07,73234649,2024-12-13T21:00:05Z,False,4380186.67,average_price_trade,76.04,76.12,extended_hours_trade,L,125,50,57605946028350,,,
5206,PLTR,76.07,73176265,2024-12-13T21:00:05Z,False,396020.42,,76.04,76.12,extended_hours_trade,L,125,50,57605101219676,,,
5009,PLTR,76.07,73158331,2024-12-13T21:00:05Z,False,381034.63,,76.04,76.12,extended_hours_trade,L,125,50,57605092381076,,,
9331,PLTR,76.07,73167662,2024-12-13T21:00:05Z,False,709809.17,,76.04,76.12,extended_hours_trade,L,125,50,57605092482095,,,
3397,PLTR,76.07,73171059,2024-12-13T21:00:05Z,False,258409.79,,76.04,76.12,extended_hours_trade,L,125,50,57605092803109,,,
19185,PLTR,76.07,73153322,2024-12-13T21:00:05Z,False,1459402.95,,76.04,76.12,extended_hours_trade,L,125,50,57605091660613,,,
21198,PLTR,76.07,73134137,2024-12-13T21:00:05Z,False,1612531.86,,76.04,76.12,extended_hours_trade,L,125,50,57605085620309,,,
2502,PLTR,76.07,73112762,2024-12-13T21:00:05Z,False,190327.14,,76.04,76.12,extended_hours_trade,L,125,50,57605084152241,,,
3160,PLTR,76.07,73110185,2024-12-13T21:00:05Z,False,240381.20,,76.04,76.12,extended_hours_trade,L,125,50,57605066702884,,,
20193,PLTR,76.07,73107025,2024-12-13T21:00:05Z,False,1536081.51,,76.04,76.12,extended_hours_trade,L,125,50,57605064743681,,,
38703,PLTR,76.07,73085993,2024-12-13T21:00:04Z,False,2944137.21,,76.04,76.12,extended_hours_trade,L,125,50,57604461715182,,,
23700,PLTR,76.07,73047290,2024-12-13T21:00:04Z,False,1802859.00,,76.04,76.12,extended_hours_trade,L,125,50,57604459147714,,,
23700,PLTR,76.07,73023590,2024-12-13T21:00:04Z,False,1802859.00,,76.04,76.12,extended_hours_trade,L,125,50,57604458769066,,,
23700,PLTR,76.07,72999273,2024-12-13T21:00:04Z,False,1802859.00,,76.04,76.12,extended_hours_trade,L,125,50,57604450882786,,,
102364,PLTR,76.07,70730405,2024-12-13T21:00:00Z,False,7786829.48,,76.06,76.10,extended_hours_trade,L,100,201,57600725598214,,,
1891,PLTR,76.07,70625516,2024-12-13T21:00:00Z,False,143848.37,,76.06,76.10,extended_hours_trade,L,100,201,57600591902963,,,
1700,PLTR,76.07,70627633,2024-12-13T21:00:00Z,False,129319.00,,76.06,76.10,extended_hours_trade,L,100,201,57600591985954,,,
3392,PLTR,76.07,70619765,2024-12-13T21:00:00Z,False,258029.44,,76.06,76.10,extended_hours_trade,L,4032,201,57600498759073,,,
2900,PLTR,76.07,70615790,2024-12-13T21:00:00Z,False,220603.00,,76.06,76.10,extended_hours_trade,L,4032,201,57600495485700,,,
23367,PLTR,76.07,70593335,2024-12-13T21:00:00Z,False,1777527.69,,76.07,76.08,extended_hours_trade,L,12519,380,57600093623235,,,
9811,PLTR,76.07,70603146,2024-12-13T21:00:00Z,False,746322.77,,76.07,76.08,extended_hours_trade,L,12519,380,57600093699023,,,
1621,PLTR,76.07,70604767,2024-12-13T21:00:00Z,False,123309.47,,76.07,76.08,extended_hours_trade,L,12519,380,57600093777903,,,
17737,PLTR,76.07,70569968,2024-12-13T21:00:00Z,False,1349253.59,,76.07,76.08,extended_hours_trade,L,12519,380,57600061315037,,,
1500,PLTR,76.0711,70528531,2024-12-13T20:59:58Z,False,114106.6500,,76.07,76.08,,L,200,1600,57598924578621,,,
3210,PLTR,76.0891,70511509,2024-12-13T20:59:57Z,False,244246.0110,,76.06,76.09,,L,10496,4433,57597759917764,,,
2000,PLTR,76.09,70506135,2024-12-13T20:59:57Z,False,152180.00,,76.06,76.08,,L,959,4233,57597344448497,,,
1377,PLTR,76.0789,70497415,2024-12-13T20:59:56Z,False,104760.6453,,76.07,76.08,,L,1955,250,57596887963011,,,
1483,PLTR,76.08,70476347,2024-12-13T20:59:55Z,False,112826.64,,76.07,76.08,,L,597,2330,57595061007446,,,
1900,PLTR,76.08,70406671,2024-12-13T20:59:53Z,False,144552.00,,76.07,76.08,,2,813,240,57593667378525,,,
1700,PLTR,76.086,70393056,2024-12-13T20:59:53Z,False,129346.200,,76.07,76.09,,L,3863,1640,57593554789632,,,
4000,PLTR,76.0872,70398156,2024-12-13T20:59:53Z,False,304348.8000,,76.07,76.09,,L,3863,1640,57593555046551,,,
2610,PLTR,76.0701,70381433,2024-12-13T20:59:53Z,False,198542.9610,,76.06,76.07,,L,908,650,57593220851318,,,
1700,PLTR,76.069,70375880,2024-12-13T20:59:53Z,False,129317.300,,76.06,76.07,,L,888,650,57593182139853,,,
1700,PLTR,76.069,70369491,2024-12-13T20:59:53Z,False,129317.300,,76.06,76.07,,L,1190,250,57593034241554,,,
2716,PLTR,76.06,70356688,2024-12-13T20:59:52Z,False,206578.96,,76.05,76.06,,L,436,1100,57592313248992,,,
8000,PLTR,76.0703,70328978,2024-12-13T20:59:50Z,False,608562.4000,,76.07,76.08,,L,8453,1929,57590836936887,,,
2700,PLTR,76.0799,70314303,2024-12-13T20:59:50Z,False,205415.7300,,76.07,76.08,,L,12022,600,57590553790819,,,
1393,PLTR,76.0712,70311387,2024-12-13T20:59:50Z,False,105967.1816,,76.07,76.08,,L,12026,600,57590504037296,,,
2700,PLTR,76.049,70291945,2024-12-13T20:59:50Z,False,205332.300,,76.04,76.05,,L,1445,2470,57590034832122,,,
3630,PLTR,76.05,70229480,2024-12-13T20:59:46Z,False,276061.50,,76.05,76.06,,L,2932,144,57586000800368,,,
4669,PLTR,76.055,70223964,2024-12-13T20:59:45Z,False,355100.795,,76.05,76.06,,L,2732,291,57585883225453,,,
2178,PLTR,76.058,70172859,2024-12-13T20:59:44Z,False,165654.324,,76.05,76.06,,L,489,1893,57584471474396,,,
2979,PLTR,76.0409,70102387,2024-12-13T20:59:38Z,False,226525.8411,,76.04,76.05,,L,1628,1392,57578146173194,,,
2000,PLTR,76.0203,70028518,2024-12-13T20:59:31Z,False,152040.6000,,76.02,76.03,,L,819,1445,57571361936848,,,
3945,PLTR,76.0479,69986255,2024-12-13T20:59:29Z,False,300008.9655,,76.03,76.05,,L,3116,5223,57569584294190,,,
1706,PLTR,76.0499,69975144,2024-12-13T20:59:28Z,False,129741.1294,,76.04,76.05,,L,5324,100,57568580239274,,,
3210,PLTR,76.0599,69877740,2024-12-13T20:59:20Z,False,244152.2790,,76.05,76.06,,L,6453,6,57560880278080,,,
3000,PLTR,76.0599,69874530,2024-12-13T20:59:20Z,False,228179.7000,,76.05,76.06,,L,6453,6,57560874515826,,,
3000,PLTR,76.0591,69847304,2024-12-13T20:59:19Z,False,228177.3000,,76.04,76.06,,L,4821,4821,57559109742011,,,
1400,PLTR,76.0401,69813838,2024-12-13T20:59:17Z,False,106456.1400,,76.04,76.05,,L,14280,956,57557375452178,,,
1442,PLTR,76.031,69793106,2024-12-13T20:59:16Z,False,109636.702,,76.03,76.04,,L,2215,487,57556753173934,,,
1941,PLTR,76.0301,69791046,2024-12-13T20:59:16Z,False,147574.4241,,76.03,76.04,,L,2215,287,57556729411360,,,
11591,PLTR,76.0301,69779257,2024-12-13T20:59:16Z,False,881264.8891,,76.03,76.04,,L,1804,284,57556274652133,,,
4566,PLTR,76.0299,69684050,2024-12-13T20:59:07Z,False,347152.5234,,76.02,76.03,,L,855,2752,57547641753866,,,
2000,PLTR,76.0201,69675706,2024-12-13T20:59:07Z,False,152040.2000,,76.02,76.03,,L,806,2352,57547306385254,,,
2183,PLTR,76.0299,69634205,2024-12-13T20:59:05Z,False,165973.2717,,76.02,76.03,,L,15229,7,57545195611888,,,
2250,PLTR,76.0099,69608277,2024-12-13T20:59:04Z,False,171022.2750,,76,76.01,,L,2822,3088,57544013885470,,,
3000,PLTR,76.0001,69581610,2024-12-13T20:59:02Z,False,228000.3000,,76,76.01,,L,17259,100,57542726315390,,,
1911,PLTR,76.009,69521370,2024-12-13T20:58:56Z,False,145253.199,,76,76.01,,L,3620,1292,57536004566603,,,
1407,PLTR,76.0099,69461747,2024-12-13T20:58:51Z,False,106945.9293,,76,76.01,,L,586,8683,57531156175981,,,
1407,PLTR,76.01,69460250,2024-12-13T20:58:51Z,False,106946.07,,76,76.01,,L,586,8683,57531154195661,,,
6052,PLTR,76.03,69451872,2024-12-13T20:58:50Z,False,460133.56,,76.01,76.03,,L,15792,608,57530073800479,,,
7033,PLTR,76,69384139,2024-12-13T20:58:46Z,False,534508,,76,76.01,,L,207,3412,57526445954829,,,
2784,PLTR,76.0099,69375721,2024-12-13T20:58:46Z,False,211611.5616,,76,76.01,,L,509,3417,57526007038055,,,
4187,PLTR,75.9996,69350429,2024-12-13T20:58:41Z,False,318210.3252,,75.99,76,,L,1133,1210,57521295471789,,,
1776,PLTR,75.991,69344840,2024-12-13T20:58:40Z,False,134960.016,,75.99,76,,L,1070,1210,57520974396636,,,
1613,PLTR,75.991,69343064,2024-12-13T20:58:40Z,False,122573.483,,75.99,76,,L,1070,1210,57520970429152,,,
1613,PLTR,75.9901,69341242,2024-12-13T20:58:40Z,False,122572.0313,,75.99,76,,L,1070,1210,57520966515569,,,
2691,PLTR,75.99,69338616,2024-12-13T20:58:40Z,False,204489.09,,75.99,76,,L,532,1285,57520207038248,,,
1680,PLTR,76.0089,69281940,2024-12-13T20:58:36Z,False,127694.9520,,76,76.01,,L,2388,500,57516445202264,,,
4192,PLTR,75.9901,69261479,2024-12-13T20:58:33Z,False,318550.4992,,75.99,76,,L,1483,1285,57513254348948,,,
1784,PLTR,75.9989,69255911,2024-12-13T20:58:33Z,False,135582.0376,,75.99,76,,L,1483,1185,57513165520419,,,
8450,PLTR,76,69229439,2024-12-13T20:58:30Z,False,642200,,75.99,76,,L,810,111,57510761744382,,,
1550,PLTR,76,69213843,2024-12-13T20:58:30Z,False,117800,,75.99,76,,L,810,111,57510748028794,,,
2500,PLTR,75.98,69151709,2024-12-13T20:58:27Z,False,189950.00,,75.98,75.99,,L,1208,503,57507710574769,,,
2000,PLTR,75.9703,69143803,2024-12-13T20:58:27Z,False,151940.6000,,75.97,75.98,,L,2586,109,57507675034277,,,
3350,PLTR,75.9609,69125811,2024-12-13T20:58:26Z,False,254469.0150,,75.96,75.97,,L,661,4032,57506955733043,,,
1500,PLTR,75.9601,69087645,2024-12-13T20:58:21Z,False,113940.1500,,75.96,75.97,,L,1643,3578,57501233978022,,,
3000,PLTR,75.9409,69071884,2024-12-13T20:58:17Z,False,227822.7000,,75.94,75.95,,L,220,2960,57497245212018,,,
1919,PLTR,75.9699,69053480,2024-12-13T20:58:13Z,False,145786.2381,,75.96,75.97,,L,712,494,57493860608988,,,
1470,PLTR,75.955,69027911,2024-12-13T20:58:11Z,False,111653.850,,75.95,75.96,,L,166,1403,57491929501335,,,
3000,PLTR,75.9601,69018671,2024-12-13T20:58:11Z,False,227880.3000,,75.96,75.97,,L,3576,1266,57491176864517,,,
1839,PLTR,75.9474,68996678,2024-12-13T20:58:10Z,False,139667.2686,,75.94,75.95,,L,2806,501,57490003844269,,,
2517,PLTR,75.95,68982885,2024-12-13T20:58:08Z,False,191166.15,,75.93,75.94,,L,184,4247,57488359109574,,,
3511,PLTR,75.95,68986396,2024-12-13T20:58:08Z,False,266660.45,,75.93,75.94,,L,184,4247,57488359133800,,,
1849,PLTR,75.95,68988670,2024-12-13T20:58:08Z,False,140431.55,,75.93,75.94,,L,184,4247,57488359461989,,,
8123,PLTR,75.95,68980368,2024-12-13T20:58:08Z,False,616941.85,,75.93,75.94,,L,184,4247,57488358755708,,,
6010,PLTR,75.9301,68965409,2024-12-13T20:58:07Z,False,456339.9010,,75.93,75.94,,L,266,5012,57487792676434,,,
1400,PLTR,75.93,68911797,2024-12-13T20:58:00Z,False,106302.00,,75.93,75.94,,L,500,1135,57480509195246,,,
3600,PLTR,75.93,68910387,2024-12-13T20:58:00Z,False,273348.00,,75.93,75.94,,L,300,1135,57480421695163,,,
2439,PLTR,75.945,68891707,2024-12-13T20:58:00Z,False,185229.855,,75.94,75.95,,L,1905,1887,57480096652770,,,
1890,PLTR,75.9501,68877305,2024-12-13T20:57:56Z,False,143545.6890,,75.95,75.96,,L,488,291,57476165929540,,,
1500,PLTR,75.96,68858243,2024-12-13T20:57:53Z,False,113940.00,,75.95,75.96,,L,520,300,57473504082564,,,
2869,PLTR,75.94,68843603,2024-12-13T20:57:51Z,False,217871.86,,75.92,75.94,,L,847,3669,57471655144870,,,
4400,PLTR,75.8893,68829805,2024-12-13T20:57:50Z,False,333912.9200,average_price_trade,75.91,75.92,,L,20,10122,57470018178892,derivative_priced,,
5174,PLTR,75.915,68821966,2024-12-13T20:57:49Z,False,392784.210,,75.91,75.92,,L,537,9970,57469143861296,,,
3200,PLTR,75.91,68816525,2024-12-13T20:57:48Z,False,242912.00,,75.91,75.92,,L,537,9873,57468723828269,,,
3095,PLTR,75.91,68812858,2024-12-13T20:57:48Z,False,234941.45,,75.89,75.90,,L,298,708,57468618904971,,,
2000,PLTR,75.905,68805112,2024-12-13T20:57:47Z,False,151810.000,,75.90,75.91,,L,1081,321,57467844695213,,,
2000,PLTR,75.9173,68799777,2024-12-13T20:57:45Z,False,151834.6000,,75.90,75.91,,L,495,401,57465990877978,,,
5300,PLTR,75.875,68772123,2024-12-13T20:57:41Z,False,402137.500,,75.87,75.88,,L,1402,696,57461912170320,,,
5300,PLTR,75.875,68777423,2024-12-13T20:57:41Z,False,402137.500,,75.87,75.88,,L,1402,696,57461912459241,,,
1901,PLTR,75.8799,68765204,2024-12-13T20:57:40Z,False,144247.6899,,75.86,75.87,,L,99,1193,57460938689245,,,
3300,PLTR,75.86,68763127,2024-12-13T20:57:40Z,False,250338.00,,75.86,75.87,,L,99,1193,57460889088088,,,
2292,PLTR,75.949,68710215,2024-12-13T20:57:35Z,False,174075.108,,75.94,75.95,,L,1901,393,57455179838342,,,
1500,PLTR,75.9499,68691819,2024-12-13T20:57:30Z,False,113924.8500,,75.94,75.95,,L,1325,663,57450470425404,,,
1818,PLTR,75.8901,68667973,2024-12-13T20:57:27Z,False,137968.2018,,75.88,75.90,,L,1358,2799,57447629375560,,,
8500,PLTR,75.8999,68664299,2024-12-13T20:57:27Z,False,645149.1500,,75.88,75.90,,L,1794,2799,57447201887646,,,
1914,PLTR,75.88,68647981,2024-12-13T20:57:25Z,False,145234.32,,75.89,75.90,,L,1393,515,57445009862764,,,
7000,PLTR,75.88,68642054,2024-12-13T20:57:24Z,False,531160.00,,75.87,75.89,,L,772,882,57444005006565,,,
3000,PLTR,75.887,68633951,2024-12-13T20:57:23Z,False,227661.000,,75.87,75.89,,L,1147,857,57443699240816,,,
2459,PLTR,75.8981,68622721,2024-12-13T20:57:22Z,False,186633.4279,,75.88,75.90,,L,1012,2000,57442744270181,,,
2000,PLTR,75.89,68619655,2024-12-13T20:57:22Z,False,151780.00,,75.88,75.90,,L,1011,2075,57442452540319,,,
2500,PLTR,75.8699,68594925,2024-12-13T20:57:17Z,False,189674.7500,,75.86,75.87,,L,801,1190,57437907095661,,,
1347,PLTR,75.8798,68583213,2024-12-13T20:57:15Z,False,102210.0906,,75.86,75.87,,L,2,1275,57435033605751,,,
2000,PLTR,75.84,68555871,2024-12-13T20:57:09Z,False,151680.00,,75.84,75.85,,L,436,883,57429933179043,,,
1349,PLTR,75.82,68541710,2024-12-13T20:57:06Z,False,102281.18,,75.82,75.83,,L,397,300,57426741450761,,,
2600,PLTR,75.82,68540361,2024-12-13T20:57:06Z,False,197132.00,,75.82,75.83,,L,397,300,57426740174920,,,
2000,PLTR,75.839,68525443,2024-12-13T20:57:05Z,False,151678.000,,75.83,75.84,,L,600,1512,57425489862617,,,
2800,PLTR,75.835,68511802,2024-12-13T20:57:05Z,False,212338.000,,75.83,75.84,,L,2624,1275,57425144888823,,,
1350,PLTR,75.834,68508033,2024-12-13T20:57:03Z,False,102375.900,,75.83,75.84,,L,2656,213,57423935720825,,,
1419,PLTR,75.8001,68479806,2024-12-13T20:56:58Z,False,107560.3419,,75.80,75.81,,L,110,3488,57418400777137,,,
2000,PLTR,75.8099,68472914,2024-12-13T20:56:56Z,False,151619.8000,,75.80,75.81,,L,219,2963,57416745321722,,,
2000,PLTR,75.82,68461671,2024-12-13T20:56:54Z,False,151640.00,,75.81,75.82,,L,500,385,57414246817154,,,
7000,PLTR,75.8569,68457094,2024-12-13T20:56:53Z,False,530998.3000,average_price_trade,75.81,75.82,,L,626,611,57413668496417,derivative_priced,,
7806,PLTR,75.8601,68385034,2024-12-13T20:56:40Z,False,592163.9406,,75.86,75.87,,L,1022,413,57400022616573,,,
2000,PLTR,75.8499,68372783,2024-12-13T20:56:39Z,False,151699.8000,,75.84,75.85,,L,621,1200,57399618124691,,,
3000,PLTR,75.829,68361042,2024-12-13T20:56:38Z,False,227487.000,,75.82,75.83,,L,1339,301,57398670645255,,,
1500,PLTR,75.8199,68347069,2024-12-13T20:56:36Z,False,113729.8500,,75.80,75.82,,L,935,7534,57396953983955,,,
2319,PLTR,75.8121,68338134,2024-12-13T20:56:35Z,False,175808.2599,,75.81,75.82,,L,580,113,57395733570933,,,
1558,PLTR,75.8201,68328170,2024-12-13T20:56:34Z,False,118127.7158,,75.82,75.83,,L,3194,2300,57394751906856,,,
1875,PLTR,75.82,68321474,2024-12-13T20:56:32Z,False,142162.50,,75.82,75.83,,L,869,2700,57392185722421,,,
2000,PLTR,75.8402,68302095,2024-12-13T20:56:29Z,False,151680.4000,,75.84,75.85,,L,472,313,57389870331467,,,
2500,PLTR,75.8403,68299609,2024-12-13T20:56:29Z,False,189600.7500,,75.83,75.85,,L,872,539,57389610475659,,,
1500,PLTR,75.8401,68297044,2024-12-13T20:56:29Z,False,113760.1500,,75.83,75.85,,L,672,539,57389519854435,,,
3000,PLTR,75.885,68250775,2024-12-13T20:56:21Z,False,227655.000,,75.88,75.89,,L,1478,264,57381968911953,,,
1796,PLTR,75.919,68220057,2024-12-13T20:56:15Z,False,136350.524,,75.91,75.92,,L,1935,1613,57375379024956,,,
2000,PLTR,75.8173,68216025,2024-12-13T20:56:13Z,False,151634.6000,average_price_trade,75.91,75.92,,L,1201,1439,57373652375982,derivative_priced,,
1890,PLTR,75.8801,68194487,2024-12-13T20:56:07Z,False,143413.3890,,75.88,75.90,,L,485,1975,57367074402599,,,
3623,PLTR,75.92,68143494,2024-12-13T20:56:03Z,False,275058.16,,75.92,75.94,,L,280,485,57363786231544,,,
1400,PLTR,75.98,68102409,2024-12-13T20:55:58Z,False,106372.00,,75.98,75.99,,L,801,222,57358392467645,,,
2000,PLTR,76.03,68003723,2024-12-13T20:55:39Z,False,152060.00,,76.02,76.04,,L,1144,633,57339671660592,,,
8618,PLTR,76.04,67997179,2024-12-13T20:55:37Z,False,655312.72,,76.01,76.02,,L,283,632,57337706714713,,,
1400,PLTR,76.0399,67981642,2024-12-13T20:55:36Z,False,106455.8600,,76.03,76.04,,L,864,492,57336590271401,,,
1400,PLTR,76.04,67980242,2024-12-13T20:55:36Z,False,106456.00,,76.03,76.04,,L,864,492,57336589642245,,,
15000,PLTR,76.01,67964169,2024-12-13T20:55:33Z,False,1140150.00,,76.01,76.02,,L,461,653,57333954851043,,,
8490,PLTR,76.02,67944845,2024-12-13T20:55:31Z,False,645409.80,,76.01,76.02,,L,5061,150,57331293009113,,,
1812,PLTR,76.0199,67924961,2024-12-13T20:55:30Z,False,137748.0588,,76.01,76.02,,L,5061,150,57330731230303,,,
3143,PLTR,76.0199,67922979,2024-12-13T20:55:30Z,False,238930.5457,,76.01,76.02,,L,5061,150,57330729872022,,,
3300,PLTR,75.7898,67918886,2024-12-13T20:55:30Z,False,250106.3400,average_price_trade,76.02,76.03,,L,2601,362,57330151156406,derivative_priced,,
1321,PLTR,76.02,67904537,2024-12-13T20:55:28Z,False,100422.42,,76.01,76.02,,L,478,360,57328746135000,,,
1750,PLTR,76.006,67865251,2024-12-13T20:55:21Z,False,133010.500,,76.02,76.03,,L,2709,3450,57321275596253,,,
1670,PLTR,76.0111,67841713,2024-12-13T20:55:19Z,False,126938.5370,,76.01,76.03,,L,4312,433,57319210419281,,,
2144,PLTR,76.03,67819403,2024-12-13T20:55:14Z,False,163008.32,,76,76.01,,L,256,517,57314810652894,,,
1800,PLTR,75.9901,67812874,2024-12-13T20:55:13Z,False,136782.1800,,75.99,76,,L,152,535,57313989302417,,,
1390,PLTR,75.9999,67810824,2024-12-13T20:55:13Z,False,105639.8610,,75.99,76,,L,152,535,57313947584171,,,
1390,PLTR,76,67809434,2024-12-13T20:55:13Z,False,105640,,75.99,76,,L,152,535,57313945692227,,,
2675,PLTR,76.01,67805197,2024-12-13T20:55:12Z,False,203326.75,,76.02,76.03,,L,1639,4453,57312275267404,,,
1800,PLTR,76.01,67802522,2024-12-13T20:55:12Z,False,136818.00,,76.02,76.03,,L,1639,4453,57312274386878,,,
1400,PLTR,76.01,67800722,2024-12-13T20:55:12Z,False,106414.00,,76.02,76.03,,L,1639,4453,57312273614083,,,
1882,PLTR,75.9501,67795197,2024-12-13T20:55:12Z,False,142938.0882,,76.02,76.03,,L,1639,4453,57312228283890,,,
2057,PLTR,76,67791826,2024-12-13T20:55:12Z,False,156332,,76.02,76.03,,L,1639,4453,57312102694367,,,
1900,PLTR,76,67789769,2024-12-13T20:55:12Z,False,144400,,76.02,76.03,,L,1639,4453,57312101757808,,,
2200,PLTR,76,67785969,2024-12-13T20:55:12Z,False,167200,,76.02,76.03,,L,1639,4453,57312100167165,,,
1900,PLTR,76,67787869,2024-12-13T20:55:12Z,False,144400,,76.02,76.03,,L,1639,4453,57312100928638,,,
3000,PLTR,76.025,67751890,2024-12-13T20:55:08Z,False,228075.000,,76.03,76.04,,L,638,465,57308626227501,,,
3089,PLTR,76.02,67740726,2024-12-13T20:55:06Z,False,234825.78,,76.01,76.02,,L,1034,783,57306700090933,,,
1317,PLTR,76.0154,67736916,2024-12-13T20:55:06Z,False,100112.2818,,76.01,76.02,,L,1034,783,57306374637310,,,
2800,PLTR,76.0101,67730795,2024-12-13T20:55:05Z,False,212828.2800,,76.02,76.04,,L,254,1356,57305850619269,,,
3301,PLTR,76.0204,67722675,2024-12-13T20:55:05Z,False,250943.3404,,76.02,76.04,,L,254,1356,57305823413156,,,
2085,PLTR,75.7898,67724760,2024-12-13T20:55:05Z,False,158021.7330,average_price_trade,76.02,76.04,,L,254,1356,57305823850297,derivative_priced,,
1688,PLTR,76.025,67716706,2024-12-13T20:55:04Z,False,128330.200,,76.01,76.02,,L,80,100,57304554576985,,,
1616,PLTR,76.0308,67697465,2024-12-13T20:55:03Z,False,122865.7728,,76.02,76.04,,L,329,3735,57303356807735,,,
7200,PLTR,76.01,67679647,2024-12-13T20:55:01Z,False,547272.00,,75.96,75.98,,L,313,153,57301692585132,,,
2797,PLTR,76,67666362,2024-12-13T20:55:01Z,False,212572,,75.96,75.98,,L,313,153,57301660865235,,,
1640,PLTR,75.84,67405385,2024-12-13T20:54:55Z,False,124377.60,,75.84,75.85,,L,295,20,57295515705845,,,
2347,PLTR,75.85,67402851,2024-12-13T20:54:55Z,False,178019.95,,75.85,75.86,,L,12,2234,57295073744526,,,
2000,PLTR,75.8799,67384803,2024-12-13T20:54:52Z,False,151759.8000,,75.86,75.88,,L,168,447,57292450069774,,,
2000,PLTR,75.7999,67356638,2024-12-13T20:54:49Z,False,151599.8000,,75.79,75.81,,L,530,471,57289972770493,,,
5000,PLTR,75.80,67354638,2024-12-13T20:54:49Z,False,379000.00,,75.79,75.81,,L,530,471,57289970015790,,,
3000,PLTR,75.7972,67344041,2024-12-13T20:54:48Z,False,227391.6000,,75.83,75.84,,L,204,75,57288781025081,,,
56526,PLTR,75.83,67334670,2024-12-13T20:54:48Z,False,4286366.58,,75.83,75.84,,L,204,75,57288483887345,,,
1525,PLTR,75.8695,67230275,2024-12-13T20:54:43Z,False,115700.9875,,75.85,75.88,,L,649,879,57283900153065,,,
2174,PLTR,75.88,67208681,2024-12-13T20:54:37Z,False,164963.12,,75.85,75.86,,L,100,123,57277839806957,,,
1879,PLTR,75.85,67199721,2024-12-13T20:54:37Z,False,142522.15,,75.85,75.86,,L,175,690,57277238878007,,,
1751,PLTR,75.8576,67197699,2024-12-13T20:54:36Z,False,132826.6576,,75.85,75.86,,L,174,690,57276735068411,,,
2380,PLTR,75.85,67195238,2024-12-13T20:54:36Z,False,180523.00,,75.85,75.86,,L,300,475,57276182655984,,,
1698,PLTR,75.83,67181722,2024-12-13T20:54:33Z,False,128759.34,,75.83,75.84,,L,86,76,57273385744960,,,
5200,PLTR,75.85,67173129,2024-12-13T20:54:32Z,False,394420.00,,75.85,75.88,,L,475,853,57272930556432,,,
1600,PLTR,75.85,67167204,2024-12-13T20:54:32Z,False,121360.00,,75.85,75.87,,L,123,1121,57272676515141,,,
2800,PLTR,75.89,67154155,2024-12-13T20:54:30Z,False,212492.00,,75.89,75.90,,L,536,3868,57270949676565,,,
1694,PLTR,75.9198,67121301,2024-12-13T20:54:24Z,False,128608.1412,,75.90,75.91,,L,799,732,57264354120247,,,
2500,PLTR,75.91,67117299,2024-12-13T20:54:24Z,False,189775.00,,75.90,75.91,,L,1965,1075,57264189141646,,,
2000,PLTR,75.8999,67098314,2024-12-13T20:54:22Z,False,151799.8000,,75.89,75.90,,L,1852,6,57262938343870,,,
10000,PLTR,75.88,67087099,2024-12-13T20:54:21Z,False,758800.00,,75.87,75.88,,L,865,456,57261859269830,,,
3032,PLTR,75.85,67046085,2024-12-13T20:54:19Z,False,229977.20,,75.83,75.85,,L,1992,875,57259322711237,,,
1368,PLTR,75.8399,67034457,2024-12-13T20:54:16Z,False,103748.9832,,75.83,75.84,,L,13,100,57256986209712,,,
2153,PLTR,75.84,67017767,2024-12-13T20:54:10Z,False,163283.52,,75.82,75.84,,L,227,375,57250685718662,,,
1400,PLTR,75.8121,67010460,2024-12-13T20:54:10Z,False,106136.9400,,75.80,75.82,,L,287,926,57250103395644,,,
1700,PLTR,75.82,66996543,2024-12-13T20:54:07Z,False,128894.00,,75.81,75.82,,L,606,478,57247230847078,,,
2987,PLTR,75.81,66985652,2024-12-13T20:54:04Z,False,226444.47,,75.80,75.81,,L,113,100,57244430137797,,,
4000,PLTR,75.82,66968385,2024-12-13T20:54:01Z,False,303280.00,,75.81,75.83,,L,409,395,57241723222690,,,
2085,PLTR,75.83,66960082,2024-12-13T20:53:59Z,False,158105.55,,75.81,75.82,,L,473,380,57239422037488,,,
1516,PLTR,75.8295,66950112,2024-12-13T20:53:58Z,False,114957.5220,,75.81,75.83,,L,791,300,57238006252203,,,
2980,PLTR,75.8004,66943228,2024-12-13T20:53:56Z,False,225885.1920,,75.81,75.82,,L,309,20,57236268688606,,,
6400,PLTR,75.815,66937137,2024-12-13T20:53:53Z,False,485216.000,,75.80,75.82,,L,9,475,57233939020041,,,
4339,PLTR,75.8034,66927672,2024-12-13T20:53:52Z,False,328910.9526,,75.79,75.81,,L,827,138,57232815640571,,,
3250,PLTR,75.80,66921037,2024-12-13T20:53:52Z,False,246350.00,,75.80,75.81,,L,427,64,57232262425762,,,
3000,PLTR,75.825,66912790,2024-12-13T20:53:51Z,False,227475.000,,75.81,75.84,,L,1611,1696,57231258330787,,,
2316,PLTR,75.80,66897174,2024-12-13T20:53:50Z,False,175552.80,,75.81,75.82,,L,375,20,57230013211171,,,
6282,PLTR,75.80,66903456,2024-12-13T20:53:50Z,False,476175.60,,75.81,75.82,,L,375,20,57230013568451,,,
1402,PLTR,75.80,66894858,2024-12-13T20:53:50Z,False,106271.60,,75.81,75.82,,L,375,20,57230012849862,,,
2300,PLTR,75.81,66892239,2024-12-13T20:53:49Z,False,174363.00,,75.79,75.80,,L,690,95,57229854638184,,,
1400,PLTR,75.7819,66885808,2024-12-13T20:53:49Z,False,106094.6600,,75.78,75.80,,L,1350,50,57229091489304,,,
2574,PLTR,75.819,66860433,2024-12-13T20:53:42Z,False,195158.106,,75.80,75.82,,L,453,595,57222923355657,,,
7326,PLTR,75.82,66867759,2024-12-13T20:53:42Z,False,555457.32,,75.80,75.82,,L,453,595,57222923386174,,,
3000,PLTR,75.83,66853240,2024-12-13T20:53:42Z,False,227490.00,,75.83,75.85,,L,87,1075,57222000917148,,,
2000,PLTR,75.8599,66841925,2024-12-13T20:53:40Z,False,151719.8000,,75.85,75.86,,L,100,542,57220074932049,,,
1398,PLTR,75.8699,66832391,2024-12-13T20:53:36Z,False,106066.1202,,75.86,75.87,,L,154,203,57216362681453,,,
1500,PLTR,75.87,66830602,2024-12-13T20:53:36Z,False,113805.00,,75.86,75.87,,L,154,203,57216361158477,,,
1330,PLTR,75.85,66826286,2024-12-13T20:53:35Z,False,100880.50,,75.85,75.86,,L,200,300,57215856727037,,,
2000,PLTR,75.85,66803892,2024-12-13T20:53:35Z,False,151700.00,,75.84,75.86,,L,444,400,57215769492371,,,
2600,PLTR,75.85,66792469,2024-12-13T20:53:35Z,False,197210.00,,75.83,75.85,,L,283,375,57215089941008,,,
2095,PLTR,75.815,66756912,2024-12-13T20:53:32Z,False,158832.425,,75.81,75.82,,L,86,2328,57212821094748,,,
3000,PLTR,75.8121,66752040,2024-12-13T20:53:31Z,False,227436.3000,,75.81,75.82,,L,23,2628,57211795424687,,,
2326,PLTR,75.84,66734702,2024-12-13T20:53:30Z,False,176403.84,,75.83,75.85,,L,100,593,57210100051380,,,
1600,PLTR,75.831,66731776,2024-12-13T20:53:30Z,False,121329.600,,75.83,75.85,,L,100,593,57210098847626,,,
1864,PLTR,75.85,66729806,2024-12-13T20:53:30Z,False,141384.40,,75.83,75.85,,L,475,583,57210032299825,,,
2264,PLTR,75.85,66727770,2024-12-13T20:53:30Z,False,171724.40,,75.83,75.85,,L,475,583,57210031947089,,,
1400,PLTR,75.84,66724293,2024-12-13T20:53:30Z,False,106176.00,,75.83,75.85,,L,475,583,57210028357885,,,
1500,PLTR,75.8301,66720707,2024-12-13T20:53:29Z,False,113745.1500,,75.83,75.84,,L,200,75,57209653454238,,,
2500,PLTR,75.84,66713801,2024-12-13T20:53:28Z,False,189600.00,,75.84,75.85,,L,263,88,57208432133218,,,
6749,PLTR,75.78,66625895,2024-12-13T20:53:17Z,False,511439.22,,75.74,75.76,,L,80,1575,57197577111287,,,
2054,PLTR,75.7601,66608068,2024-12-13T20:53:15Z,False,155611.2454,,75.76,75.77,,L,75,112,57195428338126,,,
1500,PLTR,75.725,66565056,2024-12-13T20:53:06Z,False,113587.500,,75.72,75.74,,L,331,101,57186402722292,,,
1794,PLTR,75.7098,66559346,2024-12-13T20:53:06Z,False,135823.3812,,75.69,75.71,,L,375,475,57186021403140,,,
3000,PLTR,75.6501,66528477,2024-12-13T20:52:59Z,False,226950.3000,,75.66,75.67,,L,200,78,57179459703956,,,
1843,PLTR,75.6399,66513067,2024-12-13T20:52:55Z,False,139404.3357,,75.64,75.65,,L,375,1,57175464632807,,,
1883,PLTR,75.65,66510811,2024-12-13T20:52:55Z,False,142448.95,,75.62,75.64,,L,75,300,57175012711968,,,
6069,PLTR,75.62,66507537,2024-12-13T20:52:54Z,False,458937.78,,75.64,75.66,,L,1384,318,57174804757804,,,
1518,PLTR,75.64,66487060,2024-12-13T20:52:51Z,False,114821.52,,75.62,75.64,,L,127,581,57171229021732,,,
7000,PLTR,75.76,66483961,2024-12-13T20:52:50Z,False,530320.00,contingent_trade,75.62,75.63,,L,20,515,57170787001296,qualified_contingent_trade,,
3000,PLTR,75.64,66476390,2024-12-13T20:52:50Z,False,226920.00,,75.62,75.64,,L,34,608,57170107282076,,,
3000,PLTR,75.5632,66460472,2024-12-13T20:52:45Z,False,226689.6000,average_price_trade,75.64,75.65,,L,231,1,57165248004403,derivative_priced,,
3000,PLTR,75.6858,66439641,2024-12-13T20:52:40Z,False,227057.4000,,75.67,75.69,,L,750,775,57160928539944,,,
2300,PLTR,75.6379,66417047,2024-12-13T20:52:33Z,False,173967.1700,,75.63,75.64,,L,110,211,57153363260501,,,
2400,PLTR,75.6091,66401440,2024-12-13T20:52:29Z,False,181461.8400,,75.61,75.62,,L,1201,13,57149835883822,,,
9037,PLTR,75.61,66391161,2024-12-13T20:52:26Z,False,683287.57,,75.60,75.61,,L,42,639,57146358540754,,,
2200,PLTR,75.60,66375060,2024-12-13T20:52:22Z,False,166320.00,,75.61,75.62,,L,775,100,57142079219664,,,
8758,PLTR,75.56,66327744,2024-12-13T20:52:12Z,False,661754.48,,75.54,75.55,,L,60,1059,57132463218750,,,
3000,PLTR,75.5399,66313183,2024-12-13T20:52:11Z,False,226619.7000,,75.53,75.54,,L,853,490,57131728223831,,,
1686,PLTR,75.5301,66296116,2024-12-13T20:52:06Z,False,127343.7486,,75.53,75.54,,L,742,200,57126694035041,,,
1400,PLTR,75.6037,66288165,2024-12-13T20:52:03Z,False,105845.1800,average_price_trade,75.52,75.53,,L,274,517,57123665608460,derivative_priced,,
10000,PLTR,75.59,66273352,2024-12-13T20:52:00Z,False,755900.00,,75.57,75.59,,L,645,300,57120831981354,,,
1400,PLTR,75.5799,66253487,2024-12-13T20:51:58Z,False,105811.8600,,75.57,75.58,,L,210,110,57118624188468,,,
1700,PLTR,75.5791,66240931,2024-12-13T20:51:56Z,False,128484.4700,,75.57,75.59,,L,410,1195,57116895892016,,,
5000,PLTR,75.5899,66230537,2024-12-13T20:51:54Z,False,377949.5000,,75.59,75.60,,L,417,275,57114617700188,,,
3500,PLTR,75.5999,66224063,2024-12-13T20:51:54Z,False,264599.6500,,75.59,75.60,,L,417,275,57114606214241,,,
1397,PLTR,75.60,66220462,2024-12-13T20:51:54Z,False,105613.20,,75.59,75.60,,L,417,275,57114603658331,,,
1872,PLTR,75.5599,66195393,2024-12-13T20:51:46Z,False,141448.1328,,75.55,75.56,,L,527,517,57106633381166,,,
2153,PLTR,75.5599,66192546,2024-12-13T20:51:46Z,False,162680.4647,,75.55,75.56,,L,527,517,57106632668907,,,
9711,PLTR,75.5101,66166342,2024-12-13T20:51:41Z,False,733278.5811,,75.51,75.53,,L,2580,675,57101376981107,,,
2720,PLTR,75.51,66155073,2024-12-13T20:51:40Z,False,205387.20,,75.52,75.53,,L,2575,216,57100711101177,,,
1500,PLTR,75.5101,66149009,2024-12-13T20:51:40Z,False,113265.1500,,75.50,75.51,,L,691,397,57100431719654,,,
4400,PLTR,75.50,66140073,2024-12-13T20:51:39Z,False,332200.00,,75.48,75.49,,L,204,563,57099323033788,,,
8000,PLTR,75.4893,66134291,2024-12-13T20:51:39Z,False,603914.4000,,75.48,75.49,,L,200,263,57099219916786,,,
3195,PLTR,75.50,66124391,2024-12-13T20:51:38Z,False,241222.50,,75.50,75.51,,L,178,3107,57098993082037,,,
5200,PLTR,75.50,66120231,2024-12-13T20:51:38Z,False,392600.00,,75.50,75.51,,L,178,3107,57098991446604,,,
1800,PLTR,75.5101,66092682,2024-12-13T20:51:37Z,False,135918.1800,,75.51,75.52,,L,105,911,57097526525471,,,
1605,PLTR,75.5221,66087943,2024-12-13T20:51:37Z,False,121212.9705,,75.52,75.53,,L,2588,108,57097018641040,,,
2309,PLTR,75.52,66084258,2024-12-13T20:51:35Z,False,174375.68,,75.53,75.54,,L,200,390,57095917551150,,,
12000,PLTR,75.55,66070486,2024-12-13T20:51:35Z,False,906600.00,,75.55,75.56,,L,100,190,57095039591954,,,
1500,PLTR,75.6105,66040774,2024-12-13T20:51:30Z,False,113415.7500,,75.61,75.62,,L,475,90,57090100317065,,,
4800,PLTR,75.61,66034786,2024-12-13T20:51:28Z,False,362928.00,,75.59,75.60,,L,154,304,57088111617504,,,
6068,PLTR,75.5602,66024319,2024-12-13T20:51:25Z,False,458499.2936,,75.60,75.62,,L,585,600,57085707848308,,,
1392,PLTR,75.6287,66007814,2024-12-13T20:51:21Z,False,105275.1504,,75.62,75.63,,L,100,206,57081710336811,,,
1543,PLTR,75.61,66000935,2024-12-13T20:51:21Z,False,116666.23,,75.60,75.61,,L,100,175,57081496927626,,,
1400,PLTR,75.61,65991356,2024-12-13T20:51:19Z,False,105854.00,,75.60,75.62,,L,1296,175,57079682081252,,,
1720,PLTR,75.6001,65989520,2024-12-13T20:51:19Z,False,130032.1720,,75.60,75.62,,L,698,275,57079282526182,,,
14000,PLTR,75.60,65975899,2024-12-13T20:51:17Z,False,1058400.00,,75.59,75.61,,L,276,75,57077432503826,,,
1600,PLTR,75.6099,65957247,2024-12-13T20:51:16Z,False,120975.8400,,75.58,75.61,,L,376,175,57076668171482,,,
2750,PLTR,75.66,65912724,2024-12-13T20:51:15Z,False,208065.00,,75.66,75.67,,L,547,330,57075219594360,,,
4500,PLTR,75.6801,65900899,2024-12-13T20:51:13Z,False,340560.4500,,75.68,75.69,,L,303,620,57073178688283,,,
1400,PLTR,75.6859,65893432,2024-12-13T20:51:12Z,False,105960.2600,,75.68,75.69,,L,275,420,57072272606267,,,
3000,PLTR,75.6999,65884884,2024-12-13T20:51:10Z,False,227099.7000,,75.68,75.69,,L,2,473,57070248054014,,,
6747,PLTR,75.6897,65881111,2024-12-13T20:51:10Z,False,510678.4059,,75.68,75.69,,L,102,216,57070110631518,,,
5000,PLTR,75.6901,65870034,2024-12-13T20:51:09Z,False,378450.5000,,75.69,75.70,,L,100,113,57069891099989,,,
2057,PLTR,75.68,65864320,2024-12-13T20:51:09Z,False,155673.76,,75.69,75.70,,L,122,500,57069844940016,,,
3200,PLTR,75.7201,65844546,2024-12-13T20:51:07Z,False,242304.3200,,75.72,75.73,,L,500,870,57067677086342,,,
3500,PLTR,75.7202,65833423,2024-12-13T20:51:06Z,False,265020.7000,,75.72,75.73,,L,100,1080,57066630183110,,,
1600,PLTR,75.7211,65828822,2024-12-13T20:51:06Z,False,121153.7600,,75.72,75.73,,L,100,980,57066525099837,,,
1500,PLTR,75.725,65824316,2024-12-13T20:51:05Z,False,113587.500,,75.72,75.73,,L,100,980,57065927736036,,,
5000,PLTR,75.75,65821008,2024-12-13T20:51:05Z,False,378750.00,,75.72,75.73,,L,100,980,57065269933157,,,
3800,PLTR,75.72,65814003,2024-12-13T20:51:04Z,False,287736.00,,75.72,75.73,,L,175,960,57064765975752,,,
2400,PLTR,75.76,65797473,2024-12-13T20:51:04Z,False,181824.00,,75.77,75.78,,L,190,1500,57064595199605,,,
1826,PLTR,75.79,65782468,2024-12-13T20:51:03Z,False,138392.54,,75.79,75.80,,L,1015,17,57063487938302,,,
10000,PLTR,75.78,65773641,2024-12-13T20:51:01Z,False,757800.00,,75.77,75.78,,L,458,1700,57061655700369,,,
3900,PLTR,75.7999,65734213,2024-12-13T20:50:58Z,False,295619.6100,,75.79,75.80,,L,484,314,57058093165691,,,
2287,PLTR,75.78,65713680,2024-12-13T20:50:52Z,False,173308.86,,75.79,75.81,,L,4336,551,57052602413881,,,
3900,PLTR,75.80,65709558,2024-12-13T20:50:52Z,False,295620.00,,75.80,75.81,,L,4171,310,57052113352043,,,
3100,PLTR,75.808,65691805,2024-12-13T20:50:51Z,False,235004.800,,75.80,75.81,,L,500,400,57051655178827,,,
2500,PLTR,75.825,65672868,2024-12-13T20:50:48Z,False,189562.500,,75.82,75.83,,L,500,495,57048768340697,,,
5000,PLTR,75.8199,65669245,2024-12-13T20:50:48Z,False,379099.5000,,75.81,75.82,,L,172,404,57048295211073,,,
8000,PLTR,75.8105,65656755,2024-12-13T20:50:46Z,False,606484.0000,,75.81,75.82,,L,4,430,57046317728517,,,
8000,PLTR,75.81,65643897,2024-12-13T20:50:45Z,False,606480.00,,75.80,75.81,,L,51,956,57045056473477,,,
1800,PLTR,75.8017,65625700,2024-12-13T20:50:44Z,False,136443.0600,,75.80,75.81,,L,113,956,57044841428712,,,
6200,PLTR,75.8033,65631900,2024-12-13T20:50:44Z,False,469980.4600,,75.80,75.81,,L,113,956,57044841633674,,,
1800,PLTR,75.80,65633700,2024-12-13T20:50:44Z,False,136440.00,,75.80,75.81,,L,113,956,57044841962682,,,
2090,PLTR,75.802,65619210,2024-12-13T20:50:43Z,False,158426.180,,75.81,75.82,,L,120,600,57043605614584,,,
2000,PLTR,75.8098,65607520,2024-12-13T20:50:40Z,False,151619.6000,,75.79,75.81,,L,1376,701,57040690849912,,,
3204,PLTR,75.79,65602694,2024-12-13T20:50:38Z,False,242831.16,,75.78,75.79,,L,229,501,57038672193279,,,
5200,PLTR,75.7701,65596476,2024-12-13T20:50:38Z,False,394004.5200,,75.77,75.78,,L,392,927,57038548211527,,,
1808,PLTR,75.81,65579752,2024-12-13T20:50:35Z,False,137064.48,,75.79,75.80,,L,292,680,57035024069847,,,
2000,PLTR,75.781,65560882,2024-12-13T20:50:31Z,False,151562.000,,75.78,75.79,,L,104,575,57031792148837,,,
8000,PLTR,75.79,65558748,2024-12-13T20:50:31Z,False,606320.00,,75.78,75.79,,L,4,475,57031668014364,,,
2589,PLTR,75.8099,65547367,2024-12-13T20:50:31Z,False,196271.8311,,75.79,75.80,,L,13,350,57031236599738,,,
1353,PLTR,75.8099,65548720,2024-12-13T20:50:31Z,False,102570.7947,,75.79,75.80,,L,13,350,57031236927750,,,
3330,PLTR,75.811,65541173,2024-12-13T20:50:31Z,False,252450.630,,75.81,75.83,,L,1393,777,57031127120331,,,
3870,PLTR,75.811,65537043,2024-12-13T20:50:31Z,False,293388.570,,75.81,75.83,,L,1393,777,57031126696593,,,
2500,PLTR,75.8256,65527118,2024-12-13T20:50:29Z,False,189564.0000,,75.81,75.83,,L,1262,578,57029712948969,,,
1600,PLTR,75.8101,65521818,2024-12-13T20:50:28Z,False,121296.1600,,75.81,75.82,,L,1,478,57028803971655,,,
5742,PLTR,75.81,65515332,2024-12-13T20:50:28Z,False,435301.02,,75.79,75.80,,L,73,192,57028265120504,,,
2592,PLTR,75.8099,65501906,2024-12-13T20:50:28Z,False,196499.2608,,75.80,75.81,,L,520,200,57028092060834,,,
2800,PLTR,75.8099,65499066,2024-12-13T20:50:28Z,False,212267.7200,,75.80,75.81,,L,520,200,57028091339208,,,
2800,PLTR,75.81,65496266,2024-12-13T20:50:28Z,False,212268.00,,75.80,75.81,,L,520,200,57028090651082,,,
2000,PLTR,75.7999,65485284,2024-12-13T20:50:27Z,False,151599.8000,,75.79,75.80,,L,488,117,57027931019017,,,
1500,PLTR,75.81,65481304,2024-12-13T20:50:27Z,False,113715.00,,75.79,75.80,,L,475,117,57027725497599,,,
2200,PLTR,75.81,65466774,2024-12-13T20:50:26Z,False,166782.00,,75.79,75.80,,L,2471,484,57026826343242,,,
3100,PLTR,75.7701,65450914,2024-12-13T20:50:25Z,False,234887.3100,,75.77,75.78,,L,754,788,57025965548841,,,
5565,PLTR,75.76,65442695,2024-12-13T20:50:25Z,False,421604.40,,75.75,75.77,,L,960,314,57025458885968,,,
1800,PLTR,75.76,65434219,2024-12-13T20:50:25Z,False,136368.00,,75.75,75.77,,L,960,314,57025455127596,,,
1800,PLTR,75.7599,65436021,2024-12-13T20:50:25Z,False,136367.8200,,75.75,75.77,,L,960,314,57025456039336,,,
5665,PLTR,75.76,65430613,2024-12-13T20:50:25Z,False,429180.40,,75.75,75.76,,L,625,660,57025269083914,,,
9900,PLTR,75.76,65416544,2024-12-13T20:50:23Z,False,750024.00,,75.74,75.75,,L,200,150,57023640203767,,,
3337,PLTR,75.759,65404444,2024-12-13T20:50:23Z,False,252807.783,,75.74,75.75,,L,200,150,57023637498952,,,
2200,PLTR,75.76,65406644,2024-12-13T20:50:23Z,False,166672.00,,75.74,75.75,,L,200,150,57023637770561,,,
1800,PLTR,75.69,65331203,2024-12-13T20:50:19Z,False,136242.00,,75.68,75.69,,L,300,1001,57019374747451,,,
3400,PLTR,75.6999,65312919,2024-12-13T20:50:16Z,False,257379.6600,,75.69,75.70,,L,500,213,57016822350254,,,
1500,PLTR,75.7189,65307150,2024-12-13T20:50:16Z,False,113578.3500,,75.71,75.72,,L,956,1,57016668245690,,,
2000,PLTR,75.7075,65298430,2024-12-13T20:50:15Z,False,151415.0000,,75.70,75.71,,L,465,600,57015649534386,,,
1476,PLTR,75.70,65284283,2024-12-13T20:50:14Z,False,111733.20,,75.68,75.69,,L,224,400,57014784814835,,,
7873,PLTR,75.67,65279485,2024-12-13T20:50:14Z,False,595749.91,,75.65,75.66,,L,35,625,57014742463673,,,
2500,PLTR,75.67,65266535,2024-12-13T20:50:14Z,False,189175.00,,75.64,75.65,,L,284,654,57014673712874,,,
2500,PLTR,75.64,65262193,2024-12-13T20:50:14Z,False,189100.00,,75.63,75.64,,L,374,772,57014377194724,,,
4195,PLTR,75.6398,65258470,2024-12-13T20:50:14Z,False,317308.9610,,75.63,75.64,,L,1752,316,57014366318352,,,
5000,PLTR,75.6201,65246905,2024-12-13T20:50:13Z,False,378100.5000,,75.62,75.63,,L,484,615,57013565488025,,,
1500,PLTR,75.6199,65239336,2024-12-13T20:50:12Z,False,113429.8500,,75.60,75.62,,L,61,475,57012498708591,,,
2500,PLTR,75.6101,65235222,2024-12-13T20:50:12Z,False,189025.2500,,75.60,75.62,,L,282,475,57012028989990,,,
1540,PLTR,75.5928,65211523,2024-12-13T20:50:09Z,False,116412.9120,,75.59,75.60,,L,7358,418,57009524110479,,,
2000,PLTR,75.595,65200850,2024-12-13T20:50:08Z,False,151190.000,,75.59,75.60,,L,7205,303,57008291761298,,,
1500,PLTR,75.5799,65176698,2024-12-13T20:50:04Z,False,113369.8500,,75.58,75.59,,L,300,80,57004645258393,,,
4253,PLTR,75.53,65119597,2024-12-13T20:49:51Z,False,321229.09,,75.53,75.54,,L,919,113,56991611486494,,,
5000,PLTR,75.5395,65114011,2024-12-13T20:49:50Z,False,377697.5000,,75.53,75.54,,L,919,113,56990798965720,,,
1794,PLTR,75.54,65103662,2024-12-13T20:49:49Z,False,135518.76,,75.52,75.54,,L,1169,186,56989392570457,,,
1400,PLTR,75.5399,65070980,2024-12-13T20:49:38Z,False,105755.8600,,75.53,75.54,,L,410,292,56978232659533,,,
1644,PLTR,75.5396,65059561,2024-12-13T20:49:36Z,False,124187.1024,,75.53,75.54,,L,614,87,56976076306090,,,
15000,PLTR,75.54,65044280,2024-12-13T20:49:35Z,False,1133100.00,,75.54,75.55,,L,867,200,56975114644942,,,
2867,PLTR,75.55,65025911,2024-12-13T20:49:33Z,False,216601.85,,75.54,75.55,,L,406,300,56973974195918,,,
2133,PLTR,75.55,65023044,2024-12-13T20:49:33Z,False,161148.15,,75.54,75.55,,L,406,300,56973973898892,,,
1865,PLTR,75.545,65019556,2024-12-13T20:49:33Z,False,140891.425,,75.54,75.55,,L,481,300,56973760301083,,,
1555,PLTR,75.55,64991657,2024-12-13T20:49:32Z,False,117480.25,,75.52,75.53,,L,228,361,56972634740143,,,
2000,PLTR,75.4995,64924430,2024-12-13T20:49:31Z,False,150999.0000,,75.49,75.50,,L,28277,225,56971615520473,,,
2500,PLTR,75.4997,64921269,2024-12-13T20:49:31Z,False,188749.2500,,75.49,75.50,,L,28277,125,56971009790174,,,
4000,PLTR,75.4599,64879328,2024-12-13T20:49:28Z,False,301839.6000,,75.45,75.46,,L,866,499,56968632223908,,,
8000,PLTR,75.4501,64859566,2024-12-13T20:49:22Z,False,603600.8000,,75.45,75.46,,L,200,472,56962570630710,,,
