size,ticker,price,volume,executed_at,canceled,premium,sale_cond_codes,nbbo_ask,nbbo_bid,ext_hour_sold_codes,market_center,nbbo_ask_quantity,nbbo_bid_quantity,tracking_id,trade_code,trade_settlement,trf_executed_at
327,WING,381,989383,2025-06-11T20:00:53Z,False,124587,prior_reference_price,384,380.20,extended_hours_trade,L,25,5,57653651775426,,,
445,WING,381,988537,2025-06-11T20:00:09Z,False,169545,,384,380.20,extended_hours_trade,L,25,5,57609823339625,,,
759,WING,381,987884,2025-06-11T20:00:09Z,False,289179,,384,380.20,extended_hours_trade,L,25,5,57609734245737,,,
800,WING,381,987097,2025-06-11T20:00:09Z,False,304800,,384,380.20,extended_hours_trade,L,25,5,57609673078337,,,
290,WING,381,986060,2025-06-11T20:00:09Z,False,110490,,384,380.20,extended_hours_trade,L,25,5,57609602715241,,,
1500,WING,381,985770,2025-06-11T20:00:09Z,False,571500,average_price_trade,384,380.20,extended_hours_trade,L,25,5,57609457804709,,,
1217,WING,381,984270,2025-06-11T20:00:03Z,False,463677,,384,380.20,extended_hours_trade,L,25,5,57603464249332,,,
500,WING,381.015,873228,2025-06-11T19:58:55Z,False,190507.500,,381.29,381.17,,L,46,36,57535110094099,,,
400,WING,381,856686,2025-06-11T19:57:45Z,False,152400,,381.24,381,,L,43,1135,57465275706267,,,
400,WING,381.04,856186,2025-06-11T19:57:45Z,False,152416.00,,381.24,381,,L,43,1135,57465270771325,,,
500,WING,381.13,851724,2025-06-11T19:57:10Z,False,190565.00,,381.20,380.84,,L,102,358,57430267041875,,,
500,WING,381.975,823525,2025-06-11T19:52:48Z,False,190987.500,,382.35,382.18,,L,5,1,57168710086415,,,
500,WING,381.975,821435,2025-06-11T19:52:46Z,False,190987.500,,382.18,382,,L,16,57,57166788627412,,,
500,WING,381.975,820135,2025-06-11T19:52:44Z,False,190987.500,,382.18,382,,L,16,57,57164467265896,,,
1000,WING,381.975,819635,2025-06-11T19:52:43Z,False,381975.000,,382.18,382,,L,16,57,57163385595595,,,
500,WING,381.975,818572,2025-06-11T19:52:34Z,False,190987.500,,382.18,382,,L,20,1,57154768735473,,,
400,WING,382.215,811875,2025-06-11T19:51:03Z,False,152886.000,,382.18,382.03,,L,20,12,57063320754652,,,
500,WING,381.885,808974,2025-06-11T19:50:47Z,False,190942.500,,382.18,381.48,,L,20,8,57047131795414,,,
500,WING,381.855,808309,2025-06-11T19:50:45Z,False,190927.500,,382.18,381.48,,L,20,1,57045177400316,,,
500,WING,381.46,796553,2025-06-11T19:50:18Z,False,190730.00,,381.63,381.21,,L,12,832,57018326897166,,,
500,WING,381.46,795953,2025-06-11T19:50:18Z,False,190730.00,,381.63,381.21,,L,12,832,57018313132521,,,
400,WING,381.66,795300,2025-06-11T19:50:18Z,False,152664.00,,381.63,381.21,,L,12,832,57018310731219,,,
500,WING,381.445,794211,2025-06-11T19:50:10Z,False,190722.500,,381.63,381.21,,L,11,513,57010156504017,,,
400,WING,381.445,791435,2025-06-11T19:49:12Z,False,152578.000,,381.53,381.21,,L,27,200,56952078299048,,,
400,WING,381.815,783192,2025-06-11T19:48:11Z,False,152726.000,,382.07,381.80,,L,18,10,56891176678949,,,
300,WING,380.635,775279,2025-06-11T19:45:31Z,False,114190.500,,380.91,380.60,,L,210,4,56731220664578,,,
300,WING,380.56,774365,2025-06-11T19:45:26Z,False,114168.00,,380.76,380.60,,L,100,4,56726008624516,,,
500,WING,380.635,773399,2025-06-11T19:45:14Z,False,190317.500,,380.91,380.59,,L,200,4,56714657057765,,,
400,WING,380.73,772899,2025-06-11T19:45:14Z,False,152292.00,,380.91,380.59,,L,200,4,56714655206409,,,
500,WING,380.53,770058,2025-06-11T19:45:11Z,False,190265.00,,380.70,380.42,,L,198,2,56711229191058,,,
500,WING,380.53,769358,2025-06-11T19:45:10Z,False,190265.00,,380.70,380.42,,L,198,2,56710961611565,,,
500,WING,380.53,768035,2025-06-11T19:45:07Z,False,190265.00,,380.70,380.53,,L,198,2,56707425064791,,,
1000,WING,380.635,766912,2025-06-11T19:45:04Z,False,380635.000,,380.88,380.45,,L,20,2,56704626080531,,,
500,WING,380.635,765912,2025-06-11T19:45:03Z,False,190317.500,,380.88,380.42,,L,20,1,56703376788525,,,
500,WING,380.49,761310,2025-06-11T19:44:46Z,False,190245.00,,380.62,380.52,,L,243,9,56686196707030,,,
500,WING,380.53,760353,2025-06-11T19:44:45Z,False,190265.00,,380.70,380.52,,L,100,9,56685044341090,,,
1000,WING,380.53,759701,2025-06-11T19:44:44Z,False,380530.00,,380.70,380.52,,L,100,9,56684719338137,,,
500,WING,380.53,758701,2025-06-11T19:44:44Z,False,190265.00,,380.70,380.52,,L,100,9,56684654726465,,,
500,WING,380.605,757100,2025-06-11T19:44:38Z,False,190302.500,,380.88,380.52,,L,20,11,56678081193692,,,
500,WING,380.49,755139,2025-06-11T19:44:35Z,False,190245.00,,380.69,380.52,,L,136,10,56675447327530,,,
1000,WING,380.605,754042,2025-06-11T19:44:32Z,False,380605.000,,380.88,380.52,,L,20,9,56672208864239,,,
500,WING,380.485,750235,2025-06-11T19:44:04Z,False,190242.500,,380.74,380.45,,L,100,9,56644521343189,,,
1000,WING,380.485,749735,2025-06-11T19:44:04Z,False,380485.000,,380.74,380.45,,L,100,9,56644348163439,,,
500,WING,380.485,748735,2025-06-11T19:44:03Z,False,190242.500,,380.74,380.45,,L,100,9,56643455161720,,,
500,WING,380.575,748232,2025-06-11T19:44:01Z,False,190287.500,,380.88,380.45,,L,20,9,56641654520707,,,
1000,WING,380.37,745868,2025-06-11T19:43:52Z,False,380370.00,,380.64,380.45,,L,101,9,56632904167018,,,
500,WING,380.37,744868,2025-06-11T19:43:52Z,False,190185.00,,380.64,380.45,,L,101,9,56632446648181,,,
400,WING,380.37,743968,2025-06-11T19:43:51Z,False,152148.00,,380.64,380.45,,L,100,9,56631277046977,,,
500,WING,380.37,743394,2025-06-11T19:43:50Z,False,190185.00,,380.64,380.45,,L,100,9,56630453973507,,,
1000,WING,380.385,741815,2025-06-11T19:43:43Z,False,380385.000,,380.67,380.27,,L,101,9,56623339887411,,,
500,WING,380.385,740815,2025-06-11T19:43:40Z,False,190192.500,,380.67,380.22,,L,101,5,56620882066574,,,
500,WING,380.385,740315,2025-06-11T19:43:40Z,False,190192.500,,380.67,380.22,,L,101,5,56620868529251,,,
1000,WING,381.07,732875,2025-06-11T19:41:37Z,False,381070.00,,381.27,380.89,,L,100,20,56497916771982,,,
1000,WING,380.87,725849,2025-06-11T19:40:30Z,False,380870.00,,381.06,380.68,,L,107,552,56430317978111,,,
1000,WING,380.85,720900,2025-06-11T19:39:58Z,False,380850.00,,381.32,380.68,,L,3,551,56398675903930,,,
400,WING,380.84,718082,2025-06-11T19:39:41Z,False,152336.00,,381.07,380.68,,L,100,310,56381925265479,,,
400,WING,380.875,717582,2025-06-11T19:39:41Z,False,152350.000,,381.07,380.68,,L,100,310,56381919904291,,,
500,WING,380.955,716715,2025-06-11T19:39:36Z,False,190477.500,,381.37,380.68,,L,236,9,56376963900571,,,
500,WING,380.955,715714,2025-06-11T19:39:33Z,False,190477.500,,381.37,380.68,,L,241,9,56373443822233,,,
500,WING,380.945,714691,2025-06-11T19:39:29Z,False,190472.500,,381.37,380.68,,L,241,9,56369592739830,,,
500,WING,380.945,713538,2025-06-11T19:39:20Z,False,190472.500,,381.37,380.68,,L,236,7,56360633384061,,,
500,WING,380.54,709491,2025-06-11T19:38:22Z,False,190270.00,,380.84,380.26,,L,2,54,56302958778780,,,
500,WING,380.54,708908,2025-06-11T19:38:22Z,False,190270.00,,380.84,380.26,,L,2,54,56302944912671,,,
500,WING,380.54,708385,2025-06-11T19:38:22Z,False,190270.00,,380.84,380.26,,L,2,54,56302927100147,,,
500,WING,380.54,707838,2025-06-11T19:38:19Z,False,190270.00,,380.84,380.26,,L,2,54,56299974828849,,,
500,WING,380.54,707130,2025-06-11T19:37:43Z,False,190270.00,,380.82,380.52,,L,2,5,56263239885939,,,
500,WING,380.54,706517,2025-06-11T19:37:29Z,False,190270.00,,380.75,380.26,,L,1,3,56249386423560,,,
500,WING,380.54,704768,2025-06-11T19:36:17Z,False,190270.00,,380.75,380.26,,L,1,1,56177110105594,,,
400,WING,380.9117,703686,2025-06-11T19:35:44Z,False,152364.6800,average_price_trade,380.54,380.26,,L,56,1,56144611158774,derivative_priced,,
500,WING,380.855,701315,2025-06-11T19:33:58Z,False,190427.500,,380.98,380.70,,L,5,1,56038484126686,,,
300,WING,380.50,700047,2025-06-11T19:33:14Z,False,114150.00,,381.10,380.72,,L,5,2,55994155278399,,,
500,WING,381.22,689269,2025-06-11T19:25:29Z,False,190610.00,,381.34,380.88,,L,1,303,55529756848608,,,
524,WING,381.25,686562,2025-06-11T19:22:25Z,False,199775.00,,381.36,380.89,,L,7,18,55345516482547,,,
350,WING,381.3303,685691,2025-06-11T19:21:48Z,False,133465.6050,,381.36,380.89,,L,9,4,55308037214472,,,
300,WING,381.36,685241,2025-06-11T19:21:47Z,False,114408.00,,381.36,380.89,,L,9,4,55307937595186,,,
400,WING,380.68,682656,2025-06-11T19:18:48Z,False,152272.00,,381.19,380.67,,L,15,222,55128832843226,,,
500,WING,381.055,681366,2025-06-11T19:17:44Z,False,190527.500,,381.22,380.62,,L,1,5,55064530567003,,,
300,WING,380.7015,677626,2025-06-11T19:13:40Z,False,114210.4500,,381.43,380.79,,L,7,4,54820004466023,,,
400,WING,380.675,673722,2025-06-11T19:11:53Z,False,152270.000,,381.22,380.64,,L,114,28,54713638413240,,,
1000,WING,380.835,672534,2025-06-11T19:11:47Z,False,380835.000,,381.22,380.64,,L,110,27,54707177889511,,,
1000,WING,380.835,670683,2025-06-11T19:11:36Z,False,380835.000,,381.22,380.64,,L,110,27,54696932307910,,,
500,WING,380.62,667056,2025-06-11T19:09:27Z,False,190310.00,,380.99,380.44,,L,213,25,54567669329269,,,
500,WING,381.235,660294,2025-06-11T19:07:25Z,False,190617.500,,381.50,381.12,,L,324,11,54445593225240,,,
500,WING,381.235,659794,2025-06-11T19:07:25Z,False,190617.500,,381.50,381.12,,L,324,11,54445567969486,,,
300,WING,381.20,655715,2025-06-11T19:03:10Z,False,114360.00,,381.79,381.37,,L,6,20,54190717823602,,,
400,WING,381.25,655265,2025-06-11T19:03:10Z,False,152500.00,,381.79,381.37,,L,6,20,54190715097938,,,
500,WING,381.955,651482,2025-06-11T18:57:33Z,False,190977.500,,382.09,381.74,,L,3,6,53853436274013,,,
400,WING,382.39,648447,2025-06-11T18:54:17Z,False,152956.00,,382.93,382.36,,L,1,143,53657675341335,,,
500,WING,382.025,639504,2025-06-11T18:44:50Z,False,191012.500,,382.55,381.91,,L,75,1,53090503939036,,,
500,WING,382.025,639004,2025-06-11T18:44:50Z,False,191012.500,,382.19,381.63,,L,1,11,53090448506282,,,
500,WING,381.85,638211,2025-06-11T18:44:50Z,False,190925.00,,381.91,381.63,,L,3,11,53090434731849,,,
400,WING,381.835,636498,2025-06-11T18:43:52Z,False,152734.000,,382,381.51,,L,102,46,53032532275550,,,
500,WING,381.88,632819,2025-06-11T18:39:34Z,False,190940.00,,382.07,381.68,,L,1,28,52774360944557,,,
500,WING,381.76,631524,2025-06-11T18:36:56Z,False,190880.00,,382.10,381.62,,L,1,2,52616301315953,,,
500,WING,381.265,626653,2025-06-11T18:31:53Z,False,190632.500,,381.57,380.96,,L,210,214,52313125669599,,,
300,WING,381.165,625338,2025-06-11T18:31:44Z,False,114349.500,,381.38,380.95,,L,1,4,52304846731336,,,
500,WING,380.875,622705,2025-06-11T18:27:49Z,False,190437.500,,381.04,380.58,,L,5,1,52069003249952,,,
400,WING,380.875,621800,2025-06-11T18:27:39Z,False,152350.000,,381.04,380.58,,L,7,1,52059531183950,,,
1000,WING,379.40,613874,2025-06-11T18:20:52Z,False,379400.00,,379.68,379.26,,L,20,33,51652887901800,,,
500,WING,379.28,606885,2025-06-11T18:20:20Z,False,189640.00,,379.66,379.09,,L,6,20,51620326905253,,,
500,WING,379.28,606325,2025-06-11T18:20:20Z,False,189640.00,,379.66,379.09,,L,6,20,51620297643189,,,
500,WING,379.225,604581,2025-06-11T18:18:07Z,False,189612.500,,379.66,378.89,,L,1,31,51487059703010,,,
500,WING,379.225,604047,2025-06-11T18:18:02Z,False,189612.500,,379.66,378.89,,L,1,31,51482100359228,,,
500,WING,379.195,603446,2025-06-11T18:17:27Z,False,189597.500,,379.66,378.87,,L,2,1,51447824568073,,,
500,WING,377.76,591358,2025-06-11T18:05:09Z,False,188880.00,,377.99,377.50,,L,11,30,50709118551179,,,
500,WING,377.71,590666,2025-06-11T18:04:49Z,False,188855.00,,378.21,377.44,,L,3,42,50689085516024,,,
1000,WING,378.86,574717,2025-06-11T17:54:47Z,False,378860.00,,379,378.86,,L,2,31,50087137562803,,,
1000,WING,379.005,571775,2025-06-11T17:53:02Z,False,379005.000,,379.62,378.86,,L,28,14,49982254547561,,,
500,WING,378.665,569902,2025-06-11T17:52:36Z,False,189332.500,,379.65,378.97,,L,65,12,49956373074307,,,
500,WING,378.665,569402,2025-06-11T17:52:36Z,False,189332.500,,379.65,378.97,,L,76,12,49956338934360,,,
800,WING,378.665,568902,2025-06-11T17:52:36Z,False,302932.000,,379.65,378.97,,L,76,12,49956326375712,,,
500,WING,378.94,568009,2025-06-11T17:52:36Z,False,189470.00,,380.12,379.33,,L,20,25,49956292907510,,,
500,WING,378.94,567501,2025-06-11T17:52:36Z,False,189470.00,,379.74,379.53,,L,1,1,49956280352521,,,
800,WING,378.94,566962,2025-06-11T17:52:36Z,False,303152.00,,379.74,379.53,,L,1,1,49956272890610,,,
900,WING,379.40,565936,2025-06-11T17:52:36Z,False,341460.00,,379.74,379.53,,L,1,1,49956265687649,,,
500,WING,379.60,561668,2025-06-11T17:52:02Z,False,189800.00,,379.78,379.23,,L,20,2,49922899160613,,,
500,WING,379.645,561097,2025-06-11T17:52:02Z,False,189822.500,,379.63,379.34,,L,7,7,49922835273167,,,
3749,WING,379.66,551034,2025-06-11T17:38:55Z,False,1423345.34,,380,379.55,,L,5,34,49135105643549,,,
400,WING,378.73,545191,2025-06-11T17:33:02Z,False,151492.00,,379.16,378.77,,L,51,14,48782141576505,,,
400,WING,378.545,542346,2025-06-11T17:30:43Z,False,151418.000,,378.82,378.14,,L,5,23,48643730697101,,,
500,WING,378.11,540865,2025-06-11T17:30:35Z,False,189055.00,,378.49,377.75,,L,113,10,48635173332479,,,
500,WING,378.11,540365,2025-06-11T17:30:35Z,False,189055.00,,378.49,377.75,,L,113,10,48635113237918,,,
800,WING,378.11,539865,2025-06-11T17:30:35Z,False,302488.00,,378.49,377.75,,L,113,10,48635106832148,,,
500,WING,378.11,539065,2025-06-11T17:30:35Z,False,189055.00,,378.31,377.75,,L,7,10,48635084748198,,,
500,WING,378.11,538565,2025-06-11T17:30:35Z,False,189055.00,,378.31,377.75,,L,7,10,48635073823026,,,
500,WING,378.11,538065,2025-06-11T17:30:35Z,False,189055.00,,378.31,377.75,,L,7,10,48635067378627,,,
500,WING,377.995,536063,2025-06-11T17:30:35Z,False,188997.500,,378.31,377.75,,L,7,10,48635060149647,,,
35000,WING,379,527757,2025-06-11T17:24:05Z,False,13265000,,379.49,379.10,,L,16,25,48245596289823,,,
500,WING,379.60,489369,2025-06-11T17:18:39Z,False,189800.00,,379.77,379.41,,L,1,11,47919729291186,,,
1000,WING,381.09,478118,2025-06-11T17:04:32Z,False,381090.00,,381.67,380.80,,L,5,42,47072273125169,,,
400,WING,381.07,468867,2025-06-11T17:02:54Z,False,152428.00,,381.28,380.83,,L,5,11,46974560575104,,,
400,WING,381.07,467659,2025-06-11T17:02:54Z,False,152428.00,,381.60,381.25,,L,100,5,46974549198584,,,
1000,WING,381.195,466758,2025-06-11T17:02:54Z,False,381195.000,,381.60,381.25,,L,100,5,46974369402954,,,
300,WING,381.12,465754,2025-06-11T17:02:53Z,False,114336.00,,381.60,381.25,,L,100,5,46973321134052,,,
400,WING,381.195,464451,2025-06-11T17:02:51Z,False,152478.000,,381.60,381.25,,L,100,5,46971906758347,,,
1000,WING,381.265,463544,2025-06-11T17:02:50Z,False,381265.000,,381.67,381.25,,L,5,5,46970584590042,,,
300,WING,381.265,461936,2025-06-11T17:02:49Z,False,114379.500,,381.67,381.25,,L,5,5,46969012522688,,,
300,WING,381.265,461436,2025-06-11T17:02:48Z,False,114379.500,,381.67,381.25,,L,5,5,46968802158085,,,
300,WING,381.265,460936,2025-06-11T17:02:47Z,False,114379.500,,381.67,381.25,,L,5,5,46967638599859,,,
500,WING,381.145,458787,2025-06-11T17:02:43Z,False,190572.500,,381.67,381.25,,L,5,5,46963775979567,,,
1000,WING,381.145,458287,2025-06-11T17:02:43Z,False,381145.000,,381.67,381.25,,L,5,5,46963701688531,,,
500,WING,381.145,457248,2025-06-11T17:02:42Z,False,190572.500,,381.67,381.25,,L,5,5,46962951189110,,,
300,WING,381.14,454219,2025-06-11T17:02:26Z,False,114342.00,,381.50,381.02,,L,100,35,46946831742288,,,
1000,WING,381.14,453719,2025-06-11T17:02:26Z,False,381140.00,,381.50,381.02,,L,100,35,46946031587781,,,
500,WING,381.26,452511,2025-06-11T17:02:08Z,False,190630.00,,381.50,381.02,,L,6,35,46928799153852,,,
500,WING,381.26,452009,2025-06-11T17:02:08Z,False,190630.00,,381.50,381.02,,L,6,35,46928695559310,,,
500,WING,381.26,451499,2025-06-11T17:02:01Z,False,190630.00,,381.50,381.02,,L,6,35,46921155569620,,,
300,WING,381.22,447042,2025-06-11T16:59:03Z,False,114366.00,,381.74,381,,L,11,125,46743496667155,,,
400,WING,381.385,446407,2025-06-11T16:59:02Z,False,152554.000,,381.73,381.07,,L,118,50,46742579805682,,,
500,WING,381.365,445288,2025-06-11T16:59:01Z,False,190682.500,,381.73,381.07,,L,118,50,46741762623998,,,
400,WING,381.015,435466,2025-06-11T16:48:46Z,False,152406.000,,381.30,380.85,,L,4,14,46126957810020,,,
500,WING,381.015,434247,2025-06-11T16:48:43Z,False,190507.500,,381.30,380.85,,L,4,14,46123975001799,,,
500,WING,381.015,433667,2025-06-11T16:48:43Z,False,190507.500,,381.30,380.85,,L,4,14,46123618985291,,,
500,WING,381.015,433167,2025-06-11T16:48:43Z,False,190507.500,,381.30,380.85,,L,4,14,46123459316701,,,
1000,WING,381.015,432667,2025-06-11T16:48:43Z,False,381015.000,,381.30,380.85,,L,4,14,46123450059997,,,
500,WING,381.055,429553,2025-06-11T16:44:55Z,False,190527.500,,381.28,380.99,,L,10,1,45895969561177,,,
400,WING,381.622,424523,2025-06-11T16:36:03Z,False,152648.800,average_price_trade,381.70,381.05,,L,1,53,45363530333781,derivative_priced,,
500,WING,381.52,419061,2025-06-11T16:34:27Z,False,190760.00,,381.85,381.22,,L,10,1,45267673634155,,,
500,WING,381.52,418561,2025-06-11T16:34:27Z,False,190760.00,,381.85,381.22,,L,10,1,45267664906878,,,
500,WING,381.655,417814,2025-06-11T16:34:27Z,False,190827.500,,381.85,381.22,,L,10,1,45267659296687,,,
300,WING,381.36,415214,2025-06-11T16:34:19Z,False,114408.00,,381.98,381.44,,L,17,26,45259976256835,,,
400,WING,381.68,414543,2025-06-11T16:34:18Z,False,152672.00,,382.08,381.44,,L,8,12,45258365982298,,,
400,WING,382.46,411075,2025-06-11T16:32:12Z,False,152984.00,,382.91,382.56,,L,33,25,45132253979256,,,
3049,WING,382.88,408784,2025-06-11T16:30:46Z,False,1167401.12,,383.13,382.56,,L,2,51,45046477237746,,,
279,WING,382.88,405735,2025-06-11T16:30:46Z,False,106823.52,,383.13,382.56,,L,2,51,45046476896270,,,
300,WING,383.11,388172,2025-06-11T16:15:26Z,False,114933.00,,383.64,383.27,,L,11,4,44126494326237,,,
500,WING,383.255,376884,2025-06-11T16:15:02Z,False,191627.500,,383.40,382.97,,L,6,4,44102193273905,,,
400,WING,382.625,369565,2025-06-11T16:14:41Z,False,153050.000,,382.85,382.21,,L,50,2,44081818596622,,,
291,WING,382.204,366067,2025-06-11T16:14:28Z,False,111221.364,average_price_trade,382.14,382.07,,L,100,8,44068424700097,derivative_priced,,
300,WING,382,365022,2025-06-11T16:14:22Z,False,114600,,382.29,381.97,,L,200,9,44062322693038,,,
1000,WING,382.005,363368,2025-06-11T16:14:10Z,False,382005.000,,382.10,381.97,,L,7,9,44050273367761,,,
1000,WING,382.03,359780,2025-06-11T16:14:00Z,False,382030.00,,382.29,381.97,,L,100,23,44040630179343,,,
1000,WING,382.03,356313,2025-06-11T16:13:42Z,False,382030.00,,382.20,382.03,,L,9,1,44022827196732,,,
1000,WING,382.17,354857,2025-06-11T16:13:36Z,False,382170.00,,382.30,382.09,,L,4,1,44016909356791,,,
1000,WING,382.17,353857,2025-06-11T16:13:35Z,False,382170.00,,382.30,382.09,,L,4,1,44015943905681,,,
1000,WING,382.105,350959,2025-06-11T16:13:30Z,False,382105.000,,382.40,382.03,,L,13,18,44010047863913,,,
500,WING,382.07,349702,2025-06-11T16:13:22Z,False,191035.00,,382.54,382.40,,L,9,3,44002558304821,,,
500,WING,382.24,349197,2025-06-11T16:13:22Z,False,191120.00,,382.54,382.40,,L,9,3,44002548866668,,,
400,WING,382.425,348262,2025-06-11T16:13:22Z,False,152970.000,,382.54,382.40,,L,9,3,44002544748227,,,
1000,WING,382.435,347637,2025-06-11T16:13:20Z,False,382435.000,,382.69,382.03,,L,10,3,44000190774458,,,
500,WING,382.185,346100,2025-06-11T16:12:56Z,False,191092.500,,382.53,381.97,,L,21,15,43976519496405,,,
500,WING,382.75,342525,2025-06-11T16:09:32Z,False,191375.00,,383.01,382.54,,L,10,3,43772299163726,,,
500,WING,383.105,338004,2025-06-11T16:04:53Z,False,191552.500,,383.41,383.07,,L,14,3,43493627841008,,,
500,WING,382.81,329365,2025-06-11T15:54:38Z,False,191405.00,,383.16,382.86,,L,200,14,42878128342086,,,
500,WING,382.78,328605,2025-06-11T15:54:29Z,False,191390.00,,383.06,382.66,,L,12,13,42869246668534,,,
500,WING,382.505,326916,2025-06-11T15:51:29Z,False,191252.500,,382.86,382.29,,L,12,13,42689013400681,,,
700,WING,382.265,319977,2025-06-11T15:44:45Z,False,267585.500,,382.86,382.23,,L,20,6,42285542337967,,,
500,WING,382.265,317420,2025-06-11T15:44:09Z,False,191132.500,,382.63,382.23,,L,4,8,42249338009706,,,
1000,WING,382.66,315457,2025-06-11T15:44:05Z,False,382660.00,,383.21,382.61,,L,1,5,42245635936909,,,
1000,WING,382.735,313023,2025-06-11T15:43:58Z,False,382735.000,,383.21,382.65,,L,1,11,42238187374335,,,
1000,WING,382.715,309516,2025-06-11T15:43:41Z,False,382715.000,,383.21,382.61,,L,1,17,42221552377552,,,
1000,WING,382.765,304931,2025-06-11T15:43:07Z,False,382765.000,,383,382.86,,L,12,1,42187622772765,,,
1000,WING,382.765,303749,2025-06-11T15:43:06Z,False,382765.000,,383.21,382.93,,L,1,17,42186349303161,,,
400,WING,382.94,300229,2025-06-11T15:42:57Z,False,153176.00,,383.20,382.86,,L,17,11,42177680136692,,,
500,WING,382.94,300729,2025-06-11T15:42:57Z,False,191470.00,,383.20,382.86,,L,17,11,42177680235269,,,
1000,WING,382.69,290495,2025-06-11T15:41:50Z,False,382690.00,,382.90,382.72,,L,19,1,42110539085897,,,
1000,WING,382.765,288450,2025-06-11T15:41:47Z,False,382765.000,,383,382.83,,L,100,2,42107573155402,,,
1000,WING,382.755,286590,2025-06-11T15:41:43Z,False,382755.000,,383.10,382.83,,L,100,2,42103871282312,,,
1000,WING,382.86,285384,2025-06-11T15:41:40Z,False,382860.00,,383.20,382.83,,L,17,2,42100044742132,,,
1000,WING,383.235,280400,2025-06-11T15:41:21Z,False,383235.000,,383.60,383.31,,L,2,9,42081889181775,,,
500,WING,383.235,279399,2025-06-11T15:41:17Z,False,191617.500,,383.50,383.31,,L,13,9,42077603715685,,,
400,WING,383.235,278462,2025-06-11T15:41:17Z,False,153294.000,,383.50,383.31,,L,13,9,42077602197742,,,
1000,WING,383.575,271004,2025-06-11T15:39:52Z,False,383575.000,,383.80,383.44,,L,100,9,41992242723195,,,
500,WING,383.785,261067,2025-06-11T15:39:08Z,False,191892.500,,383.84,383.72,,L,15,9,41948533088757,,,
500,WING,383.795,256964,2025-06-11T15:38:01Z,False,191897.500,,384.19,383.75,,L,21,8,41881535454057,,,
500,WING,383.795,256141,2025-06-11T15:37:29Z,False,191897.500,,384.02,383.42,,L,11,21,41849016636829,,,
500,WING,383.96,252221,2025-06-11T15:33:30Z,False,191980.00,,384.29,383.97,,L,1,24,41610246891001,,,
911,WING,383.9302,244676,2025-06-11T15:23:37Z,False,349760.4122,,383.70,383.10,,L,23,104,41017958228181,,,
300,WING,382.78,235464,2025-06-11T15:17:49Z,False,114834.00,,382.95,382.35,,L,11,96,40669780300800,,,
1996,WING,382.78,234584,2025-06-11T15:17:49Z,False,764028.88,,382.95,382.35,,L,11,96,40669765615546,,,
300,WING,382.78,232360,2025-06-11T15:17:45Z,False,114834.00,,382.95,382.35,,L,11,96,40665468376922,,,
400,WING,384.29,213921,2025-06-11T15:01:40Z,False,153716.00,,384.72,384.32,,L,1,4,39700202657767,,,
300,WING,385.2276,207809,2025-06-11T14:54:47Z,False,115568.2800,,384.38,384.14,,L,2,4,39287327394797,,,
1229,WING,384.2395,203699,2025-06-11T14:49:35Z,False,472230.3455,,384.29,383.99,,L,1,15,38975876077281,,,
617,WING,384.2395,202470,2025-06-11T14:49:35Z,False,237075.7715,,384.29,383.99,,L,1,15,38975875719783,,,
271,WING,384.6314,201304,2025-06-11T14:49:27Z,False,104235.1094,average_price_trade,385.19,384.16,,L,8,42,38967238791459,,,
1000,WING,385.19,185002,2025-06-11T14:40:05Z,False,385190.00,,385.48,385.18,,L,193,8,38405835644743,,,
1000,WING,385.18,182889,2025-06-11T14:40:02Z,False,385180.00,,385.88,385.18,,L,101,8,38402051163788,,,
1000,WING,385.18,181793,2025-06-11T14:40:00Z,False,385180.00,,385.88,385.18,,L,101,29,38400908962560,,,
1000,WING,385.21,178208,2025-06-11T14:39:58Z,False,385210.00,,385.88,384.99,,L,100,1,38398780795626,,,
1000,WING,385.26,175003,2025-06-11T14:39:54Z,False,385260.00,,385.88,385.18,,L,100,1,38394825593317,,,
1000,WING,385.26,173999,2025-06-11T14:39:53Z,False,385260.00,,385.88,385.18,,L,100,1,38393940954842,,,
1000,WING,385.43,172999,2025-06-11T14:39:52Z,False,385430.00,,385.88,385.50,,L,100,2,38392313389934,,,
1000,WING,385.43,169266,2025-06-11T14:39:43Z,False,385430.00,,385.88,385.26,,L,100,10,38383188254149,,,
1000,WING,385.135,163927,2025-06-11T14:39:19Z,False,385135.000,,385.89,385.40,,L,101,5,38359046633039,,,
400,WING,385.135,162927,2025-06-11T14:39:19Z,False,154054.000,,385.89,385.40,,L,101,5,38359044728417,,,
1000,WING,385.305,162176,2025-06-11T14:39:17Z,False,385305.000,,385.89,385.40,,L,101,7,38357073031763,,,
1000,WING,385.135,160117,2025-06-11T14:39:14Z,False,385135.000,,385.89,385.40,,L,101,6,38354350511043,,,
1000,WING,385.305,157512,2025-06-11T14:39:11Z,False,385305.000,,385.89,385.21,,L,101,28,38351367762126,,,
1000,WING,385.305,155358,2025-06-11T14:39:03Z,False,385305.000,,385.89,385.21,,L,101,28,38343993137089,,,
300,WING,385.25,153073,2025-06-11T14:38:24Z,False,115575.00,,385.89,384.93,,L,101,5,38304448786202,,,
400,WING,385.805,151555,2025-06-11T14:38:00Z,False,154322.000,,386.86,386,,L,3,4,38280005780278,,,
500,WING,385.695,150864,2025-06-11T14:37:22Z,False,192847.500,,386.86,386,,L,2,2,38242872059124,,,
800,WING,385.445,150339,2025-06-11T14:37:22Z,False,308356.000,,385.48,384.40,,L,10,62,38242857148415,,,
500,WING,385.17,147251,2025-06-11T14:35:46Z,False,192585.00,,386.11,384.99,,L,2,1,38146424159314,,,
300,WING,383.9631,144633,2025-06-11T14:33:57Z,False,115188.9300,,384.78,384,,L,1,41,38037325084852,,,
500,WING,385.535,141594,2025-06-11T14:32:34Z,False,192767.500,,385.73,384.83,,L,101,1,37954039802517,,,
1500,WING,385.31,139971,2025-06-11T14:31:58Z,False,577965.00,,385.84,384.80,,L,1,7,37918958193996,,,
500,WING,385.31,138471,2025-06-11T14:31:58Z,False,192655.00,,385.84,384.80,,L,1,7,37918874242315,,,
400,WING,385.47,135144,2025-06-11T14:30:23Z,False,154188.00,,385.55,384.41,,L,7,10,37823398326210,,,
800,WING,385.46,133274,2025-06-11T14:30:22Z,False,308368.00,,385.55,384.41,,L,7,15,37822848610037,,,
5500,WING,385.46,132474,2025-06-11T14:30:22Z,False,2120030.00,,385.55,384.41,,L,7,15,37822846817791,,,
800,WING,385.46,126972,2025-06-11T14:30:22Z,False,308368.00,,385.55,384.41,,L,7,15,37822832741314,,,
21400,WING,385.46,124222,2025-06-11T14:30:22Z,False,8248844.00,,385.55,384.41,,L,7,15,37822827425112,,,
1800,WING,385.46,126022,2025-06-11T14:30:22Z,False,693828.00,,385.55,384.41,,L,7,15,37822827744516,,,
400,WING,385.46,101888,2025-06-11T14:30:22Z,False,154184.00,,385.55,384.41,,L,7,15,37822717983610,,,
400,WING,385.46,101488,2025-06-11T14:30:22Z,False,154184.00,,385.55,384.41,,L,7,15,37822714281060,,,
800,WING,385.46,101088,2025-06-11T14:30:22Z,False,308368.00,,385.55,384.41,,L,7,15,37822713294193,,,
300,WING,385.36,100096,2025-06-11T14:30:22Z,False,115608.00,,385.55,384.41,,L,7,15,37822704550662,,,
540,WING,386.5186,95291,2025-06-11T14:25:53Z,False,208720.0440,,385.58,384.41,,L,3,50,37553425307120,,,
1000,WING,384.11,84385,2025-06-11T14:21:30Z,False,384110.00,,384.55,384.09,,L,8,49,37290799494678,,,
1000,WING,384.185,83385,2025-06-11T14:21:29Z,False,384185.000,,385.30,383.75,,L,2,2,37289530170403,,,
1000,WING,384.185,81777,2025-06-11T14:21:28Z,False,384185.000,,385.30,384.27,,L,2,2,37288542081304,,,
1000,WING,384.195,79198,2025-06-11T14:21:21Z,False,384195.000,,385.29,384.38,,L,2,8,37281746964430,,,
1000,WING,384.34,73341,2025-06-11T14:20:49Z,False,384340.00,,384.85,384.45,,L,100,20,37249618539733,,,
1000,WING,384.645,69385,2025-06-11T14:20:15Z,False,384645.000,,385.01,384.72,,L,200,2,37215485522959,,,
1000,WING,384.645,68043,2025-06-11T14:20:12Z,False,384645.000,,385.01,384.72,,L,200,4,37212972249510,,,
500,WING,384.83,64833,2025-06-11T14:20:06Z,False,192415.00,,385.10,384.62,,L,233,1,37206365933164,,,
500,WING,384.67,62778,2025-06-11T14:20:06Z,False,192335.00,,385.10,384.62,,L,233,1,37206113397032,,,
1000,WING,384.72,60693,2025-06-11T14:19:51Z,False,384720.00,,385.10,384.62,,L,233,1,37191943209119,,,
500,WING,384.555,58513,2025-06-11T14:19:16Z,False,192277.500,,385.10,384.69,,L,106,9,37156030010900,,,
300,WING,384.38,56649,2025-06-11T14:19:12Z,False,115314.00,,384.68,384.39,,L,1,1,37152839532548,,,
1000,WING,384.685,54299,2025-06-11T14:18:54Z,False,384685.000,,385.33,384.60,,L,2,1,37134819002038,,,
500,WING,384.685,52969,2025-06-11T14:18:42Z,False,192342.500,,385.36,384.69,,L,137,2,37122559516208,,,
500,WING,384.75,52009,2025-06-11T14:18:03Z,False,192375.00,,385.49,384.60,,L,4,1,37083213183881,,,
500,WING,384.88,50911,2025-06-11T14:16:43Z,False,192440.00,,385.58,384.60,,L,2,1,37003701347980,,,
500,WING,384.88,50169,2025-06-11T14:16:41Z,False,192440.00,,385.58,384.60,,L,2,1,37001618959986,,,
500,WING,384.88,49293,2025-06-11T14:16:22Z,False,192440.00,,385.58,384.52,,L,2,28,36982932137447,,,
400,WING,384.88,48474,2025-06-11T14:16:00Z,False,153952.00,,385.58,384.01,,L,14,127,36960871382062,,,
300,WING,384.73,47816,2025-06-11T14:14:07Z,False,115419.00,,385.58,384.01,,L,2,102,36847730946585,,,
300,WING,385,46539,2025-06-11T14:12:29Z,False,115500,,385.61,385.08,,L,24,2,36749171299105,,,
310,WING,385.50,39531,2025-06-11T14:03:24Z,False,119505.00,,386.99,385.38,,L,3,1,36204567790496,,,
413,WING,386.34,38411,2025-06-11T14:02:24Z,False,159558.42,,387.49,385.45,,L,2,12,36144901999949,,,
400,WING,387.08,35199,2025-06-11T14:00:30Z,False,154832.00,,387.32,386.28,,L,2,172,36030332390858,,,
261,WING,386.54,21781,2025-06-11T13:46:17Z,False,100886.94,,388,386.70,,L,133,2,35177827729799,,,
1195,WING,386.755,20445,2025-06-11T13:45:17Z,False,462172.225,,387.96,386.70,,L,3,2,35117069385597,,,
300,WING,386.64,17607,2025-06-11T13:43:35Z,False,115992.00,,387,384.69,,L,46,25,35015917222569,,,
500,WING,384.69,16098,2025-06-11T13:40:03Z,False,192345.00,,386,383.61,,L,26,52,34803657099788,,,
310,WING,384.71,12940,2025-06-11T13:36:46Z,False,119260.10,,385,383,,L,125,1,34606427429604,,,
2121,WING,383.035,7739,2025-06-11T13:30:13Z,False,812417.235,,385,381.60,,L,225,22,34213535132399,,,
